date,state,critical_staffing_shortage_anticipated_within_week_yes,critical_staffing_shortage_anticipated_within_week_no,critical_staffing_shortage_anticipated_within_week_not_reported
2023-04-10,AK,1,14,2
2023-04-09,AK,1,17,2
2023-04-08,AK,1,18,2
2023-04-07,AK,1,18,2
2023-04-06,AK,1,18,2
2023-04-05,AK,1,18,2
2023-04-04,AK,1,19,2
2023-04-03,AK,1,19,2
2023-04-02,AK,1,19,2
2023-04-01,AK,1,19,2
2023-03-31,AK,1,19,2
2023-03-30,AK,1,19,2
2023-03-29,AK,1,19,2
2023-03-28,AK,1,19,2
2023-03-27,AK,1,19,2
2023-03-26,AK,1,19,2
2023-03-25,AK,1,19,2
2023-03-24,AK,1,19,2
2023-03-23,AK,1,19,2
2023-03-22,AK,1,19,2
2023-03-21,AK,1,19,2
2023-03-20,AK,1,19,2
2023-03-19,AK,1,19,2
2023-03-18,AK,1,19,2
2023-03-17,AK,1,19,2
2023-03-16,AK,1,19,2
2023-03-15,AK,1,19,2
2023-03-14,AK,1,19,2
2023-03-13,AK,1,19,2
2023-03-12,AK,1,19,2
2023-03-11,AK,1,19,2
2023-03-10,AK,1,19,2
2023-03-09,AK,1,19,2
2023-03-08,AK,1,19,2
2023-03-07,AK,1,19,2
2023-03-06,AK,1,19,2
2023-03-05,AK,1,19,2
2023-03-04,AK,1,19,2
2023-03-03,AK,1,19,2
2023-03-02,AK,1,19,2
2023-03-01,AK,1,19,2
2023-02-28,AK,1,19,2
2023-02-27,AK,1,19,2
2023-02-26,AK,1,18,3
2023-02-25,AK,1,19,2
2023-02-24,AK,1,19,2
2023-02-23,AK,1,19,2
2023-02-22,AK,1,19,2
2023-02-21,AK,1,19,2
2023-02-20,AK,1,19,2
2023-02-19,AK,1,19,2
2023-02-18,AK,1,19,2
2023-02-17,AK,1,19,2
2023-02-16,AK,1,19,2
2023-02-15,AK,1,19,2
2023-02-14,AK,1,19,2
2023-02-13,AK,1,19,2
2023-02-12,AK,1,19,2
2023-02-11,AK,1,19,2
2023-02-10,AK,1,19,2
2023-02-09,AK,1,19,2
2023-02-08,AK,1,19,2
2023-02-07,AK,1,19,2
2023-02-06,AK,1,19,2
2023-02-05,AK,1,19,2
2023-02-04,AK,1,19,2
2023-02-03,AK,1,19,2
2023-02-02,AK,1,19,2
2023-02-01,AK,1,19,2
2023-01-31,AK,1,19,2
2023-01-30,AK,1,19,2
2023-01-29,AK,1,19,2
2023-01-28,AK,1,19,2
2023-01-27,AK,1,19,2
2023-01-26,AK,1,19,2
2023-01-25,AK,1,19,2
2023-01-24,AK,1,19,2
2023-01-23,AK,1,19,2
2023-01-22,AK,1,19,2
2023-01-21,AK,1,19,2
2023-01-20,AK,1,19,2
2023-01-19,AK,1,19,2
2023-01-18,AK,1,19,2
2023-01-17,AK,1,19,2
2023-01-16,AK,1,19,2
2023-01-15,AK,1,19,2
2023-01-14,AK,1,19,2
2023-01-13,AK,1,19,2
2023-01-12,AK,1,19,2
2023-01-11,AK,1,19,2
2023-01-10,AK,1,19,2
2023-01-09,AK,1,19,2
2023-01-08,AK,1,19,2
2023-01-07,AK,1,19,2
2023-01-06,AK,1,19,2
2023-01-05,AK,1,19,2
2023-01-04,AK,1,19,2
2023-01-03,AK,1,19,2
2023-01-02,AK,1,19,2
2023-01-01,AK,1,19,2
2022-12-31,AK,1,19,2
2022-12-30,AK,1,19,2
2022-12-29,AK,1,19,2
2022-12-28,AK,1,19,2
2022-12-27,AK,1,19,2
2022-12-26,AK,1,19,2
2022-12-25,AK,1,19,2
2022-12-24,AK,1,19,2
2022-12-23,AK,1,19,2
2022-12-22,AK,1,19,2
2022-12-21,AK,1,19,2
2022-12-20,AK,1,19,2
2022-12-19,AK,1,19,2
2022-12-18,AK,1,19,2
2022-12-17,AK,1,19,2
2022-12-16,AK,1,19,2
2022-12-15,AK,1,19,2
2022-12-14,AK,1,19,2
2022-12-13,AK,1,19,2
2022-12-12,AK,1,19,2
2022-12-11,AK,1,20,2
2022-12-10,AK,1,20,2
2022-12-09,AK,1,20,2
2022-12-08,AK,1,20,2
2022-12-07,AK,1,20,2
2022-12-06,AK,1,19,2
2022-12-05,AK,1,19,2
2022-12-04,AK,1,20,2
2022-12-03,AK,1,20,2
2022-12-02,AK,1,20,2
2022-12-01,AK,1,20,2
2022-11-30,AK,1,20,2
2022-11-29,AK,1,19,2
2022-11-28,AK,1,19,2
2022-11-27,AK,1,20,2
2022-11-26,AK,1,20,2
2022-11-25,AK,1,20,2
2022-11-24,AK,1,20,2
2022-11-23,AK,1,20,2
2022-11-22,AK,1,19,2
2022-11-21,AK,1,19,2
2022-11-20,AK,1,20,2
2022-11-19,AK,1,20,2
2022-11-18,AK,1,20,2
2022-11-17,AK,1,20,2
2022-11-16,AK,1,20,2
2022-11-15,AK,1,19,2
2022-11-14,AK,1,20,2
2022-11-13,AK,1,20,2
2022-11-12,AK,1,20,2
2022-11-11,AK,1,20,2
2022-11-10,AK,1,20,2
2022-11-09,AK,1,20,1
2022-11-08,AK,1,19,2
2022-11-07,AK,1,19,2
2022-11-06,AK,1,20,2
2022-11-05,AK,1,20,2
2022-11-04,AK,1,20,2
2022-11-03,AK,1,20,2
2022-11-02,AK,1,20,2
2022-11-01,AK,1,19,2
2022-10-31,AK,1,19,2
2022-10-30,AK,1,19,2
2022-10-29,AK,1,19,2
2022-10-28,AK,1,19,2
2022-10-27,AK,1,19,2
2022-10-26,AK,1,19,2
2022-10-25,AK,1,19,2
2022-10-24,AK,1,19,2
2022-10-23,AK,1,19,2
2022-10-22,AK,1,19,2
2022-10-21,AK,1,19,2
2022-10-20,AK,1,19,2
2022-10-19,AK,1,19,2
2022-10-18,AK,1,19,2
2022-10-17,AK,1,19,2
2022-10-16,AK,1,19,2
2022-10-15,AK,1,19,2
2022-10-14,AK,2,18,2
2022-10-13,AK,1,19,2
2022-10-12,AK,1,19,2
2022-10-11,AK,2,18,2
2022-10-10,AK,2,18,2
2022-10-09,AK,2,19,2
2022-10-08,AK,2,19,2
2022-10-07,AK,2,19,2
2022-10-06,AK,2,19,2
2022-10-05,AK,2,19,2
2022-10-04,AK,2,18,2
2022-10-03,AK,2,18,2
2022-10-02,AK,2,19,2
2022-10-01,AK,2,19,2
2022-09-30,AK,2,20,1
2022-09-29,AK,2,19,2
2022-09-28,AK,2,19,2
2022-09-27,AK,2,18,2
2022-09-26,AK,2,18,2
2022-09-25,AK,2,19,2
2022-09-24,AK,2,19,2
2022-09-23,AK,2,19,2
2022-09-22,AK,2,19,2
2022-09-21,AK,2,19,2
2022-09-20,AK,1,19,2
2022-09-19,AK,2,18,2
2022-09-18,AK,3,18,2
2022-09-17,AK,2,19,2
2022-09-16,AK,1,20,2
2022-09-15,AK,1,20,2
2022-09-14,AK,1,20,2
2022-09-13,AK,1,19,2
2022-09-12,AK,2,18,2
2022-09-11,AK,2,19,2
2022-09-10,AK,2,19,2
2022-09-09,AK,2,19,2
2022-09-08,AK,3,18,2
2022-09-07,AK,2,19,2
2022-09-06,AK,2,18,2
2022-09-05,AK,3,17,2
2022-09-04,AK,3,18,2
2022-09-03,AK,3,18,2
2022-09-02,AK,2,19,2
2022-09-01,AK,2,19,2
2022-08-31,AK,2,19,2
2022-08-30,AK,2,18,2
2022-08-29,AK,3,17,2
2022-08-28,AK,3,19,2
2022-08-27,AK,2,20,2
2022-08-26,AK,2,20,2
2022-08-25,AK,3,19,2
2022-08-24,AK,3,19,2
2022-08-23,AK,3,17,2
2022-08-22,AK,2,18,2
2022-08-21,AK,3,19,2
2022-08-20,AK,3,19,2
2022-08-19,AK,5,17,2
2022-08-18,AK,5,17,2
2022-08-17,AK,5,17,2
2022-08-16,AK,4,16,2
2022-08-15,AK,4,16,2
2022-08-14,AK,5,17,2
2022-08-13,AK,5,17,2
2022-08-12,AK,4,18,2
2022-08-11,AK,4,18,2
2022-08-10,AK,4,18,2
2022-08-09,AK,3,17,2
2022-08-08,AK,3,18,2
2022-08-07,AK,3,19,2
2022-08-06,AK,3,19,2
2022-08-05,AK,3,19,2
2022-08-04,AK,2,20,2
2022-08-03,AK,2,19,2
2022-08-02,AK,2,18,2
2022-08-01,AK,2,18,2
2022-07-31,AK,3,20,1
2022-07-30,AK,3,20,1
2022-07-29,AK,4,18,2
2022-07-28,AK,3,19,2
2022-07-27,AK,3,19,2
2022-07-26,AK,4,16,2
2022-07-25,AK,4,16,2
2022-07-24,AK,4,18,2
2022-07-23,AK,4,18,2
2022-07-22,AK,4,18,2
2022-07-21,AK,3,19,2
2022-07-20,AK,4,19,1
2022-07-19,AK,4,16,2
2022-07-18,AK,3,17,2
2022-07-17,AK,3,19,2
2022-07-16,AK,3,19,2
2022-07-15,AK,3,19,2
2022-07-14,AK,3,19,2
2022-07-13,AK,3,20,1
2022-07-12,AK,3,17,2
2022-07-11,AK,2,18,2
2022-07-10,AK,2,20,2
2022-07-09,AK,2,20,2
2022-07-08,AK,2,20,2
2022-07-07,AK,3,19,2
2022-07-06,AK,3,19,2
2022-07-05,AK,2,18,2
2022-07-04,AK,2,18,2
2022-07-03,AK,2,21,1
2022-07-02,AK,2,20,2
2022-07-01,AK,2,20,2
2022-06-30,AK,2,20,2
2022-06-29,AK,3,19,2
2022-06-28,AK,3,17,2
2022-06-27,AK,4,16,2
2022-06-26,AK,4,18,2
2022-06-25,AK,4,18,2
2022-06-24,AK,4,18,2
2022-06-23,AK,4,18,2
2022-06-22,AK,4,19,1
2022-06-21,AK,3,17,2
2022-06-20,AK,4,16,2
2022-06-19,AK,4,18,2
2022-06-18,AK,4,18,2
2022-06-17,AK,3,19,2
2022-06-16,AK,3,19,2
2022-06-15,AK,3,19,2
2022-06-14,AK,2,18,2
2022-06-13,AK,3,17,2
2022-06-12,AK,4,18,2
2022-06-11,AK,3,19,2
2022-06-10,AK,4,18,2
2022-06-09,AK,3,19,2
2022-06-08,AK,3,19,2
2022-06-07,AK,3,17,2
2022-06-06,AK,3,17,2
2022-06-05,AK,3,19,2
2022-06-04,AK,2,20,2
2022-06-03,AK,3,19,2
2022-06-02,AK,3,19,2
2022-06-01,AK,3,19,2
2022-05-31,AK,3,17,2
2022-05-30,AK,3,17,2
2022-05-29,AK,3,19,2
2022-05-28,AK,3,19,2
2022-05-27,AK,3,19,2
2022-05-26,AK,2,20,2
2022-05-25,AK,3,19,2
2022-05-24,AK,3,17,2
2022-05-23,AK,3,17,2
2022-05-22,AK,3,19,2
2022-05-21,AK,3,19,2
2022-05-20,AK,2,20,2
2022-05-19,AK,4,18,2
2022-05-18,AK,4,18,2
2022-05-17,AK,3,17,2
2022-05-16,AK,3,17,2
2022-05-15,AK,4,19,1
2022-05-14,AK,4,19,1
2022-05-13,AK,4,18,2
2022-05-12,AK,3,20,1
2022-05-11,AK,4,18,2
2022-05-10,AK,4,16,2
2022-05-09,AK,4,16,2
2022-05-08,AK,3,19,2
2022-05-07,AK,3,19,2
2022-05-06,AK,3,19,2
2022-05-05,AK,3,19,2
2022-05-04,AK,3,19,2
2022-05-03,AK,2,18,2
2022-05-02,AK,2,18,2
2022-05-01,AK,2,20,2
2022-04-30,AK,2,20,2
2022-04-29,AK,2,20,2
2022-04-28,AK,2,20,2
2022-04-27,AK,2,20,2
2022-04-26,AK,2,18,2
2022-04-25,AK,2,18,2
2022-04-24,AK,2,20,2
2022-04-23,AK,2,20,2
2022-04-22,AK,2,20,2
2022-04-21,AK,3,19,2
2022-04-20,AK,3,19,2
2022-04-19,AK,3,17,2
2022-04-18,AK,3,17,2
2022-04-17,AK,3,19,2
2022-04-16,AK,2,20,2
2022-04-15,AK,2,20,2
2022-04-14,AK,3,19,2
2022-04-13,AK,4,18,2
2022-04-12,AK,4,16,2
2022-04-11,AK,5,15,2
2022-04-10,AK,5,17,2
2022-04-09,AK,5,17,2
2022-04-08,AK,5,17,2
2022-04-07,AK,4,18,2
2022-04-06,AK,4,18,2
2022-04-05,AK,3,17,2
2022-04-04,AK,3,18,2
2022-04-03,AK,3,19,2
2022-04-02,AK,3,19,2
2022-04-01,AK,3,19,2
2022-03-31,AK,3,19,2
2022-03-30,AK,4,17,2
2022-03-29,AK,4,16,2
2022-03-28,AK,3,17,2
2022-03-27,AK,4,18,2
2022-03-26,AK,4,18,2
2022-03-25,AK,4,18,2
2022-03-24,AK,5,17,2
2022-03-23,AK,5,17,2
2022-03-22,AK,5,15,2
2022-03-21,AK,5,16,2
2022-03-20,AK,5,17,2
2022-03-19,AK,5,17,2
2022-03-18,AK,2,20,2
2022-03-17,AK,5,17,2
2022-03-16,AK,4,17,2
2022-03-15,AK,4,16,2
2022-03-14,AK,3,17,2
2022-03-13,AK,4,18,2
2022-03-12,AK,4,18,2
2022-03-11,AK,5,17,2
2022-03-10,AK,3,19,2
2022-03-09,AK,3,19,2
2022-03-08,AK,4,16,2
2022-03-07,AK,3,17,2
2022-03-06,AK,3,19,2
2022-03-05,AK,3,19,2
2022-03-04,AK,3,19,2
2022-03-03,AK,3,19,2
2022-03-02,AK,2,20,2
2022-03-01,AK,3,17,2
2022-02-28,AK,3,17,2
2022-02-27,AK,3,19,2
2022-02-26,AK,3,19,2
2022-02-25,AK,3,19,2
2022-02-24,AK,3,19,2
2022-02-23,AK,3,19,2
2022-02-22,AK,4,16,2
2022-02-21,AK,4,16,2
2022-02-20,AK,4,18,2
2022-02-19,AK,4,18,2
2022-02-18,AK,5,17,2
2022-02-17,AK,5,17,2
2022-02-16,AK,4,18,2
2022-02-15,AK,5,15,2
2022-02-14,AK,5,15,2
2022-02-13,AK,5,17,2
2022-02-12,AK,5,17,2
2022-02-11,AK,5,17,2
2022-02-10,AK,5,17,2
2022-02-09,AK,6,16,2
2022-02-08,AK,6,14,2
2022-02-07,AK,5,15,2
2022-02-06,AK,6,16,2
2022-02-05,AK,6,16,2
2022-02-04,AK,6,16,2
2022-02-03,AK,6,16,2
2022-02-02,AK,6,16,2
2022-02-01,AK,6,14,2
2022-01-31,AK,6,14,2
2022-01-30,AK,6,15,2
2022-01-29,AK,6,16,2
2022-01-28,AK,6,16,2
2022-01-27,AK,6,16,2
2022-01-26,AK,6,16,2
2022-01-25,AK,6,15,2
2022-01-24,AK,6,14,2
2022-01-23,AK,5,17,2
2022-01-22,AK,5,17,2
2022-01-21,AK,5,17,2
2022-01-20,AK,5,17,2
2022-01-19,AK,5,17,2
2022-01-18,AK,4,16,2
2022-01-17,AK,4,16,2
2022-01-16,AK,3,19,2
2022-01-15,AK,3,19,2
2022-01-14,AK,4,18,2
2022-01-13,AK,3,19,2
2022-01-12,AK,3,19,2
2022-01-11,AK,3,17,2
2022-01-10,AK,2,20,1
2022-01-09,AK,3,20,1
2022-01-08,AK,2,21,1
2022-01-07,AK,2,21,1
2022-01-06,AK,1,22,1
2022-01-05,AK,1,22,1
2022-01-04,AK,1,20,1
2022-01-03,AK,2,19,1
2022-01-02,AK,1,22,1
2022-01-01,AK,2,21,1
2021-12-31,AK,2,21,1
2021-12-30,AK,2,21,1
2021-12-29,AK,2,21,1
2021-12-28,AK,2,19,1
2021-12-27,AK,1,20,1
2021-12-26,AK,1,22,1
2021-12-25,AK,1,22,1
2021-12-24,AK,1,22,1
2021-12-23,AK,1,22,1
2021-12-22,AK,1,22,1
2021-12-21,AK,1,20,1
2021-12-20,AK,1,20,1
2021-12-19,AK,1,22,1
2021-12-18,AK,1,22,1
2021-12-17,AK,1,22,1
2021-12-16,AK,1,22,1
2021-12-15,AK,2,21,1
2021-12-14,AK,1,20,1
2021-12-13,AK,1,20,1
2021-12-12,AK,1,22,1
2021-12-11,AK,1,22,1
2021-12-10,AK,1,22,1
2021-12-09,AK,1,22,1
2021-12-08,AK,1,22,1
2021-12-07,AK,1,20,1
2021-12-06,AK,1,20,1
2021-12-05,AK,1,22,1
2021-12-04,AK,1,22,1
2021-12-03,AK,1,22,1
2021-12-02,AK,1,22,1
2021-12-01,AK,2,21,1
2021-11-30,AK,1,20,1
2021-11-29,AK,1,20,1
2021-11-28,AK,1,22,1
2021-11-27,AK,1,22,1
2021-11-26,AK,1,22,1
2021-11-25,AK,1,22,1
2021-11-24,AK,1,22,1
2021-11-23,AK,1,20,1
2021-11-22,AK,1,20,1
2021-11-21,AK,1,22,1
2021-11-20,AK,1,22,1
2021-11-19,AK,0,23,1
2021-11-18,AK,0,23,1
2021-11-17,AK,0,23,1
2021-11-16,AK,0,21,1
2021-11-15,AK,0,21,1
2021-11-14,AK,1,22,1
2021-11-13,AK,5,18,1
2021-11-12,AK,5,18,1
2021-11-11,AK,5,18,1
2021-11-10,AK,7,16,1
2021-11-09,AK,6,15,1
2021-11-08,AK,6,15,1
2021-11-07,AK,5,18,1
2021-11-06,AK,7,16,1
2021-11-05,AK,6,17,1
2021-11-04,AK,7,16,1
2021-11-03,AK,6,17,1
2021-11-02,AK,6,15,1
2021-11-01,AK,6,15,1
2021-10-31,AK,6,17,1
2021-10-30,AK,8,15,1
2021-10-29,AK,7,16,1
2021-10-28,AK,8,15,1
2021-10-27,AK,8,15,1
2021-10-26,AK,8,13,1
2021-10-25,AK,8,13,1
2021-10-24,AK,7,16,1
2021-10-23,AK,8,15,1
2021-10-22,AK,8,15,1
2021-10-21,AK,7,16,1
2021-10-20,AK,7,16,1
2021-10-19,AK,8,13,1
2021-10-18,AK,8,13,1
2021-10-17,AK,7,16,1
2021-10-16,AK,8,15,1
2021-10-15,AK,8,15,1
2021-10-14,AK,9,14,1
2021-10-13,AK,9,14,1
2021-10-12,AK,8,13,1
2021-10-11,AK,7,14,1
2021-10-10,AK,7,16,1
2021-10-09,AK,7,16,1
2021-10-08,AK,8,15,1
2021-10-07,AK,7,16,1
2021-10-06,AK,9,14,1
2021-10-05,AK,7,14,1
2021-10-04,AK,9,12,1
2021-10-03,AK,8,15,1
2021-10-02,AK,8,15,1
2021-10-01,AK,8,15,1
2021-09-30,AK,11,12,1
2021-09-29,AK,10,13,1
2021-09-28,AK,11,10,1
2021-09-27,AK,10,11,1
2021-09-26,AK,11,12,1
2021-09-25,AK,11,12,1
2021-09-24,AK,11,12,1
2021-09-23,AK,11,12,1
2021-09-22,AK,10,13,1
2021-09-21,AK,10,11,1
2021-09-20,AK,8,13,1
2021-09-19,AK,4,19,1
2021-09-18,AK,4,19,1
2021-09-17,AK,6,17,1
2021-09-16,AK,6,17,1
2021-09-15,AK,7,16,1
2021-09-14,AK,8,13,1
2021-09-13,AK,6,15,1
2021-09-12,AK,6,17,1
2021-09-11,AK,6,17,1
2021-09-10,AK,6,17,1
2021-09-09,AK,6,17,1
2021-09-08,AK,4,19,1
2021-09-07,AK,2,19,1
2021-09-06,AK,2,19,1
2021-09-05,AK,1,22,1
2021-09-04,AK,2,21,1
2021-09-03,AK,2,21,1
2021-09-02,AK,2,21,1
2021-09-01,AK,2,21,1
2021-08-31,AK,2,19,1
2021-08-30,AK,2,19,1
2021-08-29,AK,2,21,1
2021-08-28,AK,2,21,1
2021-08-27,AK,2,21,1
2021-08-26,AK,2,21,1
2021-08-25,AK,2,21,1
2021-08-24,AK,2,19,1
2021-08-23,AK,2,20,1
2021-08-22,AK,2,21,1
2021-08-21,AK,2,21,1
2021-08-20,AK,2,21,1
2021-08-19,AK,2,21,1
2021-08-18,AK,2,21,1
2021-08-17,AK,1,20,1
2021-08-16,AK,1,20,1
2021-08-15,AK,2,21,1
2021-08-14,AK,2,21,1
2021-08-13,AK,2,21,1
2021-08-12,AK,2,21,1
2021-08-11,AK,2,21,1
2021-08-10,AK,1,20,1
2021-08-09,AK,2,19,1
2021-08-08,AK,2,21,1
2021-08-07,AK,2,21,1
2021-08-06,AK,2,21,1
2021-08-05,AK,1,22,1
2021-08-04,AK,2,21,1
2021-08-03,AK,2,19,1
2021-08-02,AK,2,19,1
2021-08-01,AK,2,20,1
2021-07-31,AK,2,20,1
2021-07-30,AK,2,20,1
2021-07-29,AK,2,20,1
2021-07-28,AK,1,21,1
2021-07-27,AK,1,20,1
2021-07-26,AK,1,20,1
2021-07-25,AK,1,22,1
2021-07-24,AK,1,22,1
2021-07-23,AK,0,23,1
2021-07-22,AK,1,21,2
2021-07-21,AK,1,22,1
2021-07-20,AK,1,20,1
2021-07-19,AK,1,20,1
2021-07-18,AK,1,22,1
2021-07-17,AK,1,22,1
2021-07-16,AK,1,22,1
2021-07-15,AK,1,22,1
2021-07-14,AK,1,22,1
2021-07-13,AK,1,20,1
2021-07-12,AK,1,20,1
2021-07-11,AK,1,22,1
2021-07-10,AK,1,22,1
2021-07-09,AK,1,22,1
2021-07-08,AK,1,22,1
2021-07-07,AK,1,22,1
2021-07-06,AK,1,20,1
2021-07-05,AK,1,20,1
2021-07-04,AK,1,22,1
2021-07-03,AK,1,22,1
2021-07-02,AK,1,22,1
2021-07-01,AK,1,22,1
2021-06-30,AK,1,22,1
2021-06-29,AK,1,20,1
2021-06-28,AK,0,21,1
2021-06-27,AK,1,21,1
2021-06-26,AK,1,21,1
2021-06-25,AK,1,21,1
2021-06-24,AK,1,21,1
2021-06-23,AK,1,21,1
2021-06-22,AK,1,20,1
2021-06-21,AK,1,20,1
2021-06-20,AK,1,22,1
2021-06-19,AK,1,22,1
2021-06-18,AK,1,22,1
2021-06-17,AK,1,22,1
2021-06-16,AK,1,22,1
2021-06-15,AK,1,20,1
2021-06-14,AK,1,21,0
2021-06-13,AK,1,23,0
2021-06-12,AK,1,23,0
2021-06-11,AK,1,23,0
2021-06-10,AK,1,23,0
2021-06-09,AK,2,22,0
2021-06-08,AK,2,20,0
2021-06-07,AK,3,19,0
2021-06-06,AK,3,21,0
2021-06-05,AK,2,22,0
2021-06-04,AK,2,22,0
2021-06-03,AK,2,22,0
2021-06-02,AK,2,22,0
2021-06-01,AK,2,20,0
2021-05-31,AK,2,20,0
2021-05-30,AK,2,22,0
2021-05-29,AK,2,22,0
2021-05-28,AK,2,22,0
2021-05-27,AK,2,22,0
2021-05-26,AK,2,22,0
2021-05-25,AK,2,20,0
2021-05-24,AK,2,20,0
2021-05-23,AK,2,22,0
2021-05-22,AK,2,22,0
2021-05-21,AK,2,22,0
2021-05-20,AK,2,22,0
2021-05-19,AK,2,22,0
2021-05-18,AK,1,21,0
2021-05-17,AK,1,21,0
2021-05-16,AK,1,23,0
2021-05-15,AK,1,23,0
2021-05-14,AK,1,23,0
2021-05-13,AK,1,23,0
2021-05-12,AK,2,22,0
2021-05-11,AK,2,20,0
2021-05-10,AK,1,22,0
2021-05-09,AK,2,22,0
2021-05-08,AK,1,23,0
2021-05-07,AK,1,23,0
2021-05-06,AK,1,23,0
2021-05-05,AK,1,22,0
2021-05-04,AK,1,21,0
2021-05-03,AK,1,21,0
2021-05-02,AK,2,22,0
2021-05-01,AK,1,23,0
2021-04-30,AK,1,23,0
2021-04-29,AK,1,23,0
2021-04-28,AK,1,23,0
2021-04-27,AK,1,21,0
2021-04-26,AK,1,21,0
2021-04-25,AK,1,23,0
2021-04-24,AK,2,22,0
2021-04-23,AK,1,23,0
2021-04-22,AK,1,23,0
2021-04-21,AK,1,23,0
2021-04-20,AK,1,21,0
2021-04-19,AK,1,21,0
2021-04-18,AK,1,23,0
2021-04-17,AK,1,23,0
2021-04-16,AK,1,23,0
2021-04-15,AK,1,23,0
2021-04-14,AK,1,23,0
2021-04-13,AK,1,21,0
2021-04-12,AK,1,21,0
2021-04-11,AK,1,23,0
2021-04-10,AK,1,23,0
2021-04-09,AK,2,22,0
2021-04-08,AK,1,23,0
2021-04-07,AK,1,23,0
2021-04-06,AK,1,21,0
2021-04-05,AK,1,21,0
2021-04-04,AK,1,23,0
2021-04-03,AK,1,23,0
2021-04-02,AK,1,23,0
2021-04-01,AK,1,23,0
2021-03-31,AK,2,22,0
2021-03-30,AK,2,20,0
2021-03-29,AK,1,21,0
2021-03-28,AK,1,23,0
2021-03-27,AK,1,23,0
2021-03-26,AK,2,22,0
2021-03-25,AK,1,23,0
2021-03-24,AK,1,23,0
2021-03-23,AK,1,21,0
2021-03-22,AK,1,21,0
2021-03-21,AK,1,23,0
2021-03-20,AK,1,23,0
2021-03-19,AK,1,23,0
2021-03-18,AK,1,23,0
2021-03-17,AK,1,23,0
2021-03-16,AK,1,21,0
2021-03-15,AK,1,21,0
2021-03-14,AK,1,22,0
2021-03-13,AK,1,23,0
2021-03-12,AK,2,22,0
2021-03-11,AK,1,23,0
2021-03-10,AK,1,23,0
2021-03-09,AK,1,22,0
2021-03-08,AK,1,21,0
2021-03-07,AK,1,22,0
2021-03-06,AK,1,23,0
2021-03-05,AK,1,23,0
2021-03-04,AK,1,23,0
2021-03-03,AK,1,23,0
2021-03-02,AK,1,22,0
2021-03-01,AK,1,21,0
2021-02-28,AK,1,23,0
2021-02-27,AK,1,23,0
2021-02-26,AK,1,23,0
2021-02-25,AK,1,23,0
2021-02-24,AK,1,23,0
2021-02-23,AK,1,22,0
2021-02-22,AK,1,22,0
2021-02-21,AK,1,23,0
2021-02-20,AK,1,23,0
2021-02-19,AK,1,23,0
2021-02-18,AK,1,23,0
2021-02-17,AK,1,23,0
2021-02-16,AK,1,22,0
2021-02-15,AK,1,21,0
2021-02-14,AK,1,22,0
2021-02-13,AK,1,22,0
2021-02-12,AK,1,22,0
2021-02-11,AK,1,22,0
2021-02-10,AK,1,22,0
2021-02-09,AK,1,21,0
2021-02-08,AK,1,21,0
2021-02-07,AK,1,23,0
2021-02-06,AK,1,23,0
2021-02-05,AK,1,23,0
2021-02-04,AK,1,23,0
2021-02-03,AK,1,23,0
2021-02-02,AK,1,21,0
2021-02-01,AK,1,21,0
2021-01-31,AK,1,23,0
2021-01-30,AK,1,23,0
2021-01-29,AK,1,23,0
2021-01-28,AK,1,23,0
2021-01-27,AK,1,23,0
2021-01-26,AK,1,21,0
2021-01-25,AK,1,21,0
2021-01-24,AK,1,23,0
2021-01-23,AK,1,23,0
2021-01-22,AK,1,23,0
2021-01-21,AK,1,23,0
2021-01-20,AK,1,23,0
2021-01-19,AK,1,21,0
2021-01-18,AK,1,21,0
2021-01-17,AK,1,23,0
2021-01-16,AK,1,23,0
2021-01-15,AK,1,23,0
2021-01-14,AK,1,23,0
2021-01-13,AK,1,23,0
2021-01-12,AK,1,21,0
2021-01-11,AK,1,21,0
2021-01-10,AK,1,23,0
2021-01-09,AK,1,23,0
2021-01-08,AK,1,23,0
2021-01-07,AK,1,23,0
2021-01-06,AK,1,23,0
2021-01-05,AK,1,21,0
2021-01-04,AK,1,21,0
2021-01-03,AK,1,23,0
2021-01-02,AK,1,23,0
2021-01-01,AK,1,23,0
2020-12-31,AK,1,23,0
2020-12-30,AK,1,23,0
2020-12-29,AK,2,21,0
2020-12-28,AK,3,20,0
2020-12-27,AK,3,21,0
2020-12-26,AK,3,21,0
2020-12-25,AK,3,21,0
2020-12-24,AK,3,21,0
2020-12-23,AK,3,21,0
2020-12-22,AK,3,20,0
2020-12-21,AK,4,19,0
2020-12-20,AK,4,20,0
2020-12-19,AK,3,21,0
2020-12-18,AK,3,21,0
2020-12-17,AK,3,21,0
2020-12-16,AK,3,21,0
2020-12-15,AK,3,20,0
2020-12-14,AK,3,20,0
2020-12-13,AK,3,21,0
2020-12-12,AK,3,21,0
2020-12-11,AK,3,21,0
2020-12-10,AK,6,18,0
2020-12-09,AK,6,18,0
2020-12-08,AK,6,16,0
2020-12-07,AK,6,16,0
2020-12-06,AK,7,16,0
2020-12-05,AK,6,17,0
2020-12-04,AK,6,17,0
2020-12-03,AK,6,17,0
2020-12-02,AK,6,17,0
2020-12-01,AK,6,16,0
2020-11-30,AK,6,16,0
2020-11-29,AK,6,18,0
2020-11-28,AK,6,18,0
2020-11-27,AK,6,18,0
2020-11-26,AK,6,18,0
2020-11-25,AK,6,18,0
2020-11-24,AK,6,16,0
2020-11-23,AK,6,16,0
2020-11-22,AK,5,17,0
2020-11-21,AK,5,18,0
2020-11-20,AK,5,18,0
2020-11-19,AK,5,18,0
2020-11-18,AK,5,18,0
2020-11-17,AK,5,18,0
2020-11-16,AK,5,17,0
2020-11-15,AK,5,19,0
2020-11-14,AK,5,19,0
2020-11-13,AK,4,20,0
2020-11-12,AK,5,19,0
2020-11-11,AK,5,19,0
2020-11-10,AK,5,17,0
2020-11-09,AK,4,18,0
2020-11-08,AK,4,20,0
2020-11-07,AK,4,20,0
2020-11-06,AK,4,20,0
2020-11-05,AK,4,20,0
2020-11-04,AK,4,20,0
2020-11-03,AK,4,18,0
2020-11-02,AK,4,19,0
2020-11-01,AK,4,19,0
2020-10-31,AK,4,19,0
2020-10-30,AK,4,19,0
2020-10-29,AK,4,19,0
2020-10-28,AK,4,18,0
2020-10-27,AK,4,19,0
2020-10-26,AK,4,19,0
2020-10-25,AK,4,19,0
2020-10-24,AK,4,19,0
2020-10-23,AK,4,19,0
2020-10-22,AK,4,18,0
2020-10-21,AK,4,18,0
2020-10-20,AK,4,19,0
2020-10-19,AK,4,19,0
2020-10-18,AK,3,20,0
2020-10-17,AK,3,20,0
2020-10-16,AK,3,20,0
2020-10-15,AK,3,19,0
2020-10-14,AK,3,19,0
2020-10-13,AK,3,19,0
2020-10-12,AK,4,19,0
2020-10-11,AK,4,19,0
2020-10-10,AK,4,19,0
2020-10-09,AK,4,19,0
2020-10-08,AK,7,16,0
2020-10-07,AK,5,18,0
2020-10-06,AK,4,18,1
2020-10-05,AK,3,19,1
2020-10-04,AK,3,18,2
2020-10-03,AK,3,18,2
2020-10-02,AK,3,18,2
2020-10-01,AK,4,17,2
2020-09-30,AK,4,17,2
2020-09-29,AK,4,17,2
2020-09-28,AK,4,17,2
2020-09-27,AK,4,17,2
2020-09-26,AK,3,18,4
2020-09-25,AK,3,18,4
2020-09-24,AK,3,18,4
2020-09-23,AK,3,17,4
2020-09-22,AK,3,17,4
2020-09-21,AK,4,14,6
2020-09-20,AK,4,13,7
2020-09-19,AK,3,14,7
2020-09-18,AK,4,14,6
2020-09-17,AK,4,14,6
2020-09-16,AK,4,14,6
2020-09-15,AK,3,15,6
2020-09-14,AK,3,15,6
2020-09-13,AK,3,14,7
2020-09-12,AK,3,13,8
2020-09-11,AK,3,14,7
2020-09-10,AK,3,15,6
2020-09-09,AK,3,14,7
2020-09-08,AK,3,14,7
2020-09-07,AK,3,13,8
2020-09-06,AK,3,13,8
2020-09-05,AK,3,13,8
2020-09-04,AK,2,13,10
2020-09-03,AK,2,13,10
2020-09-02,AK,2,13,10
2020-09-01,AK,2,13,10
2020-08-31,AK,1,13,11
2020-08-30,AK,2,13,9
2020-08-29,AK,2,12,10
2020-08-28,AK,1,9,15
2020-08-27,AK,1,8,16
2020-08-26,AK,1,8,16
2020-08-25,AK,1,9,15
2020-08-24,AK,0,9,16
2020-08-23,AK,1,8,15
2020-08-22,AK,1,8,15
2020-08-21,AK,1,8,17
2020-08-20,AK,1,9,16
2020-08-19,AK,2,7,17
2020-08-18,AK,2,7,17
2020-08-17,AK,1,8,17
2020-08-16,AK,2,8,14
2020-08-15,AK,2,8,14
2020-08-14,AK,2,7,16
2020-08-13,AK,2,7,16
2020-08-12,AK,2,7,16
2020-08-11,AK,2,7,16
2020-08-10,AK,2,7,16
2020-08-09,AK,2,7,15
2020-08-08,AK,2,7,15
2020-08-07,AK,1,6,19
2020-08-06,AK,2,6,18
2020-08-05,AK,2,6,18
2020-08-04,AK,2,6,18
2020-08-03,AK,2,6,18
2020-08-02,AK,2,6,16
2020-08-01,AK,2,5,17
2023-04-10,AL,29,43,23
2023-04-09,AL,29,43,24
2023-04-08,AL,29,43,24
2023-04-07,AL,29,43,24
2023-04-06,AL,27,47,24
2023-04-05,AL,27,52,19
2023-04-04,AL,27,48,23
2023-04-03,AL,27,49,22
2023-04-02,AL,27,49,22
2023-04-01,AL,26,47,25
2023-03-31,AL,27,49,22
2023-03-30,AL,27,50,21
2023-03-29,AL,28,54,16
2023-03-28,AL,27,51,20
2023-03-27,AL,27,51,20
2023-03-26,AL,27,47,24
2023-03-25,AL,27,47,24
2023-03-24,AL,27,50,21
2023-03-23,AL,27,49,22
2023-03-22,AL,27,54,17
2023-03-21,AL,27,50,21
2023-03-20,AL,27,50,21
2023-03-19,AL,26,50,22
2023-03-18,AL,28,48,22
2023-03-17,AL,27,50,21
2023-03-16,AL,27,50,21
2023-03-15,AL,28,53,17
2023-03-14,AL,27,49,22
2023-03-13,AL,26,49,23
2023-03-12,AL,27,48,23
2023-03-11,AL,27,49,22
2023-03-10,AL,26,50,22
2023-03-09,AL,27,49,22
2023-03-08,AL,28,53,17
2023-03-07,AL,27,49,22
2023-03-06,AL,27,49,22
2023-03-05,AL,27,48,23
2023-03-04,AL,26,48,24
2023-03-03,AL,28,48,22
2023-03-02,AL,28,48,22
2023-03-01,AL,29,52,17
2023-02-28,AL,28,48,22
2023-02-27,AL,28,48,22
2023-02-26,AL,28,48,22
2023-02-25,AL,28,47,23
2023-02-24,AL,28,48,22
2023-02-23,AL,28,48,22
2023-02-22,AL,29,51,18
2023-02-21,AL,28,47,23
2023-02-20,AL,28,47,23
2023-02-19,AL,28,46,24
2023-02-18,AL,28,46,24
2023-02-17,AL,27,47,24
2023-02-16,AL,28,48,22
2023-02-15,AL,30,50,18
2023-02-14,AL,28,47,23
2023-02-13,AL,27,48,23
2023-02-12,AL,28,47,23
2023-02-11,AL,27,47,24
2023-02-10,AL,28,48,22
2023-02-09,AL,27,48,23
2023-02-08,AL,28,50,20
2023-02-07,AL,27,48,23
2023-02-06,AL,27,49,22
2023-02-05,AL,27,49,22
2023-02-04,AL,27,47,24
2023-02-03,AL,27,49,22
2023-02-02,AL,27,48,23
2023-02-01,AL,29,50,19
2023-01-31,AL,27,47,24
2023-01-30,AL,27,47,24
2023-01-29,AL,27,44,27
2023-01-28,AL,26,46,26
2023-01-27,AL,28,47,23
2023-01-26,AL,28,47,23
2023-01-25,AL,29,50,19
2023-01-24,AL,28,47,23
2023-01-23,AL,28,50,20
2023-01-22,AL,27,49,22
2023-01-21,AL,27,47,24
2023-01-20,AL,29,48,21
2023-01-19,AL,28,49,21
2023-01-18,AL,28,51,18
2023-01-17,AL,28,48,21
2023-01-16,AL,28,48,21
2023-01-15,AL,26,49,22
2023-01-14,AL,27,47,23
2023-01-13,AL,28,49,20
2023-01-12,AL,29,48,20
2023-01-11,AL,30,50,17
2023-01-10,AL,29,48,20
2023-01-09,AL,28,48,21
2023-01-08,AL,26,48,23
2023-01-07,AL,26,48,23
2023-01-06,AL,27,49,21
2023-01-05,AL,27,49,21
2023-01-04,AL,29,51,17
2023-01-03,AL,26,48,23
2023-01-02,AL,26,49,22
2023-01-01,AL,27,47,23
2022-12-31,AL,27,47,23
2022-12-30,AL,27,46,24
2022-12-29,AL,27,49,21
2022-12-28,AL,28,49,20
2022-12-27,AL,26,48,23
2022-12-26,AL,27,47,23
2022-12-25,AL,26,46,25
2022-12-24,AL,26,46,25
2022-12-23,AL,26,46,25
2022-12-22,AL,27,47,23
2022-12-21,AL,30,49,18
2022-12-20,AL,27,47,23
2022-12-19,AL,27,48,23
2022-12-18,AL,28,49,24
2022-12-17,AL,28,48,25
2022-12-16,AL,28,52,21
2022-12-15,AL,28,49,24
2022-12-14,AL,33,46,22
2022-12-13,AL,31,43,26
2022-12-12,AL,31,43,26
2022-12-11,AL,31,43,27
2022-12-10,AL,30,43,28
2022-12-09,AL,30,43,28
2022-12-08,AL,30,43,28
2022-12-07,AL,32,46,23
2022-12-06,AL,31,43,26
2022-12-05,AL,31,43,26
2022-12-04,AL,30,42,29
2022-12-03,AL,30,41,30
2022-12-02,AL,30,42,29
2022-12-01,AL,30,42,29
2022-11-30,AL,32,49,20
2022-11-29,AL,30,43,27
2022-11-28,AL,31,43,26
2022-11-27,AL,31,43,27
2022-11-26,AL,30,44,27
2022-11-25,AL,30,44,27
2022-11-24,AL,30,45,26
2022-11-23,AL,32,48,21
2022-11-22,AL,30,42,28
2022-11-21,AL,31,42,27
2022-11-20,AL,30,43,29
2022-11-19,AL,29,41,32
2022-11-18,AL,31,42,29
2022-11-17,AL,31,43,28
2022-11-16,AL,33,46,23
2022-11-15,AL,29,44,27
2022-11-14,AL,32,43,25
2022-11-13,AL,32,41,28
2022-11-12,AL,32,41,28
2022-11-11,AL,31,42,28
2022-11-10,AL,31,42,28
2022-11-09,AL,32,46,23
2022-11-08,AL,32,42,26
2022-11-07,AL,32,43,26
2022-11-06,AL,32,42,29
2022-11-05,AL,30,42,31
2022-11-04,AL,32,45,26
2022-11-03,AL,32,45,26
2022-11-02,AL,34,46,22
2022-11-01,AL,32,44,24
2022-10-31,AL,30,45,25
2022-10-30,AL,29,44,28
2022-10-29,AL,29,42,30
2022-10-28,AL,31,45,25
2022-10-27,AL,31,46,24
2022-10-26,AL,33,49,19
2022-10-25,AL,31,43,26
2022-10-24,AL,32,45,23
2022-10-23,AL,32,43,26
2022-10-22,AL,31,43,27
2022-10-21,AL,31,44,26
2022-10-20,AL,32,44,25
2022-10-19,AL,33,46,22
2022-10-18,AL,32,43,25
2022-10-17,AL,32,43,25
2022-10-16,AL,34,49,26
2022-10-15,AL,34,49,26
2022-10-14,AL,34,50,25
2022-10-13,AL,35,50,24
2022-10-12,AL,36,53,20
2022-10-11,AL,33,42,26
2022-10-10,AL,33,42,26
2022-10-09,AL,34,43,26
2022-10-08,AL,33,42,28
2022-10-07,AL,34,44,25
2022-10-06,AL,35,44,24
2022-10-05,AL,35,47,21
2022-10-04,AL,33,43,25
2022-10-03,AL,33,43,25
2022-10-02,AL,35,42,26
2022-10-01,AL,32,43,28
2022-09-30,AL,34,45,25
2022-09-29,AL,34,44,26
2022-09-28,AL,35,47,22
2022-09-27,AL,33,45,24
2022-09-26,AL,32,45,25
2022-09-25,AL,32,46,24
2022-09-24,AL,32,46,24
2022-09-23,AL,33,47,22
2022-09-22,AL,33,46,23
2022-09-21,AL,35,49,18
2022-09-20,AL,33,44,24
2022-09-19,AL,34,45,22
2022-09-18,AL,33,43,26
2022-09-17,AL,33,43,26
2022-09-16,AL,33,46,23
2022-09-15,AL,33,45,24
2022-09-14,AL,34,48,20
2022-09-13,AL,33,44,24
2022-09-12,AL,33,44,25
2022-09-11,AL,34,44,24
2022-09-10,AL,34,43,25
2022-09-09,AL,33,51,25
2022-09-08,AL,33,51,25
2022-09-07,AL,35,54,20
2022-09-06,AL,33,50,25
2022-09-05,AL,33,51,24
2022-09-04,AL,34,51,26
2022-09-03,AL,34,52,25
2022-09-02,AL,34,52,25
2022-09-01,AL,34,52,25
2022-08-31,AL,35,54,22
2022-08-30,AL,32,50,26
2022-08-29,AL,32,50,26
2022-08-28,AL,33,57,26
2022-08-27,AL,33,58,25
2022-08-26,AL,33,57,26
2022-08-25,AL,32,60,24
2022-08-24,AL,34,59,23
2022-08-23,AL,32,48,29
2022-08-22,AL,31,51,27
2022-08-21,AL,32,56,28
2022-08-20,AL,33,55,28
2022-08-19,AL,32,58,26
2022-08-18,AL,32,57,27
2022-08-17,AL,34,61,21
2022-08-16,AL,31,49,29
2022-08-15,AL,31,50,28
2022-08-14,AL,31,55,30
2022-08-13,AL,28,55,33
2022-08-12,AL,32,57,27
2022-08-11,AL,32,56,28
2022-08-10,AL,33,60,23
2022-08-09,AL,33,50,29
2022-08-08,AL,33,53,27
2022-08-07,AL,34,51,30
2022-08-06,AL,32,52,31
2022-08-05,AL,35,52,28
2022-08-04,AL,35,55,25
2022-08-03,AL,37,58,20
2022-08-02,AL,33,50,29
2022-08-01,AL,33,53,26
2022-07-31,AL,34,54,28
2022-07-30,AL,34,53,29
2022-07-29,AL,35,55,26
2022-07-28,AL,35,55,26
2022-07-27,AL,37,57,22
2022-07-26,AL,35,48,29
2022-07-25,AL,33,53,27
2022-07-24,AL,34,52,30
2022-07-23,AL,35,52,29
2022-07-22,AL,33,55,28
2022-07-21,AL,34,54,28
2022-07-20,AL,36,57,23
2022-07-19,AL,32,49,32
2022-07-18,AL,32,50,31
2022-07-17,AL,33,54,29
2022-07-16,AL,32,53,31
2022-07-15,AL,33,54,29
2022-07-14,AL,33,54,29
2022-07-13,AL,34,60,22
2022-07-12,AL,32,53,28
2022-07-11,AL,32,54,28
2022-07-10,AL,32,57,27
2022-07-09,AL,32,55,29
2022-07-08,AL,32,56,28
2022-07-07,AL,32,58,26
2022-07-06,AL,34,59,23
2022-07-05,AL,32,52,28
2022-07-04,AL,32,53,27
2022-07-03,AL,33,55,28
2022-07-02,AL,32,55,30
2022-07-01,AL,33,57,27
2022-06-30,AL,32,60,25
2022-06-29,AL,37,61,19
2022-06-28,AL,33,53,27
2022-06-27,AL,33,54,26
2022-06-26,AL,34,57,26
2022-06-25,AL,34,57,26
2022-06-24,AL,33,58,26
2022-06-23,AL,33,58,26
2022-06-22,AL,36,61,20
2022-06-21,AL,32,53,27
2022-06-20,AL,32,55,26
2022-06-19,AL,33,57,27
2022-06-18,AL,34,58,25
2022-06-17,AL,34,59,24
2022-06-16,AL,33,59,25
2022-06-15,AL,35,62,20
2022-06-14,AL,33,53,27
2022-06-13,AL,32,56,26
2022-06-12,AL,34,57,26
2022-06-11,AL,34,58,25
2022-06-10,AL,33,59,25
2022-06-09,AL,33,60,24
2022-06-08,AL,36,60,21
2022-06-07,AL,32,53,27
2022-06-06,AL,32,55,26
2022-06-05,AL,32,57,28
2022-06-04,AL,32,58,27
2022-06-03,AL,32,59,26
2022-06-02,AL,33,59,25
2022-06-01,AL,36,62,19
2022-05-31,AL,28,53,31
2022-05-30,AL,29,51,33
2022-05-29,AL,29,54,34
2022-05-28,AL,29,54,34
2022-05-27,AL,32,54,31
2022-05-26,AL,33,55,29
2022-05-25,AL,36,59,22
2022-05-24,AL,34,50,29
2022-05-23,AL,34,53,27
2022-05-22,AL,35,53,29
2022-05-21,AL,34,54,29
2022-05-20,AL,34,55,28
2022-05-19,AL,36,54,27
2022-05-18,AL,39,59,19
2022-05-17,AL,34,50,30
2022-05-16,AL,34,51,29
2022-05-15,AL,35,53,29
2022-05-14,AL,35,52,30
2022-05-13,AL,35,54,28
2022-05-12,AL,35,55,27
2022-05-11,AL,38,58,21
2022-05-10,AL,35,51,27
2022-05-09,AL,35,52,27
2022-05-08,AL,36,54,27
2022-05-07,AL,36,55,26
2022-05-06,AL,34,54,29
2022-05-05,AL,35,54,28
2022-05-04,AL,35,61,21
2022-05-03,AL,30,54,29
2022-05-02,AL,29,54,30
2022-05-01,AL,30,57,30
2022-04-30,AL,31,56,30
2022-04-29,AL,31,58,28
2022-04-28,AL,32,58,27
2022-04-27,AL,35,63,19
2022-04-26,AL,31,55,26
2022-04-25,AL,32,54,26
2022-04-24,AL,32,59,26
2022-04-23,AL,32,59,26
2022-04-22,AL,33,59,25
2022-04-21,AL,33,59,25
2022-04-20,AL,34,62,21
2022-04-19,AL,30,54,29
2022-04-18,AL,30,55,28
2022-04-17,AL,32,58,27
2022-04-16,AL,32,57,28
2022-04-15,AL,33,59,25
2022-04-14,AL,33,59,25
2022-04-13,AL,35,64,18
2022-04-12,AL,32,54,27
2022-04-11,AL,31,55,27
2022-04-10,AL,31,57,29
2022-04-09,AL,31,58,28
2022-04-08,AL,32,58,27
2022-04-07,AL,32,58,27
2022-04-06,AL,36,62,19
2022-04-05,AL,32,55,26
2022-04-04,AL,31,55,26
2022-04-03,AL,33,60,24
2022-04-02,AL,34,60,23
2022-04-01,AL,37,59,21
2022-03-31,AL,37,59,21
2022-03-30,AL,37,61,19
2022-03-29,AL,33,56,24
2022-03-28,AL,33,56,24
2022-03-27,AL,35,59,23
2022-03-26,AL,35,59,23
2022-03-25,AL,36,58,23
2022-03-24,AL,36,59,22
2022-03-23,AL,38,61,18
2022-03-22,AL,35,54,24
2022-03-21,AL,35,55,23
2022-03-20,AL,36,56,25
2022-03-19,AL,36,57,24
2022-03-18,AL,36,58,23
2022-03-17,AL,37,59,21
2022-03-16,AL,41,61,15
2022-03-15,AL,33,56,25
2022-03-14,AL,34,56,24
2022-03-13,AL,33,60,24
2022-03-12,AL,35,58,24
2022-03-11,AL,36,58,23
2022-03-10,AL,36,58,23
2022-03-09,AL,40,62,15
2022-03-08,AL,38,53,22
2022-03-07,AL,38,54,21
2022-03-06,AL,38,56,23
2022-03-05,AL,40,55,22
2022-03-04,AL,39,57,21
2022-03-03,AL,42,54,21
2022-03-02,AL,45,56,16
2022-03-01,AL,41,50,23
2022-02-28,AL,41,48,24
2022-02-27,AL,40,53,24
2022-02-26,AL,40,52,25
2022-02-25,AL,42,53,22
2022-02-24,AL,42,53,22
2022-02-23,AL,43,57,17
2022-02-22,AL,41,49,23
2022-02-21,AL,41,50,23
2022-02-20,AL,42,52,23
2022-02-19,AL,42,52,23
2022-02-18,AL,43,53,21
2022-02-17,AL,43,53,21
2022-02-16,AL,45,56,16
2022-02-15,AL,40,50,24
2022-02-14,AL,40,51,23
2022-02-13,AL,42,52,23
2022-02-12,AL,45,50,22
2022-02-11,AL,44,52,21
2022-02-10,AL,44,52,21
2022-02-09,AL,45,54,18
2022-02-08,AL,42,49,23
2022-02-07,AL,42,49,23
2022-02-06,AL,45,50,22
2022-02-05,AL,44,50,23
2022-02-04,AL,47,50,20
2022-02-03,AL,46,50,21
2022-02-02,AL,48,52,17
2022-02-01,AL,43,46,24
2022-01-31,AL,43,46,25
2022-01-30,AL,42,48,27
2022-01-29,AL,42,48,27
2022-01-28,AL,43,48,26
2022-01-27,AL,44,48,25
2022-01-26,AL,47,50,20
2022-01-25,AL,41,46,26
2022-01-24,AL,40,48,25
2022-01-23,AL,42,48,27
2022-01-22,AL,42,50,25
2022-01-21,AL,41,51,25
2022-01-20,AL,41,52,24
2022-01-19,AL,43,55,19
2022-01-18,AL,36,53,24
2022-01-17,AL,35,53,25
2022-01-16,AL,38,54,25
2022-01-15,AL,38,54,25
2022-01-14,AL,38,53,26
2022-01-13,AL,39,56,22
2022-01-12,AL,40,58,19
2022-01-11,AL,28,54,32
2022-01-10,AL,26,55,33
2022-01-09,AL,33,55,29
2022-01-08,AL,33,55,29
2022-01-07,AL,33,55,29
2022-01-06,AL,32,56,29
2022-01-05,AL,32,58,27
2022-01-04,AL,31,55,28
2022-01-03,AL,33,55,26
2022-01-02,AL,33,57,27
2022-01-01,AL,33,56,28
2021-12-31,AL,31,59,27
2021-12-30,AL,32,58,27
2021-12-29,AL,34,59,24
2021-12-28,AL,33,54,27
2021-12-27,AL,34,57,23
2021-12-26,AL,35,56,26
2021-12-25,AL,34,56,27
2021-12-24,AL,33,57,27
2021-12-23,AL,34,59,24
2021-12-22,AL,35,60,22
2021-12-21,AL,31,59,24
2021-12-20,AL,32,59,23
2021-12-19,AL,34,59,24
2021-12-18,AL,34,59,24
2021-12-17,AL,34,60,23
2021-12-16,AL,35,60,22
2021-12-15,AL,35,60,22
2021-12-14,AL,35,57,21
2021-12-13,AL,34,56,23
2021-12-12,AL,36,59,22
2021-12-11,AL,36,57,24
2021-12-10,AL,36,58,23
2021-12-09,AL,36,58,23
2021-12-08,AL,36,60,21
2021-12-07,AL,35,56,23
2021-12-06,AL,34,56,24
2021-12-05,AL,35,57,25
2021-12-04,AL,35,57,25
2021-12-03,AL,35,59,23
2021-12-02,AL,35,59,23
2021-12-01,AL,35,60,22
2021-11-30,AL,34,55,25
2021-11-29,AL,34,55,25
2021-11-28,AL,34,59,24
2021-11-27,AL,34,58,25
2021-11-26,AL,34,59,24
2021-11-25,AL,35,60,22
2021-11-24,AL,36,59,22
2021-11-23,AL,34,55,24
2021-11-22,AL,34,54,25
2021-11-21,AL,35,56,26
2021-11-20,AL,35,57,25
2021-11-19,AL,35,58,24
2021-11-18,AL,35,59,23
2021-11-17,AL,36,60,21
2021-11-16,AL,34,57,23
2021-11-15,AL,34,57,23
2021-11-14,AL,34,61,22
2021-11-13,AL,35,61,21
2021-11-12,AL,35,61,21
2021-11-11,AL,35,61,21
2021-11-10,AL,35,61,21
2021-11-09,AL,35,55,24
2021-11-08,AL,35,55,24
2021-11-07,AL,36,57,24
2021-11-06,AL,36,57,24
2021-11-05,AL,35,59,23
2021-11-04,AL,37,59,21
2021-11-03,AL,37,59,21
2021-11-02,AL,38,56,20
2021-11-01,AL,37,58,19
2021-10-31,AL,38,58,21
2021-10-30,AL,38,60,19
2021-10-29,AL,38,60,19
2021-10-28,AL,38,60,19
2021-10-27,AL,38,62,17
2021-10-26,AL,38,58,18
2021-10-25,AL,38,57,19
2021-10-24,AL,37,60,20
2021-10-23,AL,36,59,22
2021-10-22,AL,39,57,21
2021-10-21,AL,39,59,19
2021-10-20,AL,40,61,16
2021-10-19,AL,38,57,19
2021-10-18,AL,37,60,17
2021-10-17,AL,38,60,19
2021-10-16,AL,38,61,18
2021-10-15,AL,41,57,19
2021-10-14,AL,39,59,19
2021-10-13,AL,39,61,17
2021-10-12,AL,38,58,19
2021-10-11,AL,38,57,20
2021-10-10,AL,39,59,19
2021-10-09,AL,38,60,19
2021-10-08,AL,37,60,20
2021-10-07,AL,38,59,20
2021-10-06,AL,40,60,17
2021-10-05,AL,37,58,21
2021-10-04,AL,38,59,19
2021-10-03,AL,38,59,20
2021-10-02,AL,39,58,20
2021-10-01,AL,39,58,20
2021-09-30,AL,40,59,18
2021-09-29,AL,41,60,16
2021-09-28,AL,39,57,20
2021-09-27,AL,39,57,20
2021-09-26,AL,38,58,21
2021-09-25,AL,39,57,21
2021-09-24,AL,39,57,21
2021-09-23,AL,42,59,16
2021-09-22,AL,43,60,14
2021-09-21,AL,41,57,17
2021-09-20,AL,40,59,16
2021-09-19,AL,39,60,18
2021-09-18,AL,40,60,17
2021-09-17,AL,40,60,17
2021-09-16,AL,41,60,16
2021-09-15,AL,40,63,14
2021-09-14,AL,41,59,15
2021-09-13,AL,40,58,17
2021-09-12,AL,39,60,18
2021-09-11,AL,40,60,17
2021-09-10,AL,40,60,17
2021-09-09,AL,41,60,16
2021-09-08,AL,39,63,15
2021-09-07,AL,37,60,19
2021-09-06,AL,36,60,20
2021-09-05,AL,36,61,20
2021-09-04,AL,36,61,20
2021-09-03,AL,37,61,19
2021-09-02,AL,37,64,16
2021-09-01,AL,38,65,14
2021-08-31,AL,35,60,21
2021-08-30,AL,36,60,20
2021-08-29,AL,35,61,21
2021-08-28,AL,36,61,20
2021-08-27,AL,35,61,21
2021-08-26,AL,36,62,19
2021-08-25,AL,37,63,17
2021-08-24,AL,36,59,21
2021-08-23,AL,37,59,20
2021-08-22,AL,35,59,23
2021-08-21,AL,37,60,20
2021-08-20,AL,36,61,20
2021-08-19,AL,35,63,19
2021-08-18,AL,36,64,17
2021-08-17,AL,33,62,21
2021-08-16,AL,33,62,20
2021-08-15,AL,32,65,20
2021-08-14,AL,33,66,18
2021-08-13,AL,33,67,17
2021-08-12,AL,33,67,17
2021-08-11,AL,32,70,15
2021-08-10,AL,33,64,18
2021-08-09,AL,32,65,18
2021-08-08,AL,32,66,19
2021-08-07,AL,31,67,19
2021-08-06,AL,32,67,18
2021-08-05,AL,32,68,17
2021-08-04,AL,33,69,15
2021-08-03,AL,33,65,17
2021-08-02,AL,30,67,18
2021-08-01,AL,30,68,19
2021-07-31,AL,30,68,19
2021-07-30,AL,31,69,17
2021-07-29,AL,31,71,15
2021-07-28,AL,29,71,17
2021-07-27,AL,30,68,16
2021-07-26,AL,29,68,17
2021-07-25,AL,28,71,18
2021-07-24,AL,28,71,18
2021-07-23,AL,28,72,17
2021-07-22,AL,29,72,16
2021-07-21,AL,29,73,15
2021-07-20,AL,28,62,16
2021-07-19,AL,30,61,16
2021-07-18,AL,29,71,17
2021-07-17,AL,29,71,17
2021-07-16,AL,30,72,15
2021-07-15,AL,30,72,15
2021-07-14,AL,29,74,14
2021-07-13,AL,29,63,14
2021-07-12,AL,29,63,14
2021-07-11,AL,29,72,16
2021-07-10,AL,30,72,15
2021-07-09,AL,31,73,13
2021-07-08,AL,30,73,14
2021-07-07,AL,30,75,12
2021-07-06,AL,29,63,15
2021-07-05,AL,30,63,14
2021-07-04,AL,29,73,15
2021-07-03,AL,29,73,15
2021-07-02,AL,31,69,17
2021-07-01,AL,29,73,15
2021-06-30,AL,30,75,12
2021-06-29,AL,29,65,13
2021-06-28,AL,27,66,14
2021-06-27,AL,28,76,13
2021-06-26,AL,27,77,13
2021-06-25,AL,28,77,12
2021-06-24,AL,29,77,11
2021-06-23,AL,28,77,12
2021-06-22,AL,27,62,18
2021-06-21,AL,28,62,17
2021-06-20,AL,28,72,17
2021-06-19,AL,28,72,17
2021-06-18,AL,28,71,18
2021-06-17,AL,28,72,17
2021-06-16,AL,28,75,14
2021-06-15,AL,27,63,17
2021-06-14,AL,28,63,16
2021-06-13,AL,29,73,15
2021-06-12,AL,29,73,15
2021-06-11,AL,28,75,14
2021-06-10,AL,29,77,11
2021-06-09,AL,29,77,11
2021-06-08,AL,28,66,13
2021-06-07,AL,28,65,14
2021-06-06,AL,28,75,14
2021-06-05,AL,28,75,14
2021-06-04,AL,28,75,14
2021-06-03,AL,30,75,12
2021-06-02,AL,29,77,11
2021-06-01,AL,28,64,15
2021-05-31,AL,27,66,14
2021-05-30,AL,28,75,14
2021-05-29,AL,28,75,14
2021-05-28,AL,29,75,13
2021-05-27,AL,29,76,12
2021-05-26,AL,29,78,10
2021-05-25,AL,28,64,15
2021-05-24,AL,28,64,15
2021-05-23,AL,28,74,15
2021-05-22,AL,28,74,15
2021-05-21,AL,29,74,14
2021-05-20,AL,30,74,13
2021-05-19,AL,30,77,10
2021-05-18,AL,29,64,14
2021-05-17,AL,29,64,14
2021-05-16,AL,29,75,13
2021-05-15,AL,29,75,13
2021-05-14,AL,28,75,14
2021-05-13,AL,29,76,12
2021-05-12,AL,30,77,10
2021-05-11,AL,28,64,14
2021-05-10,AL,29,64,13
2021-05-09,AL,29,73,15
2021-05-08,AL,29,73,15
2021-05-07,AL,28,73,16
2021-05-06,AL,29,74,14
2021-05-05,AL,30,77,10
2021-05-04,AL,29,63,14
2021-05-03,AL,29,63,15
2021-05-02,AL,27,73,17
2021-05-01,AL,28,73,16
2021-04-30,AL,29,73,15
2021-04-29,AL,29,74,14
2021-04-28,AL,30,76,11
2021-04-27,AL,29,63,14
2021-04-26,AL,28,64,14
2021-04-25,AL,30,74,13
2021-04-24,AL,30,74,13
2021-04-23,AL,30,74,13
2021-04-22,AL,30,74,13
2021-04-21,AL,30,76,11
2021-04-20,AL,28,63,16
2021-04-19,AL,28,63,16
2021-04-18,AL,27,73,17
2021-04-17,AL,27,73,17
2021-04-16,AL,29,72,16
2021-04-15,AL,28,74,15
2021-04-14,AL,29,75,13
2021-04-13,AL,28,64,15
2021-04-12,AL,28,64,15
2021-04-11,AL,27,74,16
2021-04-10,AL,27,74,16
2021-04-09,AL,27,76,14
2021-04-08,AL,28,74,15
2021-04-07,AL,30,77,10
2021-04-06,AL,28,72,15
2021-04-05,AL,29,71,14
2021-04-04,AL,28,75,14
2021-04-03,AL,28,75,14
2021-04-02,AL,29,76,12
2021-04-01,AL,29,76,12
2021-03-31,AL,30,77,10
2021-03-30,AL,29,64,14
2021-03-29,AL,28,65,14
2021-03-28,AL,27,76,14
2021-03-27,AL,27,76,14
2021-03-26,AL,29,73,15
2021-03-25,AL,28,75,14
2021-03-24,AL,29,76,12
2021-03-23,AL,29,63,16
2021-03-22,AL,29,65,14
2021-03-21,AL,29,74,14
2021-03-20,AL,28,74,15
2021-03-19,AL,28,73,16
2021-03-18,AL,28,73,16
2021-03-17,AL,30,74,13
2021-03-16,AL,29,65,14
2021-03-15,AL,29,65,14
2021-03-14,AL,30,74,13
2021-03-13,AL,29,75,13
2021-03-12,AL,30,73,14
2021-03-11,AL,29,73,15
2021-03-10,AL,31,75,11
2021-03-09,AL,31,63,14
2021-03-08,AL,30,63,15
2021-03-07,AL,30,72,15
2021-03-06,AL,29,74,14
2021-03-05,AL,30,72,15
2021-03-04,AL,31,72,14
2021-03-03,AL,31,75,11
2021-03-02,AL,33,61,14
2021-03-01,AL,33,61,14
2021-02-28,AL,33,71,13
2021-02-27,AL,33,71,13
2021-02-26,AL,34,69,14
2021-02-25,AL,34,69,14
2021-02-24,AL,35,70,12
2021-02-23,AL,33,60,15
2021-02-22,AL,33,61,15
2021-02-21,AL,35,68,14
2021-02-20,AL,35,68,14
2021-02-19,AL,35,67,15
2021-02-18,AL,35,67,15
2021-02-17,AL,36,70,11
2021-02-16,AL,35,59,14
2021-02-15,AL,35,59,14
2021-02-14,AL,34,70,13
2021-02-13,AL,35,71,11
2021-02-12,AL,36,71,10
2021-02-11,AL,37,71,9
2021-02-10,AL,36,73,8
2021-02-09,AL,34,64,11
2021-02-08,AL,36,63,10
2021-02-07,AL,36,70,11
2021-02-06,AL,34,73,10
2021-02-05,AL,34,73,10
2021-02-04,AL,35,72,10
2021-02-03,AL,35,74,8
2021-02-02,AL,35,64,10
2021-02-01,AL,35,65,10
2021-01-31,AL,35,71,11
2021-01-30,AL,35,71,11
2021-01-29,AL,36,70,11
2021-01-28,AL,39,71,7
2021-01-27,AL,39,71,7
2021-01-26,AL,41,59,9
2021-01-25,AL,41,59,9
2021-01-24,AL,42,67,8
2021-01-23,AL,42,67,8
2021-01-22,AL,42,68,7
2021-01-21,AL,41,69,7
2021-01-20,AL,43,69,5
2021-01-19,AL,40,61,8
2021-01-18,AL,42,60,7
2021-01-17,AL,43,67,7
2021-01-16,AL,44,66,7
2021-01-15,AL,43,66,8
2021-01-14,AL,41,67,9
2021-01-13,AL,44,68,5
2021-01-12,AL,42,60,7
2021-01-11,AL,41,61,7
2021-01-10,AL,42,66,9
2021-01-09,AL,42,68,7
2021-01-08,AL,41,68,8
2021-01-07,AL,41,67,9
2021-01-06,AL,41,69,7
2021-01-05,AL,43,57,9
2021-01-04,AL,41,61,7
2021-01-03,AL,43,68,6
2021-01-02,AL,43,67,7
2021-01-01,AL,42,68,7
2020-12-31,AL,43,68,6
2020-12-30,AL,44,68,5
2020-12-29,AL,43,59,7
2020-12-28,AL,46,56,7
2020-12-27,AL,44,67,6
2020-12-26,AL,44,67,6
2020-12-25,AL,45,65,7
2020-12-24,AL,43,67,7
2020-12-23,AL,45,67,5
2020-12-22,AL,43,66,7
2020-12-21,AL,42,60,7
2020-12-20,AL,42,67,8
2020-12-19,AL,41,69,7
2020-12-18,AL,41,69,7
2020-12-17,AL,41,67,9
2020-12-16,AL,41,72,4
2020-12-15,AL,39,63,7
2020-12-14,AL,40,63,6
2020-12-13,AL,40,69,8
2020-12-12,AL,41,70,6
2020-12-11,AL,36,70,11
2020-12-10,AL,40,70,6
2020-12-09,AL,39,71,6
2020-12-08,AL,38,63,7
2020-12-07,AL,37,64,7
2020-12-06,AL,38,72,6
2020-12-05,AL,38,72,6
2020-12-04,AL,38,72,6
2020-12-03,AL,38,73,5
2020-12-02,AL,39,70,7
2020-12-01,AL,37,65,6
2020-11-30,AL,36,65,7
2020-11-29,AL,36,73,6
2020-11-28,AL,36,74,6
2020-11-27,AL,36,75,5
2020-11-26,AL,37,73,6
2020-11-25,AL,37,75,4
2020-11-24,AL,37,65,6
2020-11-23,AL,37,65,6
2020-11-22,AL,35,75,6
2020-11-21,AL,35,74,7
2020-11-20,AL,36,74,6
2020-11-19,AL,37,73,6
2020-11-18,AL,38,74,4
2020-11-17,AL,36,66,6
2020-11-16,AL,36,67,5
2020-11-15,AL,37,73,6
2020-11-14,AL,36,74,6
2020-11-13,AL,37,71,8
2020-11-12,AL,36,77,3
2020-11-11,AL,35,77,4
2020-11-10,AL,36,68,4
2020-11-09,AL,35,68,5
2020-11-08,AL,34,75,6
2020-11-07,AL,34,75,6
2020-11-06,AL,35,75,5
2020-11-05,AL,35,76,4
2020-11-04,AL,35,77,3
2020-11-03,AL,35,69,3
2020-11-02,AL,36,68,3
2020-11-01,AL,36,76,4
2020-10-31,AL,36,76,4
2020-10-30,AL,36,77,3
2020-10-29,AL,36,76,4
2020-10-28,AL,36,76,3
2020-10-27,AL,35,67,6
2020-10-26,AL,35,67,6
2020-10-25,AL,37,74,5
2020-10-24,AL,37,75,4
2020-10-23,AL,36,76,4
2020-10-22,AL,35,78,3
2020-10-21,AL,34,79,3
2020-10-20,AL,35,77,3
2020-10-19,AL,34,80,2
2020-10-18,AL,34,78,4
2020-10-17,AL,34,79,3
2020-10-16,AL,35,78,3
2020-10-15,AL,34,78,3
2020-10-14,AL,35,77,3
2020-10-13,AL,35,76,3
2020-10-12,AL,36,75,3
2020-10-11,AL,35,76,3
2020-10-10,AL,35,77,2
2020-10-09,AL,35,77,2
2020-10-08,AL,35,77,2
2020-10-07,AL,35,76,2
2020-10-06,AL,34,76,3
2020-10-05,AL,36,75,2
2020-10-04,AL,34,76,3
2020-10-03,AL,35,75,3
2020-10-02,AL,36,75,2
2020-10-01,AL,35,75,3
2020-09-30,AL,36,74,3
2020-09-29,AL,37,74,2
2020-09-28,AL,36,76,2
2020-09-27,AL,34,75,4
2020-09-26,AL,35,75,4
2020-09-25,AL,35,75,4
2020-09-24,AL,35,72,7
2020-09-23,AL,37,72,5
2020-09-22,AL,34,71,8
2020-09-21,AL,37,72,5
2020-09-20,AL,34,76,4
2020-09-19,AL,35,75,4
2020-09-18,AL,35,73,6
2020-09-17,AL,34,74,6
2020-09-16,AL,35,73,6
2020-09-15,AL,35,72,7
2020-09-14,AL,34,74,6
2020-09-13,AL,32,76,6
2020-09-12,AL,33,76,5
2020-09-11,AL,34,75,5
2020-09-10,AL,33,77,4
2020-09-09,AL,35,74,5
2020-09-08,AL,36,72,6
2020-09-07,AL,34,77,3
2020-09-06,AL,35,75,4
2020-09-05,AL,35,71,8
2020-09-04,AL,35,74,5
2020-09-03,AL,34,72,8
2020-09-02,AL,36,72,6
2020-09-01,AL,35,71,8
2020-08-31,AL,35,73,6
2020-08-30,AL,34,74,6
2020-08-29,AL,38,69,7
2020-08-28,AL,37,66,11
2020-08-27,AL,37,67,10
2020-08-26,AL,38,61,15
2020-08-25,AL,35,63,15
2020-08-24,AL,37,64,13
2020-08-23,AL,38,56,20
2020-08-22,AL,38,59,17
2020-08-21,AL,38,58,18
2020-08-20,AL,35,59,20
2020-08-19,AL,34,53,27
2020-08-18,AL,37,57,19
2020-08-17,AL,36,52,23
2020-08-16,AL,33,53,26
2020-08-15,AL,35,50,27
2020-08-14,AL,37,44,31
2020-08-13,AL,37,43,32
2020-08-12,AL,39,44,29
2020-08-11,AL,40,44,28
2020-08-10,AL,39,45,28
2020-08-09,AL,33,50,29
2020-08-08,AL,36,44,32
2020-08-07,AL,38,49,25
2020-08-06,AL,34,45,33
2020-08-05,AL,27,75,10
2020-08-04,AL,31,67,14
2020-08-03,AL,29,70,13
2020-08-02,AL,27,71,12
2020-08-01,AL,25,75,10
2023-04-10,AR,15,51,5
2023-04-09,AR,15,57,5
2023-04-08,AR,15,59,5
2023-04-07,AR,15,59,5
2023-04-06,AR,15,59,7
2023-04-05,AR,15,62,5
2023-04-04,AR,16,59,8
2023-04-03,AR,17,59,7
2023-04-02,AR,17,62,7
2023-04-01,AR,17,62,7
2023-03-31,AR,16,63,7
2023-03-30,AR,17,62,7
2023-03-29,AR,17,63,6
2023-03-28,AR,17,61,7
2023-03-27,AR,15,62,8
2023-03-26,AR,14,64,7
2023-03-25,AR,14,64,7
2023-03-24,AR,17,60,8
2023-03-23,AR,17,61,7
2023-03-22,AR,16,63,7
2023-03-21,AR,17,60,8
2023-03-20,AR,17,61,7
2023-03-19,AR,17,62,7
2023-03-18,AR,17,62,7
2023-03-17,AR,17,61,8
2023-03-16,AR,16,63,7
2023-03-15,AR,17,63,7
2023-03-14,AR,17,62,7
2023-03-13,AR,15,63,8
2023-03-12,AR,15,64,9
2023-03-11,AR,16,64,8
2023-03-10,AR,16,65,7
2023-03-09,AR,16,65,7
2023-03-08,AR,16,66,6
2023-03-07,AR,16,63,8
2023-03-06,AR,14,63,10
2023-03-05,AR,15,64,9
2023-03-04,AR,14,65,9
2023-03-03,AR,15,65,8
2023-03-02,AR,16,64,8
2023-03-01,AR,16,66,6
2023-02-28,AR,16,64,7
2023-02-27,AR,15,64,8
2023-02-26,AR,13,65,10
2023-02-25,AR,13,66,9
2023-02-24,AR,15,64,9
2023-02-23,AR,16,64,8
2023-02-22,AR,16,65,7
2023-02-21,AR,16,63,8
2023-02-20,AR,16,63,8
2023-02-19,AR,16,63,9
2023-02-18,AR,16,64,8
2023-02-17,AR,16,63,9
2023-02-16,AR,16,63,9
2023-02-15,AR,16,65,7
2023-02-14,AR,16,62,9
2023-02-13,AR,15,63,9
2023-02-12,AR,14,64,9
2023-02-11,AR,14,65,8
2023-02-10,AR,16,62,9
2023-02-09,AR,15,63,9
2023-02-08,AR,16,64,7
2023-02-07,AR,15,64,8
2023-02-06,AR,15,63,9
2023-02-05,AR,15,64,9
2023-02-04,AR,15,63,10
2023-02-03,AR,15,63,10
2023-02-02,AR,15,64,9
2023-02-01,AR,19,63,6
2023-01-31,AR,17,62,8
2023-01-30,AR,17,62,8
2023-01-29,AR,17,62,8
2023-01-28,AR,17,64,8
2023-01-27,AR,17,64,8
2023-01-26,AR,17,65,8
2023-01-25,AR,17,67,6
2023-01-24,AR,17,66,8
2023-01-23,AR,16,64,9
2023-01-22,AR,16,65,8
2023-01-21,AR,18,63,8
2023-01-20,AR,16,65,8
2023-01-19,AR,16,63,9
2023-01-18,AR,16,66,6
2023-01-17,AR,17,63,8
2023-01-16,AR,19,64,6
2023-01-15,AR,19,61,9
2023-01-14,AR,19,64,6
2023-01-13,AR,18,64,7
2023-01-12,AR,18,64,7
2023-01-11,AR,19,64,5
2023-01-10,AR,19,63,6
2023-01-09,AR,19,63,6
2023-01-08,AR,19,62,7
2023-01-07,AR,19,63,6
2023-01-06,AR,18,63,7
2023-01-05,AR,18,64,6
2023-01-04,AR,20,63,5
2023-01-03,AR,18,64,6
2023-01-02,AR,16,67,5
2023-01-01,AR,18,63,7
2022-12-31,AR,15,66,5
2022-12-30,AR,15,66,5
2022-12-29,AR,16,66,5
2022-12-28,AR,15,66,6
2022-12-27,AR,16,66,5
2022-12-26,AR,14,66,7
2022-12-25,AR,14,68,5
2022-12-24,AR,14,68,5
2022-12-23,AR,15,67,5
2022-12-22,AR,17,66,4
2022-12-21,AR,17,66,4
2022-12-20,AR,17,66,4
2022-12-19,AR,18,65,5
2022-12-18,AR,16,74,4
2022-12-17,AR,16,73,5
2022-12-16,AR,18,72,4
2022-12-15,AR,16,73,5
2022-12-14,AR,15,74,2
2022-12-13,AR,16,73,2
2022-12-12,AR,16,73,2
2022-12-11,AR,14,76,2
2022-12-10,AR,14,76,2
2022-12-09,AR,17,73,2
2022-12-08,AR,16,74,2
2022-12-07,AR,17,73,2
2022-12-06,AR,16,73,2
2022-12-05,AR,16,73,2
2022-12-04,AR,13,76,2
2022-12-03,AR,13,76,2
2022-12-02,AR,17,72,2
2022-12-01,AR,16,73,2
2022-11-30,AR,16,73,2
2022-11-29,AR,15,74,2
2022-11-28,AR,16,73,2
2022-11-27,AR,14,76,2
2022-11-26,AR,12,78,2
2022-11-25,AR,15,75,2
2022-11-24,AR,17,73,2
2022-11-23,AR,17,73,2
2022-11-22,AR,15,74,2
2022-11-21,AR,16,73,2
2022-11-20,AR,13,77,2
2022-11-19,AR,13,77,2
2022-11-18,AR,16,74,2
2022-11-17,AR,16,74,2
2022-11-16,AR,16,74,2
2022-11-15,AR,15,74,2
2022-11-14,AR,15,74,2
2022-11-13,AR,13,77,2
2022-11-12,AR,13,77,2
2022-11-11,AR,16,74,2
2022-11-10,AR,16,74,2
2022-11-09,AR,16,74,2
2022-11-08,AR,14,75,2
2022-11-07,AR,14,75,2
2022-11-06,AR,13,77,2
2022-11-05,AR,13,77,2
2022-11-04,AR,16,75,2
2022-11-03,AR,16,75,2
2022-11-02,AR,16,75,2
2022-11-01,AR,15,75,2
2022-10-31,AR,15,75,2
2022-10-30,AR,11,78,2
2022-10-29,AR,11,78,2
2022-10-28,AR,13,77,2
2022-10-27,AR,15,75,2
2022-10-26,AR,15,75,2
2022-10-25,AR,14,76,2
2022-10-24,AR,14,76,2
2022-10-23,AR,13,76,2
2022-10-22,AR,13,76,2
2022-10-21,AR,16,73,2
2022-10-20,AR,16,73,2
2022-10-19,AR,16,73,2
2022-10-18,AR,15,73,2
2022-10-17,AR,15,73,2
2022-10-16,AR,12,77,2
2022-10-15,AR,12,77,2
2022-10-14,AR,15,74,2
2022-10-13,AR,15,74,2
2022-10-12,AR,15,74,2
2022-10-11,AR,14,74,2
2022-10-10,AR,15,74,2
2022-10-09,AR,16,79,2
2022-10-08,AR,16,79,2
2022-10-07,AR,18,77,2
2022-10-06,AR,19,76,2
2022-10-05,AR,18,77,2
2022-10-04,AR,16,73,2
2022-10-03,AR,16,72,2
2022-10-02,AR,13,77,2
2022-10-01,AR,13,77,2
2022-09-30,AR,16,74,2
2022-09-29,AR,16,74,2
2022-09-28,AR,17,73,2
2022-09-27,AR,16,73,2
2022-09-26,AR,15,74,2
2022-09-25,AR,15,75,2
2022-09-24,AR,13,77,2
2022-09-23,AR,16,74,2
2022-09-22,AR,17,73,2
2022-09-21,AR,16,74,2
2022-09-20,AR,15,74,2
2022-09-19,AR,16,74,2
2022-09-18,AR,15,76,2
2022-09-17,AR,16,75,2
2022-09-16,AR,16,75,2
2022-09-15,AR,15,76,2
2022-09-14,AR,16,74,2
2022-09-13,AR,16,73,2
2022-09-12,AR,16,73,2
2022-09-11,AR,13,77,2
2022-09-10,AR,13,77,2
2022-09-09,AR,16,79,2
2022-09-08,AR,16,79,2
2022-09-07,AR,15,80,2
2022-09-06,AR,17,77,2
2022-09-05,AR,16,78,2
2022-09-04,AR,17,80,2
2022-09-03,AR,16,81,2
2022-09-02,AR,18,79,2
2022-09-01,AR,16,81,2
2022-08-31,AR,18,79,2
2022-08-30,AR,16,78,2
2022-08-29,AR,15,79,2
2022-08-28,AR,13,84,2
2022-08-27,AR,13,84,2
2022-08-26,AR,17,80,2
2022-08-25,AR,17,80,2
2022-08-24,AR,17,80,2
2022-08-23,AR,16,78,2
2022-08-22,AR,16,78,2
2022-08-21,AR,14,88,2
2022-08-20,AR,14,88,2
2022-08-19,AR,17,85,2
2022-08-18,AR,17,85,2
2022-08-17,AR,17,85,2
2022-08-16,AR,15,79,2
2022-08-15,AR,13,81,2
2022-08-14,AR,16,93,2
2022-08-13,AR,16,93,2
2022-08-12,AR,19,90,2
2022-08-11,AR,19,90,2
2022-08-10,AR,19,90,2
2022-08-09,AR,15,79,2
2022-08-08,AR,14,80,2
2022-08-07,AR,16,93,2
2022-08-06,AR,16,93,2
2022-08-05,AR,17,92,2
2022-08-04,AR,17,92,2
2022-08-03,AR,18,91,2
2022-08-02,AR,15,79,2
2022-08-01,AR,14,80,2
2022-07-31,AR,16,93,2
2022-07-30,AR,15,94,2
2022-07-29,AR,19,90,2
2022-07-28,AR,19,90,2
2022-07-27,AR,19,90,2
2022-07-26,AR,16,78,2
2022-07-25,AR,16,78,2
2022-07-24,AR,16,93,2
2022-07-23,AR,14,95,2
2022-07-22,AR,17,92,2
2022-07-21,AR,19,90,2
2022-07-20,AR,19,90,2
2022-07-19,AR,15,79,2
2022-07-18,AR,14,80,2
2022-07-17,AR,16,93,2
2022-07-16,AR,16,93,2
2022-07-15,AR,20,89,2
2022-07-14,AR,20,89,2
2022-07-13,AR,20,89,2
2022-07-12,AR,15,79,2
2022-07-11,AR,16,78,2
2022-07-10,AR,16,93,2
2022-07-09,AR,15,94,2
2022-07-08,AR,20,89,2
2022-07-07,AR,20,89,2
2022-07-06,AR,20,89,2
2022-07-05,AR,15,79,2
2022-07-04,AR,16,78,2
2022-07-03,AR,17,92,2
2022-07-02,AR,17,92,2
2022-07-01,AR,19,90,2
2022-06-30,AR,18,91,2
2022-06-29,AR,18,91,2
2022-06-28,AR,16,78,2
2022-06-27,AR,17,77,2
2022-06-26,AR,16,93,2
2022-06-25,AR,16,93,2
2022-06-24,AR,20,89,2
2022-06-23,AR,20,89,2
2022-06-22,AR,20,89,2
2022-06-21,AR,17,77,2
2022-06-20,AR,17,77,2
2022-06-19,AR,18,91,2
2022-06-18,AR,19,90,2
2022-06-17,AR,22,88,2
2022-06-16,AR,21,89,2
2022-06-15,AR,20,90,2
2022-06-14,AR,16,79,2
2022-06-13,AR,17,78,2
2022-06-12,AR,15,95,2
2022-06-11,AR,16,94,2
2022-06-10,AR,18,92,2
2022-06-09,AR,18,92,2
2022-06-08,AR,19,91,2
2022-06-07,AR,15,80,2
2022-06-06,AR,16,78,2
2022-06-05,AR,16,93,2
2022-06-04,AR,15,95,2
2022-06-03,AR,20,90,2
2022-06-02,AR,19,91,2
2022-06-01,AR,19,91,2
2022-05-31,AR,17,78,2
2022-05-30,AR,16,79,2
2022-05-29,AR,17,92,2
2022-05-28,AR,18,91,2
2022-05-27,AR,20,89,2
2022-05-26,AR,20,89,2
2022-05-25,AR,20,89,2
2022-05-24,AR,15,80,2
2022-05-23,AR,16,79,2
2022-05-22,AR,17,92,2
2022-05-21,AR,18,91,2
2022-05-20,AR,20,89,2
2022-05-19,AR,20,89,2
2022-05-18,AR,20,89,2
2022-05-17,AR,17,78,2
2022-05-16,AR,16,79,2
2022-05-15,AR,16,94,2
2022-05-14,AR,16,94,2
2022-05-13,AR,19,91,2
2022-05-12,AR,19,91,2
2022-05-11,AR,19,91,2
2022-05-10,AR,16,79,2
2022-05-09,AR,15,80,2
2022-05-08,AR,17,93,2
2022-05-07,AR,17,93,2
2022-05-06,AR,20,90,2
2022-05-05,AR,19,91,2
2022-05-04,AR,21,89,2
2022-05-03,AR,17,78,2
2022-05-02,AR,17,78,2
2022-05-01,AR,17,93,2
2022-04-30,AR,17,93,2
2022-04-29,AR,20,90,2
2022-04-28,AR,19,91,2
2022-04-27,AR,20,90,2
2022-04-26,AR,16,79,2
2022-04-25,AR,16,79,2
2022-04-24,AR,16,94,2
2022-04-23,AR,17,93,2
2022-04-22,AR,19,91,2
2022-04-21,AR,19,91,2
2022-04-20,AR,20,90,2
2022-04-19,AR,17,78,2
2022-04-18,AR,17,78,2
2022-04-17,AR,15,95,2
2022-04-16,AR,15,95,2
2022-04-15,AR,19,91,2
2022-04-14,AR,19,91,2
2022-04-13,AR,20,90,2
2022-04-12,AR,16,79,2
2022-04-11,AR,16,79,2
2022-04-10,AR,16,94,2
2022-04-09,AR,16,94,2
2022-04-08,AR,19,91,2
2022-04-07,AR,19,91,2
2022-04-06,AR,20,90,2
2022-04-05,AR,17,78,2
2022-04-04,AR,16,79,2
2022-04-03,AR,14,96,2
2022-04-02,AR,15,95,2
2022-04-01,AR,19,91,2
2022-03-31,AR,19,91,2
2022-03-30,AR,19,91,2
2022-03-29,AR,14,81,2
2022-03-28,AR,17,78,2
2022-03-27,AR,18,93,2
2022-03-26,AR,19,92,2
2022-03-25,AR,21,90,2
2022-03-24,AR,22,89,2
2022-03-23,AR,20,91,2
2022-03-22,AR,18,77,2
2022-03-21,AR,18,77,2
2022-03-20,AR,16,95,2
2022-03-19,AR,16,95,2
2022-03-18,AR,19,92,2
2022-03-17,AR,19,92,2
2022-03-16,AR,18,93,2
2022-03-15,AR,16,79,2
2022-03-14,AR,16,79,2
2022-03-13,AR,18,93,2
2022-03-12,AR,18,93,2
2022-03-11,AR,21,90,2
2022-03-10,AR,21,90,2
2022-03-09,AR,21,90,2
2022-03-08,AR,17,78,2
2022-03-07,AR,17,78,2
2022-03-06,AR,13,98,2
2022-03-05,AR,14,97,2
2022-03-04,AR,18,93,2
2022-03-03,AR,18,93,2
2022-03-02,AR,19,92,2
2022-03-01,AR,18,77,2
2022-02-28,AR,18,77,2
2022-02-27,AR,15,96,2
2022-02-26,AR,15,96,2
2022-02-25,AR,19,92,2
2022-02-24,AR,19,92,2
2022-02-23,AR,20,91,2
2022-02-22,AR,19,76,2
2022-02-21,AR,19,76,2
2022-02-20,AR,16,95,2
2022-02-19,AR,15,96,2
2022-02-18,AR,19,92,2
2022-02-17,AR,21,90,2
2022-02-16,AR,23,88,2
2022-02-15,AR,20,75,2
2022-02-14,AR,20,75,2
2022-02-13,AR,18,92,2
2022-02-12,AR,18,92,2
2022-02-11,AR,22,88,2
2022-02-10,AR,23,87,2
2022-02-09,AR,22,88,2
2022-02-08,AR,20,75,2
2022-02-07,AR,20,75,2
2022-02-06,AR,23,87,2
2022-02-05,AR,24,86,2
2022-02-04,AR,24,86,2
2022-02-03,AR,24,86,2
2022-02-02,AR,26,84,2
2022-02-01,AR,22,73,2
2022-01-31,AR,22,73,2
2022-01-30,AR,24,87,2
2022-01-29,AR,22,89,2
2022-01-28,AR,22,89,2
2022-01-27,AR,29,82,2
2022-01-26,AR,30,81,2
2022-01-25,AR,23,72,2
2022-01-24,AR,25,71,2
2022-01-23,AR,26,85,2
2022-01-22,AR,26,85,2
2022-01-21,AR,26,85,2
2022-01-20,AR,26,85,2
2022-01-19,AR,27,83,2
2022-01-18,AR,24,71,2
2022-01-17,AR,26,69,2
2022-01-16,AR,24,86,2
2022-01-15,AR,25,85,2
2022-01-14,AR,31,79,2
2022-01-13,AR,29,81,2
2022-01-12,AR,28,82,2
2022-01-11,AR,26,69,2
2022-01-10,AR,26,69,2
2022-01-09,AR,24,87,2
2022-01-08,AR,22,89,2
2022-01-07,AR,21,90,2
2022-01-06,AR,19,92,2
2022-01-05,AR,24,87,2
2022-01-04,AR,18,77,2
2022-01-03,AR,18,77,2
2022-01-02,AR,15,96,2
2022-01-01,AR,14,97,2
2021-12-31,AR,18,93,2
2021-12-30,AR,20,91,2
2021-12-29,AR,22,89,2
2021-12-28,AR,18,77,2
2021-12-27,AR,19,78,2
2021-12-26,AR,17,93,2
2021-12-25,AR,16,94,2
2021-12-24,AR,16,94,2
2021-12-23,AR,17,93,2
2021-12-22,AR,19,89,2
2021-12-21,AR,18,77,2
2021-12-20,AR,16,79,2
2021-12-19,AR,16,95,2
2021-12-18,AR,15,96,2
2021-12-17,AR,16,95,2
2021-12-16,AR,18,93,2
2021-12-15,AR,18,93,2
2021-12-14,AR,17,78,2
2021-12-13,AR,14,81,2
2021-12-12,AR,15,95,2
2021-12-11,AR,15,95,2
2021-12-10,AR,19,91,2
2021-12-09,AR,19,91,2
2021-12-08,AR,18,92,2
2021-12-07,AR,16,79,2
2021-12-06,AR,14,81,2
2021-12-05,AR,13,98,2
2021-12-04,AR,16,95,2
2021-12-03,AR,17,94,2
2021-12-02,AR,18,93,2
2021-12-01,AR,18,93,2
2021-11-30,AR,14,81,2
2021-11-29,AR,14,81,2
2021-11-28,AR,12,98,2
2021-11-27,AR,13,97,2
2021-11-26,AR,14,96,2
2021-11-25,AR,14,96,2
2021-11-24,AR,17,93,2
2021-11-23,AR,16,79,2
2021-11-22,AR,14,81,2
2021-11-21,AR,12,98,2
2021-11-20,AR,12,98,2
2021-11-19,AR,17,93,2
2021-11-18,AR,16,94,2
2021-11-17,AR,15,95,2
2021-11-16,AR,16,79,2
2021-11-15,AR,14,81,2
2021-11-14,AR,12,99,2
2021-11-13,AR,14,97,2
2021-11-12,AR,17,94,2
2021-11-11,AR,16,95,2
2021-11-10,AR,16,95,2
2021-11-09,AR,17,79,2
2021-11-08,AR,17,79,2
2021-11-07,AR,16,95,2
2021-11-06,AR,17,94,2
2021-11-05,AR,18,93,2
2021-11-04,AR,19,92,2
2021-11-03,AR,15,96,2
2021-11-02,AR,17,78,2
2021-11-01,AR,16,79,2
2021-10-31,AR,16,94,2
2021-10-30,AR,20,90,2
2021-10-29,AR,20,90,2
2021-10-28,AR,22,88,2
2021-10-27,AR,21,89,2
2021-10-26,AR,19,76,2
2021-10-25,AR,19,76,2
2021-10-24,AR,17,94,2
2021-10-23,AR,19,92,2
2021-10-22,AR,20,91,2
2021-10-21,AR,21,90,2
2021-10-20,AR,20,91,2
2021-10-19,AR,19,76,2
2021-10-18,AR,19,76,2
2021-10-17,AR,17,93,2
2021-10-16,AR,20,90,2
2021-10-15,AR,21,89,2
2021-10-14,AR,23,87,2
2021-10-13,AR,23,87,2
2021-10-12,AR,17,78,2
2021-10-11,AR,19,76,2
2021-10-10,AR,19,92,2
2021-10-09,AR,18,93,2
2021-10-08,AR,20,91,2
2021-10-07,AR,19,92,2
2021-10-06,AR,20,91,2
2021-10-05,AR,17,78,2
2021-10-04,AR,18,77,2
2021-10-03,AR,17,94,2
2021-10-02,AR,20,91,2
2021-10-01,AR,21,90,2
2021-09-30,AR,21,90,2
2021-09-29,AR,21,90,2
2021-09-28,AR,18,77,2
2021-09-27,AR,19,76,2
2021-09-26,AR,18,92,2
2021-09-25,AR,17,93,2
2021-09-24,AR,17,93,2
2021-09-23,AR,21,89,2
2021-09-22,AR,22,88,2
2021-09-21,AR,21,74,2
2021-09-20,AR,20,75,2
2021-09-19,AR,18,92,2
2021-09-18,AR,23,87,2
2021-09-17,AR,24,86,2
2021-09-16,AR,21,89,2
2021-09-15,AR,22,88,2
2021-09-14,AR,18,77,2
2021-09-13,AR,18,77,2
2021-09-12,AR,19,90,2
2021-09-11,AR,21,88,2
2021-09-10,AR,25,84,2
2021-09-09,AR,23,86,2
2021-09-08,AR,23,86,2
2021-09-07,AR,20,75,2
2021-09-06,AR,16,79,2
2021-09-05,AR,18,91,2
2021-09-04,AR,19,90,2
2021-09-03,AR,21,88,2
2021-09-02,AR,21,88,2
2021-09-01,AR,22,87,2
2021-08-31,AR,16,79,2
2021-08-30,AR,18,77,2
2021-08-29,AR,18,91,2
2021-08-28,AR,20,89,2
2021-08-27,AR,24,85,2
2021-08-26,AR,24,85,2
2021-08-25,AR,20,89,2
2021-08-24,AR,19,76,2
2021-08-23,AR,21,74,2
2021-08-22,AR,20,89,2
2021-08-21,AR,19,90,2
2021-08-20,AR,21,88,2
2021-08-19,AR,20,89,2
2021-08-18,AR,23,86,2
2021-08-17,AR,22,73,2
2021-08-16,AR,22,73,2
2021-08-15,AR,21,89,2
2021-08-14,AR,22,88,2
2021-08-13,AR,22,88,2
2021-08-12,AR,27,83,2
2021-08-11,AR,26,84,2
2021-08-10,AR,22,73,2
2021-08-09,AR,21,75,2
2021-08-08,AR,20,90,2
2021-08-07,AR,21,89,2
2021-08-06,AR,21,89,2
2021-08-05,AR,18,92,2
2021-08-04,AR,18,91,2
2021-08-03,AR,19,76,2
2021-08-02,AR,18,77,2
2021-08-01,AR,21,89,2
2021-07-31,AR,19,91,2
2021-07-30,AR,22,88,2
2021-07-29,AR,24,86,2
2021-07-28,AR,25,85,2
2021-07-27,AR,17,78,2
2021-07-26,AR,21,74,2
2021-07-25,AR,20,90,2
2021-07-24,AR,20,90,2
2021-07-23,AR,19,91,2
2021-07-22,AR,20,90,2
2021-07-21,AR,20,90,2
2021-07-20,AR,16,74,2
2021-07-19,AR,15,76,2
2021-07-18,AR,18,92,2
2021-07-17,AR,17,93,2
2021-07-16,AR,18,92,2
2021-07-15,AR,18,92,2
2021-07-14,AR,16,93,2
2021-07-13,AR,19,71,2
2021-07-12,AR,16,74,2
2021-07-11,AR,19,91,2
2021-07-10,AR,17,93,2
2021-07-09,AR,19,91,2
2021-07-08,AR,19,91,2
2021-07-07,AR,16,94,2
2021-07-06,AR,16,74,2
2021-07-05,AR,16,74,2
2021-07-04,AR,22,87,2
2021-07-03,AR,21,88,2
2021-07-02,AR,20,89,2
2021-07-01,AR,20,88,2
2021-06-30,AR,20,88,2
2021-06-29,AR,19,70,2
2021-06-28,AR,18,72,2
2021-06-27,AR,20,89,2
2021-06-26,AR,16,93,2
2021-06-25,AR,19,90,2
2021-06-24,AR,16,93,2
2021-06-23,AR,21,87,2
2021-06-22,AR,14,75,2
2021-06-21,AR,18,71,2
2021-06-20,AR,16,92,2
2021-06-19,AR,15,93,2
2021-06-18,AR,23,85,2
2021-06-17,AR,19,89,2
2021-06-16,AR,16,92,2
2021-06-15,AR,19,70,2
2021-06-14,AR,15,74,2
2021-06-13,AR,19,90,2
2021-06-12,AR,16,93,2
2021-06-11,AR,16,93,2
2021-06-10,AR,19,90,2
2021-06-09,AR,20,89,2
2021-06-08,AR,18,71,2
2021-06-07,AR,19,72,2
2021-06-06,AR,17,92,2
2021-06-05,AR,17,92,2
2021-06-04,AR,18,91,2
2021-06-03,AR,18,91,2
2021-06-02,AR,17,91,2
2021-06-01,AR,15,74,2
2021-05-31,AR,17,73,2
2021-05-30,AR,21,88,2
2021-05-29,AR,19,90,2
2021-05-28,AR,23,86,2
2021-05-27,AR,21,88,2
2021-05-26,AR,20,88,2
2021-05-25,AR,18,70,2
2021-05-24,AR,18,70,2
2021-05-23,AR,16,93,2
2021-05-22,AR,16,93,2
2021-05-21,AR,16,93,2
2021-05-20,AR,19,90,2
2021-05-19,AR,19,90,2
2021-05-18,AR,15,74,2
2021-05-17,AR,19,71,2
2021-05-16,AR,19,90,2
2021-05-15,AR,19,90,2
2021-05-14,AR,19,90,2
2021-05-13,AR,15,94,2
2021-05-12,AR,19,89,2
2021-05-11,AR,15,74,2
2021-05-10,AR,15,74,2
2021-05-09,AR,18,91,2
2021-05-08,AR,17,92,2
2021-05-07,AR,19,90,2
2021-05-06,AR,21,88,2
2021-05-05,AR,19,90,2
2021-05-04,AR,20,69,2
2021-05-03,AR,20,70,2
2021-05-02,AR,17,92,2
2021-05-01,AR,18,91,2
2021-04-30,AR,20,89,2
2021-04-29,AR,21,88,2
2021-04-28,AR,18,90,2
2021-04-27,AR,21,67,2
2021-04-26,AR,17,72,2
2021-04-25,AR,18,91,2
2021-04-24,AR,19,90,2
2021-04-23,AR,16,93,2
2021-04-22,AR,16,93,2
2021-04-21,AR,19,89,2
2021-04-20,AR,20,68,2
2021-04-19,AR,15,73,2
2021-04-18,AR,15,94,2
2021-04-17,AR,18,91,2
2021-04-16,AR,19,90,2
2021-04-15,AR,18,91,2
2021-04-14,AR,18,91,2
2021-04-13,AR,20,70,2
2021-04-12,AR,17,73,2
2021-04-11,AR,22,87,2
2021-04-10,AR,21,88,2
2021-04-09,AR,22,87,2
2021-04-08,AR,18,91,2
2021-04-07,AR,19,89,2
2021-04-06,AR,14,79,2
2021-04-05,AR,18,75,2
2021-04-04,AR,18,91,2
2021-04-03,AR,17,92,2
2021-04-02,AR,19,90,2
2021-04-01,AR,15,94,2
2021-03-31,AR,22,87,2
2021-03-30,AR,16,72,2
2021-03-29,AR,19,69,2
2021-03-28,AR,16,93,2
2021-03-27,AR,17,92,2
2021-03-26,AR,15,94,2
2021-03-25,AR,18,91,2
2021-03-24,AR,18,91,2
2021-03-23,AR,18,71,2
2021-03-22,AR,13,76,2
2021-03-21,AR,18,91,2
2021-03-20,AR,19,90,2
2021-03-19,AR,17,92,2
2021-03-18,AR,20,89,2
2021-03-17,AR,20,89,2
2021-03-16,AR,19,69,2
2021-03-15,AR,20,69,2
2021-03-14,AR,18,92,2
2021-03-13,AR,18,92,2
2021-03-12,AR,19,91,2
2021-03-11,AR,15,95,2
2021-03-10,AR,19,90,2
2021-03-09,AR,16,74,2
2021-03-08,AR,19,70,2
2021-03-07,AR,22,86,2
2021-03-06,AR,24,85,2
2021-03-05,AR,20,89,2
2021-03-04,AR,20,89,2
2021-03-03,AR,18,91,2
2021-03-02,AR,16,73,2
2021-03-01,AR,16,72,2
2021-02-28,AR,17,92,2
2021-02-27,AR,18,91,2
2021-02-26,AR,21,88,2
2021-02-25,AR,21,88,2
2021-02-24,AR,20,89,2
2021-02-23,AR,22,66,2
2021-02-22,AR,20,68,2
2021-02-21,AR,21,88,2
2021-02-20,AR,19,91,2
2021-02-19,AR,21,89,2
2021-02-18,AR,23,87,2
2021-02-17,AR,20,90,2
2021-02-16,AR,18,72,2
2021-02-15,AR,21,70,2
2021-02-14,AR,24,85,2
2021-02-13,AR,27,82,2
2021-02-12,AR,20,89,2
2021-02-11,AR,20,89,2
2021-02-10,AR,15,92,2
2021-02-09,AR,21,68,2
2021-02-08,AR,21,68,2
2021-02-07,AR,25,84,2
2021-02-06,AR,26,83,2
2021-02-05,AR,24,85,2
2021-02-04,AR,25,84,2
2021-02-03,AR,22,87,2
2021-02-02,AR,18,71,2
2021-02-01,AR,20,70,2
2021-01-31,AR,21,89,2
2021-01-30,AR,20,90,2
2021-01-29,AR,21,89,2
2021-01-28,AR,20,90,2
2021-01-27,AR,20,89,2
2021-01-26,AR,22,67,2
2021-01-25,AR,21,68,2
2021-01-24,AR,26,83,2
2021-01-23,AR,20,89,2
2021-01-22,AR,22,87,2
2021-01-21,AR,20,89,2
2021-01-20,AR,17,92,2
2021-01-19,AR,15,75,2
2021-01-18,AR,15,75,2
2021-01-17,AR,23,85,2
2021-01-16,AR,22,86,2
2021-01-15,AR,18,90,2
2021-01-14,AR,18,90,2
2021-01-13,AR,18,90,2
2021-01-12,AR,20,70,2
2021-01-11,AR,21,67,2
2021-01-10,AR,23,85,2
2021-01-09,AR,24,85,2
2021-01-08,AR,19,91,2
2021-01-07,AR,17,93,2
2021-01-06,AR,16,94,2
2021-01-05,AR,18,73,2
2021-01-04,AR,18,72,2
2021-01-03,AR,20,90,2
2021-01-02,AR,21,89,2
2021-01-01,AR,22,88,2
2020-12-31,AR,21,89,2
2020-12-30,AR,20,90,2
2020-12-29,AR,27,63,2
2020-12-28,AR,37,54,2
2020-12-27,AR,39,68,2
2020-12-26,AR,39,68,2
2020-12-25,AR,40,68,2
2020-12-24,AR,39,68,2
2020-12-23,AR,39,68,2
2020-12-22,AR,37,59,2
2020-12-21,AR,40,51,2
2020-12-20,AR,42,68,2
2020-12-19,AR,42,68,2
2020-12-18,AR,45,65,2
2020-12-17,AR,45,65,2
2020-12-16,AR,44,66,2
2020-12-15,AR,38,53,2
2020-12-14,AR,41,50,2
2020-12-13,AR,42,68,2
2020-12-12,AR,43,67,2
2020-12-11,AR,49,61,2
2020-12-10,AR,49,61,2
2020-12-09,AR,49,61,2
2020-12-08,AR,40,51,2
2020-12-07,AR,42,49,2
2020-12-06,AR,44,66,2
2020-12-05,AR,44,66,2
2020-12-04,AR,45,64,2
2020-12-03,AR,45,64,2
2020-12-02,AR,47,62,2
2020-12-01,AR,43,48,2
2020-11-30,AR,42,49,2
2020-11-29,AR,41,69,2
2020-11-28,AR,41,69,2
2020-11-27,AR,41,69,2
2020-11-26,AR,43,67,2
2020-11-25,AR,46,64,2
2020-11-24,AR,43,51,2
2020-11-23,AR,43,50,2
2020-11-22,AR,41,70,2
2020-11-21,AR,42,69,2
2020-11-20,AR,45,66,2
2020-11-19,AR,44,66,2
2020-11-18,AR,43,67,2
2020-11-17,AR,38,55,2
2020-11-16,AR,39,55,2
2020-11-15,AR,41,69,2
2020-11-14,AR,41,69,2
2020-11-13,AR,42,69,2
2020-11-12,AR,41,70,2
2020-11-11,AR,44,65,2
2020-11-10,AR,40,51,2
2020-11-09,AR,40,51,2
2020-11-08,AR,40,67,2
2020-11-07,AR,39,68,2
2020-11-06,AR,38,70,2
2020-11-05,AR,40,68,2
2020-11-04,AR,40,66,2
2020-11-03,AR,40,51,2
2020-11-02,AR,38,54,2
2020-11-01,AR,35,66,5
2020-10-31,AR,35,66,5
2020-10-30,AR,38,63,5
2020-10-29,AR,39,62,5
2020-10-28,AR,39,62,5
2020-10-27,AR,35,51,4
2020-10-26,AR,34,51,5
2020-10-25,AR,37,64,5
2020-10-24,AR,38,63,5
2020-10-23,AR,39,61,6
2020-10-22,AR,37,64,5
2020-10-21,AR,39,61,5
2020-10-20,AR,36,58,5
2020-10-19,AR,38,56,5
2020-10-18,AR,38,63,5
2020-10-17,AR,39,62,5
2020-10-16,AR,42,59,5
2020-10-15,AR,41,60,5
2020-10-14,AR,40,60,6
2020-10-13,AR,38,57,6
2020-10-12,AR,39,57,6
2020-10-11,AR,38,61,6
2020-10-10,AR,39,60,6
2020-10-09,AR,39,60,6
2020-10-08,AR,41,58,6
2020-10-07,AR,38,60,5
2020-10-06,AR,39,58,5
2020-10-05,AR,38,58,6
2020-10-04,AR,38,59,6
2020-10-03,AR,38,59,6
2020-10-02,AR,40,57,6
2020-10-01,AR,39,57,7
2020-09-30,AR,39,56,8
2020-09-29,AR,36,57,8
2020-09-28,AR,36,56,8
2020-09-27,AR,36,58,8
2020-09-26,AR,36,59,8
2020-09-25,AR,40,55,8
2020-09-24,AR,38,57,8
2020-09-23,AR,39,55,9
2020-09-22,AR,39,55,9
2020-09-21,AR,40,54,9
2020-09-20,AR,37,57,9
2020-09-19,AR,37,57,9
2020-09-18,AR,40,54,9
2020-09-17,AR,40,54,9
2020-09-16,AR,40,54,9
2020-09-15,AR,39,55,9
2020-09-14,AR,40,54,9
2020-09-13,AR,35,60,9
2020-09-12,AR,35,60,9
2020-09-11,AR,37,58,9
2020-09-10,AR,39,55,9
2020-09-09,AR,40,54,9
2020-09-08,AR,39,54,9
2020-09-07,AR,38,52,10
2020-09-06,AR,37,55,10
2020-09-05,AR,37,55,10
2020-09-04,AR,39,52,10
2020-09-03,AR,39,51,10
2020-09-02,AR,38,52,9
2020-09-01,AR,35,50,10
2020-08-31,AR,36,47,10
2020-08-30,AR,33,49,11
2020-08-29,AR,32,50,11
2020-08-28,AR,34,49,11
2020-08-27,AR,27,49,17
2020-08-26,AR,29,41,22
2020-08-25,AR,28,40,22
2020-08-24,AR,30,40,22
2020-08-23,AR,23,44,22
2020-08-22,AR,24,45,22
2020-08-21,AR,27,42,22
2020-08-20,AR,27,42,22
2020-08-19,AR,25,43,22
2020-08-18,AR,26,43,21
2020-08-17,AR,28,42,19
2020-08-16,AR,23,47,19
2020-08-15,AR,24,46,19
2020-08-14,AR,27,43,19
2020-08-13,AR,24,46,18
2020-08-12,AR,25,45,18
2020-08-11,AR,25,44,19
2020-08-10,AR,23,46,19
2020-08-09,AR,22,48,19
2020-08-08,AR,22,48,19
2020-08-07,AR,26,44,19
2020-08-06,AR,26,44,19
2020-08-05,AR,24,46,19
2020-08-04,AR,29,41,18
2020-08-03,AR,29,41,19
2020-08-02,AR,27,43,19
2020-08-01,AR,29,42,19
2023-04-09,AS,0,1,0
2023-04-08,AS,0,1,0
2023-04-07,AS,0,1,0
2023-04-06,AS,0,1,0
2023-04-05,AS,0,1,0
2023-04-04,AS,0,1,0
2023-04-03,AS,0,1,0
2023-04-02,AS,0,1,0
2023-04-01,AS,0,1,0
2023-03-31,AS,0,1,0
2023-03-30,AS,0,1,0
2023-03-29,AS,0,1,0
2023-03-28,AS,0,1,0
2023-03-27,AS,0,1,0
2023-03-26,AS,0,1,0
2023-03-25,AS,0,1,0
2023-03-24,AS,0,1,0
2023-03-23,AS,0,1,0
2023-03-22,AS,0,1,0
2023-03-21,AS,0,1,0
2023-03-20,AS,0,1,0
2023-03-19,AS,0,1,0
2023-03-18,AS,0,1,0
2023-03-17,AS,0,1,0
2023-03-16,AS,0,1,0
2023-03-15,AS,0,1,0
2023-03-14,AS,0,1,0
2023-03-13,AS,0,1,0
2023-03-12,AS,0,1,0
2023-03-11,AS,0,1,0
2023-03-10,AS,0,1,0
2023-03-09,AS,0,1,0
2023-03-08,AS,0,1,0
2023-03-07,AS,0,1,0
2023-03-06,AS,0,1,0
2023-03-05,AS,0,1,0
2023-03-04,AS,0,1,0
2023-03-03,AS,0,1,0
2023-03-02,AS,0,1,0
2023-03-01,AS,0,1,0
2023-02-28,AS,0,1,0
2023-02-27,AS,0,1,0
2023-02-26,AS,0,1,0
2023-02-25,AS,0,1,0
2023-02-24,AS,0,1,0
2023-02-23,AS,0,1,0
2023-02-22,AS,0,1,0
2023-02-21,AS,0,1,0
2023-02-20,AS,0,1,0
2023-02-19,AS,0,1,0
2023-02-18,AS,0,1,0
2023-02-17,AS,0,1,0
2023-02-16,AS,0,1,0
2023-02-15,AS,0,1,0
2023-02-14,AS,0,1,0
2023-02-13,AS,0,1,0
2023-02-12,AS,0,1,0
2023-02-11,AS,0,1,0
2023-02-10,AS,0,1,0
2023-02-09,AS,0,1,0
2023-02-08,AS,0,1,0
2023-02-07,AS,0,1,0
2023-02-06,AS,0,1,0
2023-02-05,AS,0,1,0
2023-02-04,AS,0,1,0
2023-02-03,AS,0,1,0
2023-02-02,AS,0,1,0
2023-02-01,AS,0,1,0
2023-01-31,AS,0,1,0
2023-01-30,AS,0,1,0
2023-01-29,AS,0,1,0
2023-01-28,AS,0,1,0
2023-01-27,AS,0,1,0
2023-01-26,AS,0,1,0
2023-01-25,AS,0,1,0
2023-01-24,AS,0,1,0
2023-01-23,AS,0,1,0
2023-01-22,AS,0,1,0
2023-01-21,AS,0,1,0
2023-01-20,AS,0,1,0
2023-01-19,AS,0,1,0
2023-01-18,AS,0,1,0
2023-01-17,AS,0,1,0
2023-01-16,AS,0,1,0
2023-01-15,AS,0,1,0
2023-01-14,AS,0,1,0
2023-01-13,AS,0,1,0
2023-01-12,AS,0,1,0
2023-01-11,AS,0,1,0
2023-01-10,AS,0,1,0
2023-01-09,AS,0,1,0
2023-01-08,AS,0,1,0
2023-01-07,AS,0,1,0
2023-01-06,AS,0,1,0
2023-01-05,AS,0,1,0
2023-01-04,AS,0,1,0
2023-01-03,AS,0,1,0
2023-01-02,AS,0,1,0
2023-01-01,AS,0,1,0
2022-12-31,AS,0,1,0
2022-12-30,AS,0,1,0
2022-12-29,AS,0,1,0
2022-12-28,AS,0,1,0
2022-12-27,AS,0,1,0
2022-12-26,AS,0,1,0
2022-12-25,AS,0,1,0
2022-12-24,AS,0,1,0
2022-12-23,AS,0,1,0
2022-12-22,AS,0,1,0
2022-12-21,AS,0,1,0
2022-12-20,AS,0,1,0
2022-12-19,AS,0,1,0
2022-12-18,AS,0,1,0
2022-12-17,AS,0,1,0
2022-12-16,AS,0,1,0
2022-12-15,AS,0,1,0
2022-12-14,AS,0,1,0
2022-12-13,AS,0,1,0
2022-12-12,AS,0,1,0
2022-12-11,AS,0,1,0
2022-12-10,AS,0,1,0
2022-12-09,AS,0,1,0
2022-12-08,AS,0,1,0
2022-12-07,AS,0,1,0
2022-12-06,AS,0,1,0
2022-12-05,AS,0,1,0
2022-12-04,AS,0,1,0
2022-12-03,AS,0,1,0
2022-12-02,AS,0,1,0
2022-12-01,AS,0,1,0
2022-11-30,AS,0,1,0
2022-11-29,AS,0,1,0
2022-11-28,AS,0,1,0
2022-11-27,AS,1,0,0
2022-11-26,AS,1,0,0
2022-11-25,AS,1,0,0
2022-11-24,AS,1,0,0
2022-11-23,AS,1,0,0
2022-11-22,AS,1,0,0
2022-11-21,AS,1,0,0
2022-11-20,AS,1,0,0
2022-11-19,AS,0,1,0
2022-11-18,AS,0,1,0
2022-11-17,AS,0,1,0
2022-11-16,AS,0,1,0
2022-11-15,AS,0,1,0
2022-11-14,AS,0,1,0
2022-11-13,AS,0,1,0
2022-11-12,AS,0,1,0
2022-11-11,AS,0,1,0
2022-11-10,AS,0,1,0
2022-11-09,AS,0,1,0
2022-11-08,AS,0,1,0
2022-11-07,AS,0,1,0
2022-11-06,AS,0,1,0
2022-11-05,AS,0,1,0
2022-11-04,AS,0,1,0
2022-11-03,AS,0,1,0
2022-11-02,AS,0,1,0
2022-11-01,AS,0,1,0
2022-10-31,AS,1,0,0
2022-10-30,AS,0,1,0
2022-10-29,AS,0,1,0
2022-10-28,AS,0,1,0
2022-10-27,AS,0,1,0
2022-10-26,AS,1,0,0
2022-10-25,AS,1,0,0
2022-10-24,AS,0,1,0
2022-10-23,AS,0,1,0
2022-10-22,AS,0,1,0
2022-10-21,AS,0,1,0
2022-10-20,AS,0,1,0
2022-10-19,AS,0,1,0
2022-10-18,AS,0,1,0
2022-10-17,AS,0,1,0
2022-10-16,AS,1,0,0
2022-10-15,AS,1,0,0
2022-10-14,AS,1,0,0
2022-10-13,AS,0,1,0
2022-10-12,AS,0,1,0
2022-10-11,AS,0,1,0
2022-10-10,AS,0,1,0
2022-10-09,AS,0,1,0
2022-10-08,AS,0,1,0
2022-10-07,AS,0,1,0
2022-10-06,AS,1,0,0
2022-10-05,AS,0,1,0
2022-10-04,AS,0,1,0
2022-10-03,AS,1,0,0
2022-10-02,AS,1,0,0
2022-10-01,AS,1,0,0
2022-09-30,AS,1,0,0
2022-09-29,AS,1,0,0
2022-09-28,AS,0,1,0
2022-09-27,AS,1,0,0
2022-09-26,AS,1,0,0
2022-09-25,AS,1,0,0
2022-09-24,AS,1,0,0
2022-09-23,AS,1,0,0
2022-09-22,AS,1,0,0
2022-09-21,AS,1,0,0
2022-09-20,AS,1,0,0
2022-09-19,AS,1,0,0
2022-09-18,AS,0,1,0
2022-09-17,AS,0,1,0
2022-09-16,AS,0,1,0
2022-09-15,AS,0,1,0
2022-09-14,AS,0,1,0
2022-09-13,AS,0,1,0
2022-09-12,AS,0,1,0
2022-09-11,AS,0,1,0
2022-09-10,AS,0,1,0
2022-09-09,AS,0,1,0
2022-09-08,AS,0,1,0
2022-09-07,AS,0,1,0
2022-09-06,AS,0,1,0
2022-09-05,AS,0,1,0
2022-09-04,AS,0,1,0
2022-09-03,AS,0,1,0
2022-09-02,AS,0,1,0
2022-09-01,AS,0,1,0
2022-08-31,AS,0,1,0
2022-08-30,AS,0,1,0
2022-08-29,AS,0,1,0
2022-08-28,AS,0,1,0
2022-08-27,AS,0,1,0
2022-08-26,AS,0,1,0
2022-08-25,AS,0,1,0
2022-08-24,AS,0,1,0
2022-08-23,AS,0,1,0
2022-08-22,AS,0,1,0
2022-08-21,AS,0,1,0
2022-08-20,AS,0,1,0
2022-08-19,AS,0,1,0
2022-08-18,AS,0,1,0
2022-08-17,AS,0,1,0
2022-08-16,AS,0,1,0
2022-08-15,AS,0,1,0
2022-08-14,AS,0,1,0
2022-08-13,AS,0,1,0
2022-08-12,AS,0,1,0
2022-08-11,AS,0,1,0
2022-08-10,AS,0,1,0
2022-08-09,AS,0,1,0
2022-08-08,AS,0,1,0
2022-08-07,AS,0,1,0
2022-08-06,AS,0,1,0
2022-08-05,AS,0,1,0
2022-08-04,AS,0,1,0
2022-08-03,AS,0,1,0
2022-08-02,AS,0,1,0
2022-08-01,AS,0,1,0
2022-07-31,AS,0,1,0
2022-07-30,AS,0,1,0
2022-07-29,AS,0,1,0
2022-07-28,AS,0,1,0
2022-07-27,AS,0,1,0
2022-07-26,AS,0,1,0
2022-07-25,AS,0,1,0
2022-07-24,AS,0,1,0
2022-07-23,AS,0,1,0
2022-07-22,AS,0,1,0
2022-07-21,AS,0,1,0
2022-07-20,AS,0,1,0
2022-07-19,AS,0,1,0
2022-07-18,AS,1,0,0
2022-07-17,AS,0,1,0
2022-07-16,AS,0,1,0
2022-07-15,AS,0,1,0
2022-07-14,AS,0,1,0
2022-07-13,AS,0,1,0
2022-07-12,AS,0,1,0
2022-07-11,AS,1,0,0
2022-07-10,AS,1,0,0
2022-07-09,AS,0,1,0
2022-07-08,AS,0,1,0
2022-07-07,AS,0,1,0
2022-07-06,AS,1,0,0
2022-07-05,AS,1,0,0
2022-07-04,AS,0,1,0
2022-07-03,AS,0,1,0
2022-07-02,AS,0,1,0
2022-07-01,AS,0,1,0
2022-06-30,AS,1,0,0
2022-06-29,AS,1,0,0
2022-06-28,AS,1,0,0
2022-06-27,AS,1,0,0
2022-06-26,AS,0,1,0
2022-06-25,AS,0,1,0
2022-06-24,AS,0,1,0
2022-06-23,AS,1,0,0
2022-06-22,AS,1,0,0
2022-06-21,AS,1,0,0
2022-06-20,AS,1,0,0
2022-06-19,AS,1,0,0
2022-06-18,AS,1,0,0
2022-06-17,AS,1,0,0
2022-06-16,AS,1,0,0
2022-06-15,AS,1,0,0
2022-06-14,AS,1,0,0
2022-06-13,AS,1,0,0
2022-06-12,AS,1,0,0
2022-06-11,AS,1,0,0
2022-06-10,AS,1,0,0
2022-06-09,AS,1,0,0
2022-06-08,AS,1,0,0
2022-06-07,AS,1,0,0
2022-06-06,AS,1,0,0
2022-06-05,AS,1,0,0
2022-06-04,AS,1,0,0
2022-06-03,AS,1,0,0
2022-06-02,AS,1,0,0
2022-06-01,AS,1,0,0
2022-05-31,AS,1,0,0
2022-05-30,AS,1,0,0
2022-05-29,AS,1,0,0
2022-05-28,AS,0,1,0
2022-05-27,AS,0,1,0
2022-05-26,AS,0,1,0
2022-05-25,AS,1,0,0
2022-05-24,AS,0,1,0
2022-05-23,AS,1,0,0
2022-05-22,AS,1,0,0
2022-05-21,AS,1,0,0
2022-05-20,AS,1,0,0
2022-05-19,AS,0,1,0
2022-05-18,AS,1,0,0
2022-05-17,AS,1,0,0
2022-05-16,AS,0,1,0
2022-05-15,AS,1,0,0
2022-05-14,AS,1,0,0
2022-05-13,AS,1,0,0
2022-05-12,AS,1,0,0
2022-05-11,AS,1,0,0
2022-05-10,AS,1,0,0
2022-05-09,AS,1,0,0
2022-05-08,AS,1,0,0
2022-05-07,AS,1,0,0
2022-05-06,AS,1,0,0
2022-05-05,AS,1,0,0
2022-05-04,AS,1,0,0
2022-05-03,AS,1,0,0
2022-05-02,AS,1,0,0
2022-05-01,AS,1,0,0
2022-04-30,AS,1,0,0
2022-04-29,AS,1,0,0
2022-04-28,AS,1,0,0
2022-04-27,AS,1,0,0
2022-04-26,AS,1,0,0
2022-04-25,AS,1,0,0
2022-04-24,AS,1,0,0
2022-04-23,AS,1,0,0
2022-04-22,AS,1,0,0
2022-04-21,AS,1,0,0
2022-04-20,AS,1,0,0
2022-04-19,AS,1,0,0
2022-04-18,AS,1,0,0
2022-04-17,AS,1,0,0
2022-04-16,AS,1,0,0
2022-04-15,AS,1,0,0
2022-04-14,AS,1,0,0
2022-04-13,AS,1,0,0
2022-04-12,AS,1,0,0
2022-04-11,AS,1,0,0
2022-04-10,AS,0,1,0
2022-04-09,AS,0,1,0
2022-04-08,AS,0,1,0
2022-04-07,AS,1,0,0
2022-04-06,AS,1,0,0
2022-04-05,AS,1,0,0
2022-04-04,AS,1,0,0
2022-04-03,AS,1,0,0
2022-04-02,AS,1,0,0
2022-04-01,AS,1,0,0
2022-03-31,AS,1,0,0
2022-03-30,AS,1,0,0
2022-03-29,AS,1,0,0
2022-03-28,AS,1,0,0
2022-03-27,AS,1,0,0
2022-03-26,AS,1,0,0
2022-03-25,AS,1,0,0
2022-03-24,AS,1,0,0
2022-03-23,AS,1,0,0
2022-03-22,AS,1,0,0
2022-03-21,AS,1,0,0
2022-03-20,AS,1,0,0
2022-03-19,AS,1,0,0
2022-03-18,AS,1,0,0
2022-03-17,AS,1,0,0
2022-03-16,AS,1,0,0
2022-03-15,AS,1,0,0
2022-03-14,AS,1,0,0
2022-03-13,AS,1,0,0
2022-03-12,AS,1,0,0
2022-03-11,AS,1,0,0
2022-03-10,AS,1,0,0
2022-03-09,AS,1,0,0
2022-03-08,AS,1,0,0
2022-03-07,AS,1,0,0
2022-03-06,AS,1,0,0
2022-03-05,AS,1,0,0
2022-03-04,AS,1,0,0
2022-03-03,AS,0,1,0
2022-03-02,AS,1,0,0
2022-03-01,AS,1,0,0
2022-02-28,AS,0,1,0
2022-02-27,AS,1,0,0
2022-02-26,AS,1,0,0
2022-02-25,AS,1,0,0
2022-02-24,AS,1,0,0
2022-02-23,AS,1,0,0
2022-02-22,AS,1,0,0
2022-02-21,AS,1,0,0
2022-02-20,AS,1,0,0
2022-02-19,AS,1,0,0
2022-02-18,AS,1,0,0
2022-02-17,AS,1,0,0
2022-02-16,AS,1,0,0
2022-02-15,AS,1,0,0
2022-02-14,AS,1,0,0
2022-02-13,AS,1,0,0
2022-02-12,AS,1,0,0
2022-02-11,AS,1,0,0
2022-02-10,AS,1,0,0
2022-02-09,AS,1,0,0
2022-02-08,AS,1,0,0
2022-02-07,AS,1,0,0
2022-02-06,AS,1,0,0
2022-02-05,AS,1,0,0
2022-02-04,AS,1,0,0
2022-02-03,AS,1,0,0
2022-02-02,AS,1,0,0
2022-02-01,AS,1,0,0
2022-01-31,AS,1,0,0
2022-01-30,AS,1,0,0
2022-01-29,AS,1,0,0
2022-01-28,AS,1,0,0
2022-01-27,AS,1,0,0
2022-01-26,AS,1,0,0
2022-01-25,AS,1,0,0
2022-01-24,AS,1,0,0
2022-01-23,AS,1,0,0
2022-01-22,AS,1,0,0
2022-01-21,AS,1,0,0
2022-01-20,AS,1,0,0
2022-01-19,AS,1,0,0
2022-01-18,AS,1,0,0
2022-01-17,AS,1,0,0
2022-01-16,AS,1,0,0
2022-01-15,AS,1,0,0
2022-01-14,AS,1,0,0
2022-01-13,AS,1,0,0
2022-01-12,AS,1,0,0
2022-01-11,AS,1,0,0
2022-01-10,AS,1,0,0
2022-01-09,AS,1,0,0
2022-01-08,AS,1,0,0
2022-01-07,AS,1,0,0
2022-01-06,AS,1,0,0
2022-01-05,AS,0,1,0
2022-01-04,AS,0,1,0
2022-01-03,AS,0,1,0
2022-01-02,AS,0,1,0
2022-01-01,AS,0,1,0
2021-12-31,AS,0,1,0
2021-12-30,AS,0,1,0
2021-12-29,AS,0,1,0
2021-12-28,AS,0,1,0
2021-12-27,AS,0,1,0
2021-12-26,AS,0,1,0
2021-12-25,AS,0,1,0
2021-12-24,AS,0,1,0
2021-12-23,AS,0,1,0
2021-12-22,AS,0,1,0
2021-12-21,AS,0,1,0
2021-12-20,AS,0,1,0
2021-12-19,AS,0,1,0
2021-12-18,AS,0,1,0
2021-12-17,AS,0,1,0
2021-12-16,AS,0,1,0
2021-12-15,AS,0,1,0
2021-12-14,AS,0,1,0
2021-12-13,AS,0,1,0
2021-12-12,AS,0,1,0
2021-12-11,AS,0,1,0
2021-12-10,AS,0,1,0
2021-12-09,AS,0,1,0
2021-12-08,AS,0,1,0
2021-12-07,AS,0,1,0
2021-12-06,AS,0,1,0
2021-12-05,AS,0,1,0
2021-12-04,AS,0,1,0
2021-12-03,AS,0,1,0
2021-12-02,AS,0,1,0
2021-12-01,AS,0,1,0
2021-11-30,AS,0,1,0
2021-11-29,AS,0,1,0
2021-11-28,AS,0,1,0
2021-11-27,AS,0,1,0
2021-11-26,AS,0,1,0
2021-11-25,AS,0,1,0
2021-11-24,AS,0,1,0
2021-11-23,AS,0,1,0
2021-11-22,AS,0,1,0
2021-11-21,AS,0,1,0
2021-11-20,AS,0,1,0
2021-11-19,AS,0,1,0
2021-11-18,AS,0,1,0
2021-11-17,AS,0,1,0
2021-11-16,AS,0,1,0
2021-11-15,AS,0,1,0
2021-11-14,AS,0,1,0
2021-11-13,AS,0,1,0
2021-11-12,AS,0,1,0
2021-11-11,AS,0,1,0
2021-11-10,AS,0,1,0
2021-11-09,AS,0,1,0
2021-11-08,AS,0,1,0
2021-11-07,AS,0,1,0
2021-11-06,AS,0,1,0
2021-11-05,AS,0,1,0
2021-11-04,AS,0,1,0
2021-11-03,AS,0,1,0
2021-11-02,AS,0,1,0
2021-11-01,AS,0,1,0
2021-10-31,AS,0,1,0
2021-10-30,AS,0,1,0
2021-10-29,AS,0,1,0
2021-10-28,AS,0,1,0
2021-10-27,AS,0,1,0
2021-10-26,AS,0,1,0
2021-10-25,AS,0,1,0
2021-10-24,AS,0,1,0
2021-10-23,AS,0,1,0
2021-10-22,AS,0,1,0
2021-10-21,AS,0,1,0
2021-10-20,AS,0,1,0
2021-10-19,AS,0,1,0
2021-10-18,AS,0,1,0
2021-10-17,AS,0,1,0
2021-10-16,AS,0,1,0
2021-10-15,AS,0,1,0
2021-10-14,AS,0,1,0
2021-10-13,AS,0,1,0
2021-10-12,AS,0,1,0
2021-10-11,AS,0,1,0
2021-10-10,AS,0,1,0
2021-10-09,AS,0,1,0
2021-10-08,AS,0,1,0
2021-10-07,AS,0,1,0
2021-10-06,AS,0,1,0
2021-10-05,AS,0,1,0
2021-10-04,AS,0,1,0
2021-10-03,AS,0,1,0
2021-10-02,AS,0,1,0
2021-10-01,AS,0,1,0
2021-09-30,AS,0,1,0
2021-09-29,AS,0,1,0
2021-09-28,AS,0,1,0
2021-09-27,AS,0,1,0
2021-09-26,AS,0,1,0
2021-09-25,AS,0,1,0
2021-09-24,AS,0,1,0
2021-09-23,AS,0,1,0
2021-09-22,AS,0,1,0
2021-09-21,AS,0,1,0
2021-09-20,AS,0,1,0
2021-09-19,AS,0,1,0
2021-09-18,AS,0,1,0
2021-09-17,AS,0,1,0
2021-09-16,AS,0,1,0
2021-09-15,AS,0,1,0
2021-09-14,AS,0,1,0
2021-09-13,AS,0,1,0
2021-09-12,AS,0,1,0
2021-09-11,AS,0,1,0
2021-09-10,AS,0,1,0
2021-09-09,AS,0,1,0
2021-09-08,AS,0,1,0
2021-09-07,AS,0,1,0
2021-09-06,AS,0,1,0
2021-09-05,AS,0,1,0
2021-09-04,AS,0,1,0
2021-09-03,AS,0,1,0
2021-09-02,AS,0,1,0
2021-09-01,AS,0,1,0
2021-08-31,AS,0,1,0
2021-08-30,AS,0,1,0
2021-08-29,AS,0,1,0
2021-08-28,AS,0,1,0
2021-08-27,AS,0,1,0
2021-08-26,AS,0,1,0
2021-08-25,AS,0,1,0
2021-08-24,AS,0,1,0
2023-04-10,AZ,3,45,28
2023-04-09,AZ,3,48,28
2023-04-08,AZ,3,48,28
2023-04-07,AZ,3,49,28
2023-04-06,AZ,2,53,29
2023-04-05,AZ,3,57,24
2023-04-04,AZ,3,54,32
2023-04-03,AZ,3,55,31
2023-04-02,AZ,3,54,32
2023-04-01,AZ,3,54,32
2023-03-31,AZ,3,55,31
2023-03-30,AZ,3,55,31
2023-03-29,AZ,2,62,25
2023-03-28,AZ,2,56,31
2023-03-27,AZ,2,56,31
2023-03-26,AZ,2,55,32
2023-03-25,AZ,2,55,32
2023-03-24,AZ,2,56,32
2023-03-23,AZ,2,57,31
2023-03-22,AZ,3,62,25
2023-03-21,AZ,3,56,31
2023-03-20,AZ,4,56,30
2023-03-19,AZ,4,54,31
2023-03-18,AZ,3,55,31
2023-03-17,AZ,4,55,30
2023-03-16,AZ,3,55,31
2023-03-15,AZ,4,61,24
2023-03-14,AZ,3,56,30
2023-03-13,AZ,2,57,31
2023-03-12,AZ,2,58,32
2023-03-11,AZ,2,58,32
2023-03-10,AZ,3,59,30
2023-03-09,AZ,3,58,31
2023-03-08,AZ,4,63,25
2023-03-07,AZ,4,55,31
2023-03-06,AZ,3,56,31
2023-03-05,AZ,4,56,31
2023-03-04,AZ,4,57,31
2023-03-03,AZ,5,58,30
2023-03-02,AZ,4,58,31
2023-03-01,AZ,3,66,24
2023-02-28,AZ,3,57,32
2023-02-27,AZ,3,59,30
2023-02-26,AZ,3,57,31
2023-02-25,AZ,3,57,31
2023-02-24,AZ,3,57,31
2023-02-23,AZ,3,57,31
2023-02-22,AZ,5,61,25
2023-02-21,AZ,4,55,31
2023-02-20,AZ,4,56,31
2023-02-19,AZ,4,58,31
2023-02-18,AZ,3,59,31
2023-02-17,AZ,3,59,31
2023-02-16,AZ,5,56,32
2023-02-15,AZ,2,66,25
2023-02-14,AZ,3,56,32
2023-02-13,AZ,3,58,30
2023-02-12,AZ,3,57,31
2023-02-11,AZ,3,57,31
2023-02-10,AZ,2,59,30
2023-02-09,AZ,4,56,31
2023-02-08,AZ,4,62,25
2023-02-07,AZ,4,56,31
2023-02-06,AZ,5,58,30
2023-02-05,AZ,4,59,31
2023-02-04,AZ,4,60,31
2023-02-03,AZ,5,59,31
2023-02-02,AZ,4,58,32
2023-02-01,AZ,4,66,23
2023-01-31,AZ,3,59,30
2023-01-30,AZ,4,55,31
2023-01-29,AZ,4,55,32
2023-01-28,AZ,3,56,32
2023-01-27,AZ,4,57,30
2023-01-26,AZ,4,55,32
2023-01-25,AZ,6,60,25
2023-01-24,AZ,3,55,33
2023-01-23,AZ,4,56,31
2023-01-22,AZ,4,56,32
2023-01-21,AZ,5,56,31
2023-01-20,AZ,5,56,31
2023-01-19,AZ,4,55,32
2023-01-18,AZ,3,63,25
2023-01-17,AZ,4,54,32
2023-01-16,AZ,3,56,32
2023-01-15,AZ,3,57,32
2023-01-14,AZ,3,58,32
2023-01-13,AZ,3,59,31
2023-01-12,AZ,3,58,32
2023-01-11,AZ,3,64,25
2023-01-10,AZ,4,55,31
2023-01-09,AZ,4,55,31
2023-01-08,AZ,5,55,31
2023-01-07,AZ,4,58,31
2023-01-06,AZ,5,58,30
2023-01-05,AZ,4,56,33
2023-01-04,AZ,4,66,24
2023-01-03,AZ,3,59,31
2023-01-02,AZ,2,61,31
2023-01-01,AZ,3,62,31
2022-12-31,AZ,3,63,28
2022-12-30,AZ,3,63,28
2022-12-29,AZ,4,62,30
2022-12-28,AZ,4,66,25
2022-12-27,AZ,4,58,31
2022-12-26,AZ,5,56,31
2022-12-25,AZ,5,57,31
2022-12-24,AZ,5,58,31
2022-12-23,AZ,4,60,31
2022-12-22,AZ,4,60,31
2022-12-21,AZ,3,68,24
2022-12-20,AZ,3,58,33
2022-12-19,AZ,5,57,31
2022-12-18,AZ,4,59,31
2022-12-17,AZ,5,59,31
2022-12-16,AZ,4,57,35
2022-12-15,AZ,4,61,31
2022-12-14,AZ,5,68,21
2022-12-13,AZ,5,60,27
2022-12-12,AZ,5,61,27
2022-12-11,AZ,5,62,28
2022-12-10,AZ,5,62,28
2022-12-09,AZ,5,64,27
2022-12-08,AZ,5,64,27
2022-12-07,AZ,4,71,21
2022-12-06,AZ,4,62,27
2022-12-05,AZ,4,62,27
2022-12-04,AZ,4,61,28
2022-12-03,AZ,4,62,28
2022-12-02,AZ,4,64,27
2022-12-01,AZ,4,65,25
2022-11-30,AZ,5,68,21
2022-11-29,AZ,5,61,28
2022-11-28,AZ,5,62,27
2022-11-27,AZ,5,61,28
2022-11-26,AZ,5,61,28
2022-11-25,AZ,4,62,28
2022-11-24,AZ,5,62,27
2022-11-23,AZ,3,69,22
2022-11-22,AZ,4,60,29
2022-11-21,AZ,4,61,28
2022-11-20,AZ,4,63,28
2022-11-19,AZ,4,63,28
2022-11-18,AZ,4,66,25
2022-11-17,AZ,5,63,27
2022-11-16,AZ,5,69,21
2022-11-15,AZ,5,61,28
2022-11-14,AZ,5,62,27
2022-11-13,AZ,4,63,28
2022-11-12,AZ,5,62,28
2022-11-11,AZ,5,62,28
2022-11-10,AZ,5,63,27
2022-11-09,AZ,4,69,22
2022-11-08,AZ,4,63,27
2022-11-07,AZ,4,62,28
2022-11-06,AZ,4,64,28
2022-11-05,AZ,4,64,28
2022-11-04,AZ,4,66,27
2022-11-03,AZ,4,65,28
2022-11-02,AZ,5,71,21
2022-11-01,AZ,5,63,27
2022-10-31,AZ,5,63,27
2022-10-30,AZ,5,63,27
2022-10-29,AZ,5,64,27
2022-10-28,AZ,5,64,27
2022-10-27,AZ,5,64,27
2022-10-26,AZ,4,71,21
2022-10-25,AZ,4,63,27
2022-10-24,AZ,4,62,27
2022-10-23,AZ,4,63,27
2022-10-22,AZ,4,63,27
2022-10-21,AZ,4,63,27
2022-10-20,AZ,5,61,27
2022-10-19,AZ,5,67,21
2022-10-18,AZ,4,63,26
2022-10-17,AZ,4,63,27
2022-10-16,AZ,4,64,27
2022-10-15,AZ,4,64,27
2022-10-14,AZ,5,63,27
2022-10-13,AZ,5,63,27
2022-10-12,AZ,5,69,21
2022-10-11,AZ,5,61,27
2022-10-10,AZ,5,63,27
2022-10-09,AZ,5,67,27
2022-10-08,AZ,5,67,27
2022-10-07,AZ,5,67,27
2022-10-06,AZ,4,68,27
2022-10-05,AZ,5,71,21
2022-10-04,AZ,5,63,27
2022-10-03,AZ,4,64,27
2022-10-02,AZ,4,64,27
2022-10-01,AZ,5,63,27
2022-09-30,AZ,5,63,27
2022-09-29,AZ,5,63,27
2022-09-28,AZ,3,71,21
2022-09-27,AZ,4,63,27
2022-09-26,AZ,4,64,27
2022-09-25,AZ,4,64,27
2022-09-24,AZ,4,64,27
2022-09-23,AZ,4,64,27
2022-09-22,AZ,5,62,27
2022-09-21,AZ,5,67,21
2022-09-20,AZ,5,62,27
2022-09-19,AZ,5,63,26
2022-09-18,AZ,5,62,27
2022-09-17,AZ,5,63,27
2022-09-16,AZ,5,63,27
2022-09-15,AZ,4,64,27
2022-09-14,AZ,4,70,21
2022-09-13,AZ,4,63,27
2022-09-12,AZ,4,63,27
2022-09-11,AZ,4,64,27
2022-09-10,AZ,4,64,27
2022-09-09,AZ,5,69,27
2022-09-08,AZ,6,68,27
2022-09-07,AZ,6,74,21
2022-09-06,AZ,6,69,26
2022-09-05,AZ,6,67,27
2022-09-04,AZ,5,68,27
2022-09-03,AZ,6,67,27
2022-09-02,AZ,5,68,27
2022-09-01,AZ,5,69,26
2022-08-31,AZ,5,74,21
2022-08-30,AZ,5,67,27
2022-08-29,AZ,4,68,27
2022-08-28,AZ,5,70,27
2022-08-27,AZ,5,71,27
2022-08-26,AZ,5,71,27
2022-08-25,AZ,6,70,27
2022-08-24,AZ,6,76,21
2022-08-23,AZ,6,68,27
2022-08-22,AZ,6,68,27
2022-08-21,AZ,6,77,27
2022-08-20,AZ,6,77,27
2022-08-19,AZ,6,77,27
2022-08-18,AZ,6,76,27
2022-08-17,AZ,5,83,21
2022-08-16,AZ,5,69,27
2022-08-15,AZ,5,70,27
2022-08-14,AZ,5,86,27
2022-08-13,AZ,5,86,27
2022-08-12,AZ,5,86,27
2022-08-11,AZ,5,86,27
2022-08-10,AZ,6,91,21
2022-08-09,AZ,6,69,27
2022-08-08,AZ,6,70,26
2022-08-07,AZ,6,83,27
2022-08-06,AZ,6,83,27
2022-08-05,AZ,6,83,27
2022-08-04,AZ,6,83,27
2022-08-03,AZ,6,89,21
2022-08-02,AZ,5,70,27
2022-08-01,AZ,5,71,26
2022-07-31,AZ,6,85,27
2022-07-30,AZ,6,85,27
2022-07-29,AZ,7,84,27
2022-07-28,AZ,7,84,27
2022-07-27,AZ,7,90,21
2022-07-26,AZ,7,69,26
2022-07-25,AZ,6,69,27
2022-07-24,AZ,8,82,27
2022-07-23,AZ,8,82,27
2022-07-22,AZ,7,83,27
2022-07-21,AZ,6,84,27
2022-07-20,AZ,5,92,21
2022-07-19,AZ,4,71,27
2022-07-18,AZ,4,72,27
2022-07-17,AZ,5,85,27
2022-07-16,AZ,5,85,27
2022-07-15,AZ,6,85,26
2022-07-14,AZ,5,84,27
2022-07-13,AZ,6,82,27
2022-07-12,AZ,4,71,27
2022-07-11,AZ,5,70,27
2022-07-10,AZ,6,85,27
2022-07-09,AZ,6,85,27
2022-07-08,AZ,5,86,27
2022-07-07,AZ,6,85,27
2022-07-06,AZ,7,90,21
2022-07-05,AZ,4,70,27
2022-07-04,AZ,5,70,27
2022-07-03,AZ,6,84,27
2022-07-02,AZ,7,84,27
2022-07-01,AZ,7,84,27
2022-06-30,AZ,7,84,27
2022-06-29,AZ,7,89,21
2022-06-28,AZ,5,71,27
2022-06-27,AZ,6,70,27
2022-06-26,AZ,6,86,27
2022-06-25,AZ,6,86,27
2022-06-24,AZ,6,86,27
2022-06-23,AZ,6,86,26
2022-06-22,AZ,6,91,21
2022-06-21,AZ,6,71,27
2022-06-20,AZ,6,70,27
2022-06-19,AZ,6,86,27
2022-06-18,AZ,6,86,27
2022-06-17,AZ,6,85,27
2022-06-16,AZ,6,85,27
2022-06-15,AZ,6,85,27
2022-06-14,AZ,6,70,27
2022-06-13,AZ,5,72,27
2022-06-12,AZ,6,85,27
2022-06-11,AZ,6,85,27
2022-06-10,AZ,6,85,27
2022-06-09,AZ,6,85,27
2022-06-08,AZ,6,91,21
2022-06-07,AZ,5,70,27
2022-06-06,AZ,6,69,27
2022-06-05,AZ,6,85,27
2022-06-04,AZ,6,86,27
2022-06-03,AZ,5,87,27
2022-06-02,AZ,5,87,27
2022-06-01,AZ,5,94,20
2022-05-31,AZ,5,70,27
2022-05-30,AZ,6,69,27
2022-05-29,AZ,6,87,27
2022-05-28,AZ,6,87,27
2022-05-27,AZ,4,89,27
2022-05-26,AZ,5,88,27
2022-05-25,AZ,5,95,20
2022-05-24,AZ,6,71,27
2022-05-23,AZ,6,70,26
2022-05-22,AZ,6,87,27
2022-05-21,AZ,6,87,27
2022-05-20,AZ,6,87,27
2022-05-19,AZ,4,89,27
2022-05-18,AZ,4,95,21
2022-05-17,AZ,5,71,27
2022-05-16,AZ,6,70,27
2022-05-15,AZ,7,86,27
2022-05-14,AZ,7,86,27
2022-05-13,AZ,7,87,26
2022-05-12,AZ,5,88,27
2022-05-11,AZ,6,93,21
2022-05-10,AZ,6,69,27
2022-05-09,AZ,5,72,27
2022-05-08,AZ,6,86,27
2022-05-07,AZ,6,86,27
2022-05-06,AZ,6,86,27
2022-05-05,AZ,5,87,27
2022-05-04,AZ,5,92,21
2022-05-03,AZ,6,70,27
2022-05-02,AZ,5,71,27
2022-05-01,AZ,6,86,27
2022-04-30,AZ,7,85,27
2022-04-29,AZ,7,85,27
2022-04-28,AZ,6,86,27
2022-04-27,AZ,6,91,21
2022-04-26,AZ,6,68,27
2022-04-25,AZ,6,68,27
2022-04-24,AZ,6,86,27
2022-04-23,AZ,6,86,27
2022-04-22,AZ,6,87,27
2022-04-21,AZ,5,88,27
2022-04-20,AZ,5,94,21
2022-04-19,AZ,5,71,27
2022-04-18,AZ,6,70,27
2022-04-17,AZ,5,87,27
2022-04-16,AZ,6,87,27
2022-04-15,AZ,7,86,27
2022-04-14,AZ,6,87,27
2022-04-13,AZ,6,93,21
2022-04-12,AZ,6,73,27
2022-04-11,AZ,6,71,27
2022-04-10,AZ,7,85,27
2022-04-09,AZ,7,85,27
2022-04-08,AZ,6,86,27
2022-04-07,AZ,6,85,27
2022-04-06,AZ,6,90,21
2022-04-05,AZ,4,68,27
2022-04-04,AZ,5,68,27
2022-04-03,AZ,5,85,27
2022-04-02,AZ,6,86,26
2022-04-01,AZ,4,87,27
2022-03-31,AZ,4,87,27
2022-03-30,AZ,5,92,21
2022-03-29,AZ,5,70,27
2022-03-28,AZ,6,70,27
2022-03-27,AZ,7,86,27
2022-03-26,AZ,7,86,27
2022-03-25,AZ,7,86,27
2022-03-24,AZ,6,87,27
2022-03-23,AZ,6,93,21
2022-03-22,AZ,6,70,27
2022-03-21,AZ,6,72,27
2022-03-20,AZ,6,87,27
2022-03-19,AZ,6,87,27
2022-03-18,AZ,7,86,27
2022-03-17,AZ,6,87,27
2022-03-16,AZ,7,92,21
2022-03-15,AZ,7,70,27
2022-03-14,AZ,7,70,27
2022-03-13,AZ,8,84,27
2022-03-12,AZ,7,85,27
2022-03-11,AZ,7,86,27
2022-03-10,AZ,7,86,27
2022-03-09,AZ,7,91,21
2022-03-08,AZ,7,71,27
2022-03-07,AZ,8,71,27
2022-03-06,AZ,7,85,27
2022-03-05,AZ,7,86,27
2022-03-04,AZ,8,85,27
2022-03-03,AZ,7,86,27
2022-03-02,AZ,8,92,19
2022-03-01,AZ,8,71,27
2022-02-28,AZ,9,71,27
2022-02-27,AZ,9,86,27
2022-02-26,AZ,7,88,27
2022-02-25,AZ,11,90,21
2022-02-24,AZ,9,92,21
2022-02-23,AZ,10,90,21
2022-02-22,AZ,12,72,21
2022-02-21,AZ,12,72,21
2022-02-20,AZ,13,86,21
2022-02-19,AZ,12,87,21
2022-02-18,AZ,13,86,21
2022-02-17,AZ,13,86,21
2022-02-16,AZ,13,86,21
2022-02-15,AZ,13,70,21
2022-02-14,AZ,13,71,21
2022-02-13,AZ,14,86,21
2022-02-12,AZ,13,87,21
2022-02-11,AZ,13,87,21
2022-02-10,AZ,12,88,21
2022-02-09,AZ,13,88,19
2022-02-08,AZ,13,66,27
2022-02-07,AZ,13,65,27
2022-02-06,AZ,13,81,27
2022-02-05,AZ,14,80,27
2022-02-04,AZ,13,81,27
2022-02-03,AZ,15,78,27
2022-02-02,AZ,14,85,21
2022-02-01,AZ,15,65,27
2022-01-31,AZ,32,66,9
2022-01-30,AZ,33,79,9
2022-01-29,AZ,34,78,9
2022-01-28,AZ,32,80,9
2022-01-27,AZ,33,79,9
2022-01-26,AZ,33,84,3
2022-01-25,AZ,32,65,9
2022-01-24,AZ,33,63,9
2022-01-23,AZ,34,84,3
2022-01-22,AZ,32,86,3
2022-01-21,AZ,34,84,3
2022-01-20,AZ,32,80,9
2022-01-19,AZ,31,87,3
2022-01-18,AZ,32,70,3
2022-01-17,AZ,39,63,3
2022-01-16,AZ,42,76,3
2022-01-15,AZ,42,76,3
2022-01-14,AZ,40,78,3
2022-01-13,AZ,40,78,3
2022-01-12,AZ,37,81,3
2022-01-11,AZ,36,67,3
2022-01-10,AZ,38,65,3
2022-01-09,AZ,34,85,3
2022-01-08,AZ,36,83,3
2022-01-07,AZ,34,85,3
2022-01-06,AZ,34,85,3
2022-01-05,AZ,35,84,3
2022-01-04,AZ,36,66,3
2022-01-03,AZ,37,66,3
2022-01-02,AZ,34,84,3
2022-01-01,AZ,33,85,3
2021-12-31,AZ,34,84,3
2021-12-30,AZ,35,83,3
2021-12-29,AZ,33,84,3
2021-12-28,AZ,33,70,3
2021-12-27,AZ,33,70,3
2021-12-26,AZ,33,83,3
2021-12-25,AZ,33,83,3
2021-12-24,AZ,31,85,3
2021-12-23,AZ,34,81,3
2021-12-22,AZ,34,81,3
2021-12-21,AZ,32,70,3
2021-12-20,AZ,33,72,3
2021-12-19,AZ,34,85,3
2021-12-18,AZ,33,86,3
2021-12-17,AZ,34,85,3
2021-12-16,AZ,34,85,3
2021-12-15,AZ,32,84,3
2021-12-14,AZ,32,70,3
2021-12-13,AZ,30,72,3
2021-12-12,AZ,33,83,3
2021-12-11,AZ,33,83,3
2021-12-10,AZ,33,83,3
2021-12-09,AZ,34,82,3
2021-12-08,AZ,32,84,3
2021-12-07,AZ,32,70,3
2021-12-06,AZ,31,72,3
2021-12-05,AZ,31,87,3
2021-12-04,AZ,31,87,3
2021-12-03,AZ,32,86,3
2021-12-02,AZ,33,85,3
2021-12-01,AZ,33,87,3
2021-11-30,AZ,34,71,3
2021-11-29,AZ,34,71,3
2021-11-28,AZ,35,83,3
2021-11-27,AZ,34,87,3
2021-11-26,AZ,34,87,3
2021-11-25,AZ,35,86,3
2021-11-24,AZ,35,86,3
2021-11-23,AZ,35,72,3
2021-11-22,AZ,35,70,3
2021-11-21,AZ,33,88,3
2021-11-20,AZ,34,87,3
2021-11-19,AZ,32,89,3
2021-11-18,AZ,33,88,3
2021-11-17,AZ,34,87,3
2021-11-16,AZ,33,72,3
2021-11-15,AZ,33,72,3
2021-11-14,AZ,32,89,3
2021-11-13,AZ,33,88,3
2021-11-12,AZ,34,87,3
2021-11-11,AZ,33,88,3
2021-11-10,AZ,33,88,3
2021-11-09,AZ,34,72,3
2021-11-08,AZ,33,72,3
2021-11-07,AZ,34,85,3
2021-11-06,AZ,33,86,3
2021-11-05,AZ,32,87,3
2021-11-04,AZ,32,87,3
2021-11-03,AZ,33,86,3
2021-11-02,AZ,32,74,3
2021-11-01,AZ,33,72,3
2021-10-31,AZ,33,89,3
2021-10-30,AZ,31,91,3
2021-10-29,AZ,32,90,3
2021-10-28,AZ,33,89,3
2021-10-27,AZ,30,92,3
2021-10-26,AZ,34,71,3
2021-10-25,AZ,32,73,3
2021-10-24,AZ,32,89,3
2021-10-23,AZ,33,89,3
2021-10-22,AZ,31,91,3
2021-10-21,AZ,33,89,3
2021-10-20,AZ,32,90,3
2021-10-19,AZ,33,73,3
2021-10-18,AZ,32,73,3
2021-10-17,AZ,33,88,3
2021-10-16,AZ,33,89,3
2021-10-15,AZ,31,91,3
2021-10-14,AZ,30,92,3
2021-10-13,AZ,33,89,3
2021-10-12,AZ,30,76,3
2021-10-11,AZ,31,74,3
2021-10-10,AZ,31,89,3
2021-10-09,AZ,31,89,3
2021-10-08,AZ,32,88,3
2021-10-07,AZ,32,88,3
2021-10-06,AZ,34,86,3
2021-10-05,AZ,32,74,3
2021-10-04,AZ,33,73,3
2021-10-03,AZ,31,91,3
2021-10-02,AZ,31,91,3
2021-10-01,AZ,32,90,3
2021-09-30,AZ,32,90,3
2021-09-29,AZ,35,87,3
2021-09-28,AZ,36,70,3
2021-09-27,AZ,36,70,3
2021-09-26,AZ,35,87,3
2021-09-25,AZ,35,87,3
2021-09-24,AZ,36,86,3
2021-09-23,AZ,36,86,3
2021-09-22,AZ,36,86,3
2021-09-21,AZ,35,71,3
2021-09-20,AZ,35,71,3
2021-09-19,AZ,35,86,3
2021-09-18,AZ,36,85,3
2021-09-17,AZ,37,84,3
2021-09-16,AZ,33,88,3
2021-09-15,AZ,36,85,3
2021-09-14,AZ,35,70,3
2021-09-13,AZ,33,73,3
2021-09-12,AZ,34,87,3
2021-09-11,AZ,35,86,3
2021-09-10,AZ,35,86,3
2021-09-09,AZ,35,86,3
2021-09-08,AZ,35,85,3
2021-09-07,AZ,34,71,3
2021-09-06,AZ,36,68,3
2021-09-05,AZ,35,85,3
2021-09-04,AZ,35,86,3
2021-09-03,AZ,34,87,3
2021-09-02,AZ,35,86,3
2021-09-01,AZ,34,87,3
2021-08-31,AZ,37,68,3
2021-08-30,AZ,34,71,3
2021-08-29,AZ,36,86,3
2021-08-28,AZ,37,85,3
2021-08-27,AZ,34,88,3
2021-08-26,AZ,35,87,3
2021-08-25,AZ,36,86,3
2021-08-24,AZ,35,70,3
2021-08-23,AZ,34,72,3
2021-08-22,AZ,34,89,3
2021-08-21,AZ,34,89,3
2021-08-20,AZ,31,92,3
2021-08-19,AZ,34,89,3
2021-08-18,AZ,33,89,3
2021-08-17,AZ,31,75,3
2021-08-16,AZ,30,76,3
2021-08-15,AZ,33,90,3
2021-08-14,AZ,32,91,3
2021-08-13,AZ,33,90,3
2021-08-12,AZ,31,92,3
2021-08-11,AZ,30,93,3
2021-08-10,AZ,31,74,3
2021-08-09,AZ,32,73,3
2021-08-08,AZ,31,92,3
2021-08-07,AZ,31,92,3
2021-08-06,AZ,29,94,3
2021-08-05,AZ,30,93,3
2021-08-04,AZ,29,94,3
2021-08-03,AZ,31,74,3
2021-08-02,AZ,30,75,3
2021-08-01,AZ,31,91,3
2021-07-31,AZ,30,92,3
2021-07-30,AZ,30,92,3
2021-07-29,AZ,30,92,3
2021-07-28,AZ,31,91,3
2021-07-27,AZ,31,74,3
2021-07-26,AZ,31,74,3
2021-07-25,AZ,29,94,3
2021-07-24,AZ,29,94,3
2021-07-23,AZ,28,95,3
2021-07-22,AZ,28,95,3
2021-07-21,AZ,27,95,3
2021-07-20,AZ,26,72,3
2021-07-19,AZ,28,70,3
2021-07-18,AZ,27,94,3
2021-07-17,AZ,27,94,3
2021-07-16,AZ,28,94,3
2021-07-15,AZ,27,95,3
2021-07-14,AZ,28,94,3
2021-07-13,AZ,28,70,3
2021-07-12,AZ,28,71,3
2021-07-11,AZ,27,95,3
2021-07-10,AZ,28,93,3
2021-07-09,AZ,29,92,3
2021-07-08,AZ,29,92,3
2021-07-07,AZ,29,91,3
2021-07-06,AZ,29,70,3
2021-07-05,AZ,27,74,3
2021-07-04,AZ,27,94,3
2021-07-03,AZ,28,94,3
2021-07-02,AZ,27,95,3
2021-07-01,AZ,26,95,3
2021-06-30,AZ,28,91,3
2021-06-29,AZ,26,73,3
2021-06-28,AZ,27,74,3
2021-06-27,AZ,28,94,3
2021-06-26,AZ,28,94,3
2021-06-25,AZ,27,95,3
2021-06-24,AZ,28,94,3
2021-06-23,AZ,27,94,3
2021-06-22,AZ,28,70,3
2021-06-21,AZ,28,71,3
2021-06-20,AZ,26,96,3
2021-06-19,AZ,26,96,3
2021-06-18,AZ,27,95,3
2021-06-17,AZ,29,93,3
2021-06-16,AZ,27,95,3
2021-06-15,AZ,28,71,3
2021-06-14,AZ,27,73,3
2021-06-13,AZ,26,97,3
2021-06-12,AZ,27,96,3
2021-06-11,AZ,26,96,3
2021-06-10,AZ,27,95,3
2021-06-09,AZ,28,93,3
2021-06-08,AZ,28,70,3
2021-06-07,AZ,28,70,3
2021-06-06,AZ,26,95,3
2021-06-05,AZ,26,95,3
2021-06-04,AZ,28,93,3
2021-06-03,AZ,27,93,3
2021-06-02,AZ,25,95,3
2021-06-01,AZ,26,71,3
2021-05-31,AZ,24,73,3
2021-05-30,AZ,27,94,3
2021-05-29,AZ,27,94,3
2021-05-28,AZ,25,96,3
2021-05-27,AZ,27,95,3
2021-05-26,AZ,28,94,3
2021-05-25,AZ,25,73,3
2021-05-24,AZ,28,70,3
2021-05-23,AZ,27,94,3
2021-05-22,AZ,26,95,3
2021-05-21,AZ,27,94,3
2021-05-20,AZ,27,94,3
2021-05-19,AZ,26,95,3
2021-05-18,AZ,27,71,3
2021-05-17,AZ,27,71,3
2021-05-16,AZ,25,97,3
2021-05-15,AZ,26,96,3
2021-05-14,AZ,24,98,3
2021-05-13,AZ,26,95,3
2021-05-12,AZ,27,94,3
2021-05-11,AZ,25,72,3
2021-05-10,AZ,24,74,3
2021-05-09,AZ,26,97,3
2021-05-08,AZ,26,97,3
2021-05-07,AZ,26,97,3
2021-05-06,AZ,26,97,3
2021-05-05,AZ,26,96,3
2021-05-04,AZ,21,78,3
2021-05-03,AZ,25,74,3
2021-05-02,AZ,27,95,3
2021-05-01,AZ,26,96,3
2021-04-30,AZ,26,96,3
2021-04-29,AZ,26,96,3
2021-04-28,AZ,26,96,3
2021-04-27,AZ,28,72,3
2021-04-26,AZ,28,72,3
2021-04-25,AZ,25,98,3
2021-04-24,AZ,28,95,3
2021-04-23,AZ,28,95,3
2021-04-22,AZ,28,94,3
2021-04-21,AZ,29,93,3
2021-04-20,AZ,27,72,3
2021-04-19,AZ,28,71,3
2021-04-18,AZ,27,95,3
2021-04-17,AZ,27,95,3
2021-04-16,AZ,25,97,3
2021-04-15,AZ,26,96,3
2021-04-14,AZ,27,95,3
2021-04-13,AZ,28,71,3
2021-04-12,AZ,26,76,3
2021-04-11,AZ,23,100,3
2021-04-10,AZ,24,99,3
2021-04-09,AZ,25,98,3
2021-04-08,AZ,27,96,3
2021-04-07,AZ,26,96,3
2021-04-06,AZ,28,78,3
2021-04-05,AZ,28,80,3
2021-04-04,AZ,28,95,3
2021-04-03,AZ,27,96,3
2021-04-02,AZ,26,97,3
2021-04-01,AZ,26,97,3
2021-03-31,AZ,28,95,3
2021-03-30,AZ,26,77,3
2021-03-29,AZ,28,75,3
2021-03-28,AZ,27,95,3
2021-03-27,AZ,27,94,3
2021-03-26,AZ,27,94,3
2021-03-25,AZ,27,95,3
2021-03-24,AZ,26,96,3
2021-03-23,AZ,27,74,3
2021-03-22,AZ,26,76,3
2021-03-21,AZ,26,97,3
2021-03-20,AZ,27,96,3
2021-03-19,AZ,26,97,3
2021-03-18,AZ,27,96,3
2021-03-17,AZ,25,97,3
2021-03-16,AZ,25,76,3
2021-03-15,AZ,26,74,3
2021-03-14,AZ,24,99,3
2021-03-13,AZ,27,96,3
2021-03-12,AZ,24,99,3
2021-03-11,AZ,25,98,3
2021-03-10,AZ,26,97,3
2021-03-09,AZ,26,76,3
2021-03-08,AZ,28,76,3
2021-03-07,AZ,26,97,3
2021-03-06,AZ,26,97,3
2021-03-05,AZ,25,98,3
2021-03-04,AZ,27,96,3
2021-03-03,AZ,27,95,3
2021-03-02,AZ,28,74,3
2021-03-01,AZ,28,74,3
2021-02-28,AZ,29,94,3
2021-02-27,AZ,29,94,3
2021-02-26,AZ,30,93,3
2021-02-25,AZ,30,93,3
2021-02-24,AZ,28,95,3
2021-02-23,AZ,27,75,3
2021-02-22,AZ,31,71,3
2021-02-21,AZ,31,92,3
2021-02-20,AZ,30,93,3
2021-02-19,AZ,26,97,3
2021-02-18,AZ,27,96,3
2021-02-17,AZ,28,95,3
2021-02-16,AZ,28,74,3
2021-02-15,AZ,29,73,3
2021-02-14,AZ,32,91,3
2021-02-13,AZ,32,90,3
2021-02-12,AZ,31,91,3
2021-02-11,AZ,32,90,3
2021-02-10,AZ,32,90,3
2021-02-09,AZ,29,74,3
2021-02-08,AZ,31,70,3
2021-02-07,AZ,33,89,3
2021-02-06,AZ,34,88,3
2021-02-05,AZ,33,89,3
2021-02-04,AZ,34,88,3
2021-02-03,AZ,34,88,3
2021-02-02,AZ,31,70,3
2021-02-01,AZ,34,67,3
2021-01-31,AZ,31,92,3
2021-01-30,AZ,31,92,3
2021-01-29,AZ,31,92,3
2021-01-28,AZ,31,92,3
2021-01-27,AZ,33,90,3
2021-01-26,AZ,33,68,3
2021-01-25,AZ,31,70,3
2021-01-24,AZ,38,85,3
2021-01-23,AZ,39,84,3
2021-01-22,AZ,35,88,3
2021-01-21,AZ,39,84,3
2021-01-20,AZ,40,83,3
2021-01-19,AZ,35,67,3
2021-01-18,AZ,36,65,3
2021-01-17,AZ,35,88,3
2021-01-16,AZ,36,87,3
2021-01-15,AZ,35,88,3
2021-01-14,AZ,34,89,3
2021-01-13,AZ,35,88,3
2021-01-12,AZ,32,70,3
2021-01-11,AZ,34,68,3
2021-01-10,AZ,36,87,3
2021-01-09,AZ,35,88,3
2021-01-08,AZ,33,90,3
2021-01-07,AZ,35,88,3
2021-01-06,AZ,37,85,3
2021-01-05,AZ,36,65,3
2021-01-04,AZ,37,64,3
2021-01-03,AZ,34,89,3
2021-01-02,AZ,37,86,3
2021-01-01,AZ,37,86,3
2020-12-31,AZ,36,87,3
2020-12-30,AZ,37,86,3
2020-12-29,AZ,38,63,3
2020-12-28,AZ,41,60,3
2020-12-27,AZ,48,73,3
2020-12-26,AZ,46,74,3
2020-12-25,AZ,46,75,3
2020-12-24,AZ,44,77,3
2020-12-23,AZ,45,76,3
2020-12-22,AZ,45,62,4
2020-12-21,AZ,47,55,3
2020-12-20,AZ,45,77,3
2020-12-19,AZ,46,76,3
2020-12-18,AZ,46,76,3
2020-12-17,AZ,45,77,3
2020-12-16,AZ,47,75,3
2020-12-15,AZ,43,58,3
2020-12-14,AZ,44,56,3
2020-12-13,AZ,43,79,3
2020-12-12,AZ,41,81,3
2020-12-11,AZ,40,82,3
2020-12-10,AZ,38,83,3
2020-12-09,AZ,37,84,3
2020-12-08,AZ,37,61,3
2020-12-07,AZ,36,63,3
2020-12-06,AZ,34,87,3
2020-12-05,AZ,37,84,3
2020-12-04,AZ,36,85,3
2020-12-03,AZ,36,85,3
2020-12-02,AZ,35,85,3
2020-12-01,AZ,34,64,3
2020-11-30,AZ,30,67,3
2020-11-29,AZ,31,90,3
2020-11-28,AZ,35,86,3
2020-11-27,AZ,33,88,3
2020-11-26,AZ,36,85,3
2020-11-25,AZ,38,83,3
2020-11-24,AZ,35,64,3
2020-11-23,AZ,33,66,3
2020-11-22,AZ,35,78,9
2020-11-21,AZ,33,86,3
2020-11-20,AZ,34,85,3
2020-11-19,AZ,33,86,3
2020-11-18,AZ,32,87,3
2020-11-17,AZ,31,68,3
2020-11-16,AZ,29,70,3
2020-11-15,AZ,32,87,3
2020-11-14,AZ,33,86,3
2020-11-13,AZ,32,87,3
2020-11-12,AZ,31,87,3
2020-11-11,AZ,32,86,3
2020-11-10,AZ,29,70,3
2020-11-09,AZ,28,68,3
2020-11-08,AZ,31,86,3
2020-11-07,AZ,33,84,3
2020-11-06,AZ,31,87,3
2020-11-05,AZ,30,88,3
2020-11-04,AZ,34,82,3
2020-11-03,AZ,30,69,3
2020-11-02,AZ,30,67,3
2020-11-01,AZ,30,81,4
2020-10-31,AZ,30,81,4
2020-10-30,AZ,28,82,4
2020-10-29,AZ,28,80,5
2020-10-28,AZ,29,79,5
2020-10-27,AZ,28,65,4
2020-10-26,AZ,26,68,7
2020-10-25,AZ,30,77,8
2020-10-24,AZ,29,80,7
2020-10-23,AZ,30,79,7
2020-10-22,AZ,28,80,7
2020-10-21,AZ,27,80,6
2020-10-20,AZ,25,80,5
2020-10-19,AZ,24,82,4
2020-10-18,AZ,25,80,4
2020-10-17,AZ,26,79,4
2020-10-16,AZ,26,79,4
2020-10-15,AZ,26,78,4
2020-10-14,AZ,26,77,5
2020-10-13,AZ,25,76,5
2020-10-12,AZ,24,75,12
2020-10-11,AZ,24,77,12
2020-10-10,AZ,24,77,12
2020-10-09,AZ,25,70,19
2020-10-08,AZ,25,69,20
2020-10-07,AZ,24,67,22
2020-10-06,AZ,23,68,22
2020-10-05,AZ,23,67,16
2020-10-04,AZ,21,67,18
2020-10-03,AZ,21,67,18
2020-10-02,AZ,21,66,19
2020-10-01,AZ,22,64,17
2020-09-30,AZ,23,58,18
2020-09-29,AZ,23,56,18
2020-09-28,AZ,24,55,25
2020-09-27,AZ,23,57,25
2020-09-26,AZ,24,57,24
2020-09-25,AZ,24,58,24
2020-09-24,AZ,24,57,25
2020-09-23,AZ,24,58,24
2020-09-22,AZ,23,57,26
2020-09-21,AZ,23,58,25
2020-09-20,AZ,23,54,29
2020-09-19,AZ,23,61,22
2020-09-18,AZ,23,60,23
2020-09-17,AZ,23,61,22
2020-09-16,AZ,23,61,22
2020-09-15,AZ,23,60,23
2020-09-14,AZ,23,58,25
2020-09-13,AZ,23,56,28
2020-09-12,AZ,24,62,22
2020-09-11,AZ,24,62,22
2020-09-10,AZ,26,59,23
2020-09-09,AZ,26,57,25
2020-09-08,AZ,25,55,28
2020-09-07,AZ,24,58,25
2020-09-06,AZ,24,58,25
2020-09-05,AZ,24,58,25
2020-09-04,AZ,24,55,27
2020-09-03,AZ,25,53,28
2020-09-02,AZ,25,54,27
2020-09-01,AZ,25,51,28
2020-08-31,AZ,25,50,28
2020-08-30,AZ,24,45,34
2020-08-29,AZ,25,52,27
2020-08-28,AZ,24,52,28
2020-08-27,AZ,24,51,29
2020-08-26,AZ,24,46,34
2020-08-25,AZ,24,39,41
2020-08-24,AZ,25,40,45
2020-08-23,AZ,24,41,44
2020-08-22,AZ,24,41,44
2020-08-21,AZ,24,41,45
2020-08-20,AZ,24,38,48
2020-08-19,AZ,25,37,42
2020-08-18,AZ,26,35,43
2020-08-17,AZ,27,36,38
2020-08-16,AZ,25,32,43
2020-08-15,AZ,25,36,39
2020-08-14,AZ,25,36,40
2020-08-13,AZ,26,33,42
2020-08-12,AZ,26,34,40
2020-08-11,AZ,29,35,36
2020-08-10,AZ,25,37,39
2020-08-09,AZ,26,33,49
2020-08-08,AZ,26,38,44
2020-08-07,AZ,26,38,44
2020-08-06,AZ,28,37,43
2020-08-05,AZ,28,34,46
2020-08-04,AZ,28,32,39
2020-08-03,AZ,28,32,38
2020-08-02,AZ,27,28,43
2020-08-01,AZ,30,31,38
2023-04-10,CA,93,203,46
2023-04-09,CA,94,208,46
2023-04-08,CA,94,208,46
2023-04-07,CA,94,208,51
2023-04-06,CA,93,210,58
2023-04-05,CA,88,231,42
2023-04-04,CA,89,208,63
2023-04-03,CA,87,204,69
2023-04-02,CA,84,205,73
2023-04-01,CA,87,206,71
2023-03-31,CA,94,211,59
2023-03-30,CA,96,212,56
2023-03-29,CA,95,226,43
2023-03-28,CA,92,206,64
2023-03-27,CA,88,204,70
2023-03-26,CA,87,205,73
2023-03-25,CA,89,204,72
2023-03-24,CA,93,215,57
2023-03-23,CA,92,214,59
2023-03-22,CA,95,227,43
2023-03-21,CA,92,207,63
2023-03-20,CA,88,205,68
2023-03-19,CA,87,206,70
2023-03-18,CA,87,208,69
2023-03-17,CA,96,208,60
2023-03-16,CA,95,214,55
2023-03-15,CA,99,220,46
2023-03-14,CA,89,209,65
2023-03-13,CA,87,207,69
2023-03-12,CA,82,211,72
2023-03-11,CA,88,207,70
2023-03-10,CA,96,216,54
2023-03-09,CA,92,218,56
2023-03-08,CA,96,227,43
2023-03-07,CA,87,214,63
2023-03-06,CA,88,209,66
2023-03-05,CA,86,209,70
2023-03-04,CA,88,209,68
2023-03-03,CA,98,209,58
2023-03-02,CA,96,213,56
2023-03-01,CA,102,220,43
2023-02-28,CA,92,208,63
2023-02-27,CA,90,205,68
2023-02-26,CA,89,203,72
2023-02-25,CA,91,203,70
2023-02-24,CA,97,209,58
2023-02-23,CA,94,214,56
2023-02-22,CA,101,221,42
2023-02-21,CA,91,210,62
2023-02-20,CA,84,212,67
2023-02-19,CA,83,209,73
2023-02-18,CA,86,208,72
2023-02-17,CA,97,207,62
2023-02-16,CA,97,210,58
2023-02-15,CA,98,224,44
2023-02-14,CA,96,205,63
2023-02-13,CA,90,206,67
2023-02-12,CA,87,206,71
2023-02-11,CA,87,207,70
2023-02-10,CA,93,211,60
2023-02-09,CA,95,212,57
2023-02-08,CA,95,226,43
2023-02-07,CA,93,207,63
2023-02-06,CA,90,204,69
2023-02-05,CA,87,207,71
2023-02-04,CA,88,210,67
2023-02-03,CA,94,212,59
2023-02-02,CA,93,215,57
2023-02-01,CA,94,226,45
2023-01-31,CA,91,208,64
2023-01-30,CA,88,208,67
2023-01-29,CA,84,210,69
2023-01-28,CA,86,211,67
2023-01-27,CA,95,211,58
2023-01-26,CA,94,212,58
2023-01-25,CA,98,222,44
2023-01-24,CA,91,210,62
2023-01-23,CA,92,207,63
2023-01-22,CA,90,206,67
2023-01-21,CA,91,209,64
2023-01-20,CA,98,208,58
2023-01-19,CA,95,212,57
2023-01-18,CA,100,220,44
2023-01-17,CA,96,205,62
2023-01-16,CA,91,205,66
2023-01-15,CA,93,203,69
2023-01-14,CA,97,202,67
2023-01-13,CA,100,208,58
2023-01-12,CA,101,211,54
2023-01-11,CA,103,220,43
2023-01-10,CA,98,201,64
2023-01-09,CA,99,197,66
2023-01-08,CA,95,197,70
2023-01-07,CA,97,198,67
2023-01-06,CA,100,205,56
2023-01-05,CA,98,207,56
2023-01-04,CA,103,215,42
2023-01-03,CA,95,201,62
2023-01-02,CA,92,202,64
2023-01-01,CA,86,206,66
2022-12-31,CA,92,202,61
2022-12-30,CA,99,202,53
2022-12-29,CA,101,201,55
2022-12-28,CA,104,211,42
2022-12-27,CA,94,202,61
2022-12-26,CA,93,197,68
2022-12-25,CA,85,205,70
2022-12-24,CA,91,203,67
2022-12-23,CA,99,204,59
2022-12-22,CA,100,204,58
2022-12-21,CA,103,213,45
2022-12-20,CA,89,200,72
2022-12-19,CA,96,200,63
2022-12-18,CA,94,213,68
2022-12-17,CA,95,215,66
2022-12-16,CA,98,223,56
2022-12-15,CA,92,227,58
2022-12-14,CA,110,226,38
2022-12-13,CA,98,214,58
2022-12-12,CA,94,219,56
2022-12-11,CA,89,222,59
2022-12-10,CA,91,221,62
2022-12-09,CA,93,223,58
2022-12-08,CA,98,218,57
2022-12-07,CA,109,222,41
2022-12-06,CA,91,221,59
2022-12-05,CA,90,220,61
2022-12-04,CA,89,223,63
2022-12-03,CA,89,224,63
2022-12-02,CA,95,224,57
2022-12-01,CA,90,229,56
2022-11-30,CA,103,232,40
2022-11-29,CA,93,215,63
2022-11-28,CA,93,213,62
2022-11-27,CA,85,221,65
2022-11-26,CA,87,220,64
2022-11-25,CA,92,223,58
2022-11-24,CA,95,223,55
2022-11-23,CA,99,232,42
2022-11-22,CA,92,213,64
2022-11-21,CA,86,222,76
2022-11-20,CA,86,224,77
2022-11-19,CA,88,224,75
2022-11-18,CA,89,230,68
2022-11-17,CA,89,233,65
2022-11-16,CA,104,234,47
2022-11-15,CA,89,218,75
2022-11-14,CA,85,221,76
2022-11-13,CA,85,222,79
2022-11-12,CA,87,220,79
2022-11-11,CA,98,219,69
2022-11-10,CA,90,236,60
2022-11-09,CA,101,236,49
2022-11-08,CA,87,219,76
2022-11-07,CA,83,223,76
2022-11-06,CA,85,226,76
2022-11-05,CA,86,225,76
2022-11-04,CA,93,227,67
2022-11-03,CA,90,230,67
2022-11-02,CA,102,239,46
2022-11-01,CA,89,219,74
2022-10-31,CA,90,218,74
2022-10-30,CA,83,226,76
2022-10-29,CA,84,226,75
2022-10-28,CA,91,232,63
2022-10-27,CA,87,232,67
2022-10-26,CA,102,238,46
2022-10-25,CA,82,224,77
2022-10-24,CA,88,220,75
2022-10-23,CA,87,226,77
2022-10-22,CA,86,228,76
2022-10-21,CA,94,230,66
2022-10-20,CA,86,236,67
2022-10-19,CA,95,250,44
2022-10-18,CA,85,219,77
2022-10-17,CA,88,221,73
2022-10-16,CA,86,228,74
2022-10-15,CA,87,229,74
2022-10-14,CA,94,230,66
2022-10-13,CA,91,234,66
2022-10-12,CA,104,239,47
2022-10-11,CA,86,222,77
2022-10-10,CA,88,220,75
2022-10-09,CA,88,226,78
2022-10-08,CA,88,228,75
2022-10-07,CA,93,232,67
2022-10-06,CA,90,235,66
2022-10-05,CA,102,244,45
2022-10-04,CA,80,223,79
2022-10-03,CA,89,217,76
2022-10-02,CA,87,218,81
2022-10-01,CA,87,221,78
2022-09-30,CA,91,230,65
2022-09-29,CA,85,236,65
2022-09-28,CA,101,237,47
2022-09-27,CA,80,220,80
2022-09-26,CA,83,222,76
2022-09-25,CA,82,223,82
2022-09-24,CA,83,225,79
2022-09-23,CA,89,231,67
2022-09-22,CA,81,237,69
2022-09-21,CA,93,241,52
2022-09-20,CA,83,217,81
2022-09-19,CA,88,219,74
2022-09-18,CA,84,222,82
2022-09-17,CA,86,224,78
2022-09-16,CA,93,227,68
2022-09-15,CA,88,229,70
2022-09-14,CA,102,234,51
2022-09-13,CA,84,215,82
2022-09-12,CA,84,218,79
2022-09-11,CA,82,223,82
2022-09-10,CA,88,220,80
2022-09-09,CA,93,223,72
2022-09-08,CA,85,232,71
2022-09-07,CA,100,235,53
2022-09-06,CA,85,210,86
2022-09-05,CA,84,216,80
2022-09-04,CA,87,225,77
2022-09-03,CA,87,222,80
2022-09-02,CA,87,224,78
2022-09-01,CA,89,231,69
2022-08-31,CA,98,235,56
2022-08-30,CA,76,214,90
2022-08-29,CA,85,207,88
2022-08-28,CA,82,217,90
2022-08-27,CA,85,220,84
2022-08-26,CA,87,235,67
2022-08-25,CA,77,230,82
2022-08-24,CA,91,239,59
2022-08-23,CA,110,226,38
2022-08-22,CA,109,229,38
2022-08-21,CA,106,258,39
2022-08-20,CA,100,264,39
2022-08-19,CA,108,256,39
2022-08-18,CA,113,251,39
2022-08-17,CA,113,252,36
2022-08-16,CA,111,226,38
2022-08-15,CA,113,226,37
2022-08-14,CA,106,264,38
2022-08-13,CA,110,262,38
2022-08-12,CA,114,257,39
2022-08-11,CA,112,259,39
2022-08-10,CA,114,259,36
2022-08-09,CA,114,226,40
2022-08-08,CA,114,226,40
2022-08-07,CA,111,263,40
2022-08-06,CA,112,266,36
2022-08-05,CA,114,260,40
2022-08-04,CA,115,256,38
2022-08-03,CA,114,261,34
2022-08-02,CA,111,227,38
2022-08-01,CA,114,224,38
2022-07-31,CA,112,261,38
2022-07-30,CA,111,263,37
2022-07-29,CA,115,257,39
2022-07-28,CA,118,254,38
2022-07-27,CA,121,254,35
2022-07-26,CA,114,219,39
2022-07-25,CA,112,224,38
2022-07-24,CA,113,260,38
2022-07-23,CA,110,263,38
2022-07-22,CA,118,256,38
2022-07-21,CA,115,258,39
2022-07-20,CA,123,253,35
2022-07-19,CA,117,218,39
2022-07-18,CA,113,227,37
2022-07-17,CA,106,268,38
2022-07-16,CA,112,261,39
2022-07-15,CA,118,255,39
2022-07-14,CA,116,257,39
2022-07-13,CA,104,274,34
2022-07-12,CA,118,219,39
2022-07-11,CA,114,223,39
2022-07-10,CA,114,260,39
2022-07-09,CA,114,260,39
2022-07-08,CA,115,258,40
2022-07-07,CA,113,257,39
2022-07-06,CA,114,258,36
2022-07-05,CA,109,224,38
2022-07-04,CA,107,229,36
2022-07-03,CA,107,264,37
2022-07-02,CA,105,265,38
2022-07-01,CA,113,256,39
2022-06-30,CA,113,256,39
2022-06-29,CA,113,258,36
2022-06-28,CA,109,222,38
2022-06-27,CA,110,223,38
2022-06-26,CA,113,261,36
2022-06-25,CA,109,264,37
2022-06-24,CA,110,263,37
2022-06-23,CA,109,264,37
2022-06-22,CA,98,277,34
2022-06-21,CA,111,224,37
2022-06-20,CA,112,223,38
2022-06-19,CA,108,265,39
2022-06-18,CA,107,267,38
2022-06-17,CA,114,259,39
2022-06-16,CA,110,263,38
2022-06-15,CA,114,261,36
2022-06-14,CA,103,230,39
2022-06-13,CA,104,227,39
2022-06-12,CA,109,260,39
2022-06-11,CA,111,261,39
2022-06-10,CA,114,258,39
2022-06-09,CA,114,259,38
2022-06-08,CA,112,264,35
2022-06-07,CA,106,228,39
2022-06-06,CA,107,228,39
2022-06-05,CA,108,266,39
2022-06-04,CA,101,275,37
2022-06-03,CA,111,263,39
2022-06-02,CA,110,264,39
2022-06-01,CA,111,272,29
2022-05-31,CA,107,228,38
2022-05-30,CA,103,233,37
2022-05-29,CA,110,267,36
2022-05-28,CA,113,261,39
2022-05-27,CA,115,260,38
2022-05-26,CA,114,260,38
2022-05-25,CA,111,266,35
2022-05-24,CA,108,230,37
2022-05-23,CA,108,227,37
2022-05-22,CA,109,267,37
2022-05-21,CA,112,264,37
2022-05-20,CA,112,264,37
2022-05-19,CA,113,264,36
2022-05-18,CA,116,262,35
2022-05-17,CA,106,230,37
2022-05-16,CA,108,229,37
2022-05-15,CA,105,267,38
2022-05-14,CA,104,269,37
2022-05-13,CA,110,263,37
2022-05-12,CA,112,261,37
2022-05-11,CA,114,260,35
2022-05-10,CA,105,231,37
2022-05-09,CA,110,226,37
2022-05-08,CA,109,264,38
2022-05-07,CA,107,265,39
2022-05-06,CA,105,267,39
2022-05-05,CA,110,262,39
2022-05-04,CA,112,266,33
2022-05-03,CA,100,225,48
2022-05-02,CA,99,237,38
2022-05-01,CA,104,271,37
2022-04-30,CA,106,267,39
2022-04-29,CA,109,264,39
2022-04-28,CA,97,277,39
2022-04-27,CA,111,266,35
2022-04-26,CA,94,243,37
2022-04-25,CA,107,230,38
2022-04-24,CA,105,270,37
2022-04-23,CA,105,271,36
2022-04-22,CA,115,259,38
2022-04-21,CA,113,262,37
2022-04-20,CA,113,262,36
2022-04-19,CA,107,230,37
2022-04-18,CA,106,230,38
2022-04-17,CA,102,273,38
2022-04-16,CA,104,272,37
2022-04-15,CA,105,269,39
2022-04-14,CA,107,268,37
2022-04-13,CA,111,266,35
2022-04-12,CA,110,225,38
2022-04-11,CA,105,232,37
2022-04-10,CA,104,270,37
2022-04-09,CA,108,265,38
2022-04-08,CA,111,263,38
2022-04-07,CA,104,270,38
2022-04-06,CA,113,262,36
2022-04-05,CA,107,231,37
2022-04-04,CA,109,229,38
2022-04-03,CA,98,278,39
2022-04-02,CA,103,274,38
2022-04-01,CA,105,272,39
2022-03-31,CA,104,274,38
2022-03-30,CA,111,269,36
2022-03-29,CA,107,230,39
2022-03-28,CA,105,232,39
2022-03-27,CA,104,272,39
2022-03-26,CA,99,279,36
2022-03-25,CA,105,270,39
2022-03-24,CA,91,286,37
2022-03-23,CA,110,269,35
2022-03-22,CA,108,229,38
2022-03-21,CA,110,231,38
2022-03-20,CA,102,276,37
2022-03-19,CA,100,280,35
2022-03-18,CA,105,274,36
2022-03-17,CA,108,274,33
2022-03-16,CA,110,266,36
2022-03-15,CA,103,236,38
2022-03-14,CA,105,231,39
2022-03-13,CA,100,271,40
2022-03-12,CA,104,268,39
2022-03-11,CA,111,261,39
2022-03-10,CA,111,261,39
2022-03-09,CA,115,259,37
2022-03-08,CA,116,221,39
2022-03-07,CA,119,221,39
2022-03-06,CA,116,259,38
2022-03-05,CA,118,258,37
2022-03-04,CA,126,250,37
2022-03-03,CA,130,245,37
2022-03-02,CA,125,247,37
2022-03-01,CA,121,215,39
2022-02-28,CA,118,222,37
2022-02-27,CA,123,256,37
2022-02-26,CA,128,252,35
2022-02-25,CA,126,253,36
2022-02-24,CA,129,250,36
2022-02-23,CA,132,248,34
2022-02-22,CA,129,209,36
2022-02-21,CA,123,215,37
2022-02-20,CA,128,251,36
2022-02-19,CA,128,252,35
2022-02-18,CA,135,244,36
2022-02-17,CA,134,244,37
2022-02-16,CA,137,243,35
2022-02-15,CA,134,206,36
2022-02-14,CA,137,205,36
2022-02-13,CA,132,248,35
2022-02-12,CA,130,250,35
2022-02-11,CA,144,239,32
2022-02-10,CA,146,233,36
2022-02-09,CA,154,226,33
2022-02-08,CA,150,191,35
2022-02-07,CA,148,194,35
2022-02-06,CA,147,233,35
2022-02-05,CA,146,232,37
2022-02-04,CA,149,231,35
2022-02-03,CA,152,228,35
2022-02-02,CA,160,225,30
2022-02-01,CA,152,185,39
2022-01-31,CA,155,184,38
2022-01-30,CA,152,227,37
2022-01-29,CA,144,235,37
2022-01-28,CA,153,225,38
2022-01-27,CA,159,220,37
2022-01-26,CA,163,220,33
2022-01-25,CA,157,183,36
2022-01-24,CA,159,181,37
2022-01-23,CA,161,219,36
2022-01-22,CA,158,221,37
2022-01-21,CA,165,213,38
2022-01-20,CA,162,215,39
2022-01-19,CA,159,231,25
2022-01-18,CA,151,191,34
2022-01-17,CA,164,183,32
2022-01-16,CA,172,211,33
2022-01-15,CA,168,216,32
2022-01-14,CA,177,205,34
2022-01-13,CA,173,208,35
2022-01-12,CA,171,219,25
2022-01-11,CA,165,180,31
2022-01-10,CA,167,177,32
2022-01-09,CA,165,220,30
2022-01-08,CA,168,216,31
2022-01-07,CA,163,219,33
2022-01-06,CA,161,221,33
2022-01-05,CA,148,235,32
2022-01-04,CA,154,187,36
2022-01-03,CA,154,189,34
2022-01-02,CA,156,223,35
2022-01-01,CA,152,227,35
2021-12-31,CA,151,230,32
2021-12-30,CA,149,229,35
2021-12-29,CA,146,234,33
2021-12-28,CA,137,205,34
2021-12-27,CA,138,206,35
2021-12-26,CA,137,242,35
2021-12-25,CA,132,247,35
2021-12-24,CA,133,245,36
2021-12-23,CA,136,241,36
2021-12-22,CA,136,240,37
2021-12-21,CA,134,207,36
2021-12-20,CA,132,208,37
2021-12-19,CA,134,246,36
2021-12-18,CA,133,247,36
2021-12-17,CA,136,243,37
2021-12-16,CA,134,246,36
2021-12-15,CA,131,251,34
2021-12-14,CA,129,211,38
2021-12-13,CA,130,212,38
2021-12-12,CA,123,257,36
2021-12-11,CA,128,252,36
2021-12-10,CA,125,254,37
2021-12-09,CA,126,252,37
2021-12-08,CA,128,253,34
2021-12-07,CA,129,212,37
2021-12-06,CA,129,214,37
2021-12-05,CA,132,248,35
2021-12-04,CA,133,246,36
2021-12-03,CA,128,250,37
2021-12-02,CA,126,252,37
2021-12-01,CA,127,250,36
2021-11-30,CA,123,217,36
2021-11-29,CA,124,218,35
2021-11-28,CA,130,250,36
2021-11-27,CA,131,249,36
2021-11-26,CA,125,255,36
2021-11-25,CA,129,252,35
2021-11-24,CA,133,248,35
2021-11-23,CA,133,210,36
2021-11-22,CA,129,212,38
2021-11-21,CA,130,246,38
2021-11-20,CA,130,245,39
2021-11-19,CA,128,246,39
2021-11-18,CA,124,246,42
2021-11-17,CA,126,250,36
2021-11-16,CA,128,210,39
2021-11-15,CA,124,217,36
2021-11-14,CA,133,244,38
2021-11-13,CA,136,240,39
2021-11-12,CA,129,246,40
2021-11-11,CA,128,247,40
2021-11-10,CA,129,249,37
2021-11-09,CA,126,211,40
2021-11-08,CA,125,211,42
2021-11-07,CA,127,247,41
2021-11-06,CA,136,238,42
2021-11-05,CA,130,242,44
2021-11-04,CA,129,244,43
2021-11-03,CA,130,247,38
2021-11-02,CA,129,205,45
2021-11-01,CA,134,203,43
2021-10-31,CA,135,236,43
2021-10-30,CA,132,234,48
2021-10-29,CA,125,243,46
2021-10-28,CA,127,241,46
2021-10-27,CA,132,234,45
2021-10-26,CA,131,198,48
2021-10-25,CA,127,205,46
2021-10-24,CA,135,236,44
2021-10-23,CA,133,237,45
2021-10-22,CA,137,231,47
2021-10-21,CA,122,246,47
2021-10-20,CA,130,239,45
2021-10-19,CA,128,199,50
2021-10-18,CA,129,198,50
2021-10-17,CA,128,238,50
2021-10-16,CA,128,239,50
2021-10-15,CA,129,234,54
2021-10-14,CA,151,211,55
2021-10-13,CA,136,201,80
2021-10-12,CA,139,201,38
2021-10-11,CA,127,215,35
2021-10-10,CA,126,254,36
2021-10-09,CA,126,256,34
2021-10-08,CA,133,248,35
2021-10-07,CA,130,250,36
2021-10-06,CA,129,254,33
2021-10-05,CA,126,216,36
2021-10-04,CA,127,216,35
2021-10-03,CA,125,255,35
2021-10-02,CA,119,263,34
2021-10-01,CA,129,251,36
2021-09-30,CA,122,258,36
2021-09-29,CA,125,257,33
2021-09-28,CA,131,213,35
2021-09-27,CA,130,212,36
2021-09-26,CA,127,257,30
2021-09-25,CA,131,250,33
2021-09-24,CA,132,248,34
2021-09-23,CA,132,247,35
2021-09-22,CA,132,248,33
2021-09-21,CA,132,210,35
2021-09-20,CA,129,214,35
2021-09-19,CA,128,255,34
2021-09-18,CA,128,254,35
2021-09-17,CA,132,250,35
2021-09-16,CA,130,252,35
2021-09-15,CA,133,249,34
2021-09-14,CA,127,215,35
2021-09-13,CA,126,214,36
2021-09-12,CA,123,256,36
2021-09-11,CA,124,257,34
2021-09-10,CA,137,244,34
2021-09-09,CA,135,245,35
2021-09-08,CA,134,246,35
2021-09-07,CA,128,214,35
2021-09-06,CA,125,218,34
2021-09-05,CA,127,254,34
2021-09-04,CA,125,256,34
2021-09-03,CA,134,245,36
2021-09-02,CA,131,248,36
2021-09-01,CA,123,257,35
2021-08-31,CA,130,213,35
2021-08-30,CA,122,219,36
2021-08-29,CA,123,257,36
2021-08-28,CA,121,259,36
2021-08-27,CA,121,258,37
2021-08-26,CA,120,261,35
2021-08-25,CA,116,265,35
2021-08-24,CA,113,229,35
2021-08-23,CA,113,231,35
2021-08-22,CA,107,273,35
2021-08-21,CA,108,276,31
2021-08-20,CA,111,269,34
2021-08-19,CA,113,266,35
2021-08-18,CA,109,275,29
2021-08-17,CA,107,237,34
2021-08-16,CA,105,237,34
2021-08-15,CA,102,280,34
2021-08-14,CA,99,282,35
2021-08-13,CA,107,274,35
2021-08-12,CA,104,275,37
2021-08-11,CA,103,278,35
2021-08-10,CA,98,244,35
2021-08-09,CA,91,254,33
2021-08-08,CA,86,295,35
2021-08-07,CA,82,299,35
2021-08-06,CA,93,286,37
2021-08-05,CA,87,293,36
2021-08-04,CA,90,290,35
2021-08-03,CA,92,250,35
2021-08-02,CA,84,258,36
2021-08-01,CA,80,300,36
2021-07-31,CA,82,298,36
2021-07-30,CA,91,290,35
2021-07-29,CA,91,291,34
2021-07-28,CA,89,292,34
2021-07-27,CA,85,257,35
2021-07-26,CA,82,260,35
2021-07-25,CA,76,305,35
2021-07-24,CA,76,306,34
2021-07-23,CA,85,295,36
2021-07-22,CA,84,295,36
2021-07-21,CA,85,296,34
2021-07-20,CA,81,256,35
2021-07-19,CA,72,266,34
2021-07-18,CA,76,305,33
2021-07-17,CA,72,307,35
2021-07-16,CA,78,300,36
2021-07-15,CA,78,302,34
2021-07-14,CA,76,306,36
2021-07-13,CA,78,264,39
2021-07-12,CA,79,261,41
2021-07-11,CA,78,301,40
2021-07-10,CA,81,297,41
2021-07-09,CA,79,304,35
2021-07-08,CA,78,301,39
2021-07-07,CA,75,312,31
2021-07-06,CA,74,266,41
2021-07-05,CA,72,268,41
2021-07-04,CA,75,299,41
2021-07-03,CA,75,299,41
2021-07-02,CA,73,301,41
2021-07-01,CA,72,303,40
2021-06-30,CA,72,307,35
2021-06-29,CA,73,268,39
2021-06-28,CA,74,267,40
2021-06-27,CA,75,304,36
2021-06-26,CA,74,307,35
2021-06-25,CA,73,307,36
2021-06-24,CA,74,306,36
2021-06-23,CA,75,305,35
2021-06-22,CA,75,263,37
2021-06-21,CA,75,263,37
2021-06-20,CA,73,307,35
2021-06-19,CA,72,307,36
2021-06-18,CA,73,305,37
2021-06-17,CA,75,301,40
2021-06-16,CA,71,303,42
2021-06-15,CA,68,265,47
2021-06-14,CA,68,273,41
2021-06-13,CA,69,303,42
2021-06-12,CA,71,301,42
2021-06-11,CA,68,304,42
2021-06-10,CA,69,300,45
2021-06-09,CA,69,305,39
2021-06-08,CA,71,266,44
2021-06-07,CA,71,267,43
2021-06-06,CA,69,307,40
2021-06-05,CA,69,306,41
2021-06-04,CA,72,303,41
2021-06-03,CA,71,305,40
2021-06-02,CA,73,302,41
2021-06-01,CA,74,260,42
2021-05-31,CA,71,262,42
2021-05-30,CA,76,296,42
2021-05-29,CA,73,299,42
2021-05-28,CA,75,297,41
2021-05-27,CA,73,299,44
2021-05-26,CA,71,299,46
2021-05-25,CA,72,258,50
2021-05-24,CA,70,262,48
2021-05-23,CA,73,291,52
2021-05-22,CA,72,292,52
2021-05-21,CA,75,287,54
2021-05-20,CA,73,287,56
2021-05-19,CA,72,291,53
2021-05-18,CA,72,251,57
2021-05-17,CA,73,250,57
2021-05-16,CA,74,288,51
2021-05-15,CA,74,287,52
2021-05-14,CA,73,286,54
2021-05-13,CA,76,281,56
2021-05-12,CA,72,287,54
2021-05-11,CA,72,236,62
2021-05-10,CA,72,228,75
2021-05-09,CA,77,262,75
2021-05-08,CA,74,261,79
2021-05-07,CA,72,257,90
2021-05-06,CA,70,245,104
2021-05-05,CA,78,307,34
2021-05-04,CA,75,270,36
2021-05-03,CA,83,262,37
2021-05-02,CA,85,299,35
2021-05-01,CA,80,303,36
2021-04-30,CA,82,301,36
2021-04-29,CA,87,295,37
2021-04-28,CA,82,303,33
2021-04-27,CA,83,262,36
2021-04-26,CA,84,262,36
2021-04-25,CA,86,299,32
2021-04-24,CA,85,300,32
2021-04-23,CA,82,302,33
2021-04-22,CA,84,300,33
2021-04-21,CA,88,297,32
2021-04-20,CA,84,258,34
2021-04-19,CA,85,257,34
2021-04-18,CA,88,295,34
2021-04-17,CA,87,296,34
2021-04-16,CA,84,299,34
2021-04-15,CA,84,301,34
2021-04-14,CA,82,304,33
2021-04-13,CA,82,262,37
2021-04-12,CA,84,260,37
2021-04-11,CA,87,295,37
2021-04-10,CA,87,295,37
2021-04-09,CA,84,296,39
2021-04-08,CA,84,296,39
2021-04-07,CA,86,299,34
2021-04-06,CA,80,264,34
2021-04-05,CA,80,264,35
2021-04-04,CA,86,296,36
2021-04-03,CA,84,298,36
2021-04-02,CA,81,304,33
2021-04-01,CA,82,303,33
2021-03-31,CA,86,294,37
2021-03-30,CA,86,251,40
2021-03-29,CA,86,250,40
2021-03-28,CA,88,285,45
2021-03-27,CA,83,288,48
2021-03-26,CA,85,285,49
2021-03-25,CA,82,281,57
2021-03-24,CA,81,277,62
2021-03-23,CA,82,210,90
2021-03-22,CA,108,261,12
2021-03-21,CA,108,299,12
2021-03-20,CA,112,295,12
2021-03-19,CA,111,296,12
2021-03-18,CA,113,294,12
2021-03-17,CA,111,298,10
2021-03-16,CA,111,258,12
2021-03-15,CA,112,257,13
2021-03-14,CA,115,291,13
2021-03-13,CA,114,292,13
2021-03-12,CA,110,296,12
2021-03-11,CA,111,295,12
2021-03-10,CA,114,294,10
2021-03-09,CA,114,252,12
2021-03-08,CA,115,252,12
2021-03-07,CA,118,288,12
2021-03-06,CA,114,292,12
2021-03-05,CA,115,291,12
2021-03-04,CA,117,290,12
2021-03-03,CA,118,291,10
2021-03-02,CA,122,247,13
2021-03-01,CA,125,243,13
2021-02-28,CA,123,283,13
2021-02-27,CA,125,282,12
2021-02-26,CA,126,280,13
2021-02-25,CA,128,278,13
2021-02-24,CA,130,278,11
2021-02-23,CA,135,234,13
2021-02-22,CA,138,231,13
2021-02-21,CA,133,272,12
2021-02-20,CA,132,273,12
2021-02-19,CA,131,274,12
2021-02-18,CA,132,274,11
2021-02-17,CA,132,275,10
2021-02-16,CA,137,229,12
2021-02-15,CA,139,228,12
2021-02-14,CA,142,262,14
2021-02-13,CA,141,265,12
2021-02-12,CA,145,261,12
2021-02-11,CA,143,263,13
2021-02-10,CA,144,264,11
2021-02-09,CA,150,218,13
2021-02-08,CA,148,220,13
2021-02-07,CA,151,255,13
2021-02-06,CA,156,250,13
2021-02-05,CA,158,248,13
2021-02-04,CA,156,250,13
2021-02-03,CA,155,253,11
2021-02-02,CA,165,203,13
2021-02-01,CA,167,200,14
2021-01-31,CA,166,238,14
2021-01-30,CA,166,238,14
2021-01-29,CA,174,231,13
2021-01-28,CA,171,234,13
2021-01-27,CA,174,234,10
2021-01-26,CA,179,187,11
2021-01-25,CA,179,186,12
2021-01-24,CA,181,224,12
2021-01-23,CA,180,224,13
2021-01-22,CA,185,221,11
2021-01-21,CA,187,218,12
2021-01-20,CA,187,219,11
2021-01-19,CA,191,176,14
2021-01-18,CA,193,174,14
2021-01-17,CA,197,206,14
2021-01-16,CA,197,206,14
2021-01-15,CA,199,204,14
2021-01-14,CA,200,203,14
2021-01-13,CA,198,209,10
2021-01-12,CA,196,172,14
2021-01-11,CA,193,177,14
2021-01-10,CA,199,207,11
2021-01-09,CA,200,205,12
2021-01-08,CA,195,210,12
2021-01-07,CA,202,204,11
2021-01-06,CA,199,206,11
2021-01-05,CA,196,170,11
2021-01-04,CA,193,174,12
2021-01-03,CA,195,212,12
2021-01-02,CA,191,216,12
2021-01-01,CA,190,217,12
2020-12-31,CA,190,217,12
2020-12-30,CA,177,230,11
2020-12-29,CA,176,191,14
2020-12-28,CA,180,190,14
2020-12-27,CA,180,222,14
2020-12-26,CA,180,223,14
2020-12-25,CA,179,225,13
2020-12-24,CA,178,226,13
2020-12-23,CA,174,233,10
2020-12-22,CA,163,208,12
2020-12-21,CA,166,204,13
2020-12-20,CA,165,240,14
2020-12-19,CA,158,247,14
2020-12-18,CA,161,243,15
2020-12-17,CA,157,246,16
2020-12-16,CA,157,247,15
2020-12-15,CA,152,211,22
2020-12-14,CA,150,212,23
2020-12-13,CA,141,252,24
2020-12-12,CA,140,251,26
2020-12-11,CA,131,257,29
2020-12-10,CA,131,256,29
2020-12-09,CA,128,260,28
2020-12-08,CA,110,239,39
2020-12-07,CA,103,247,40
2020-12-06,CA,115,251,51
2020-12-05,CA,109,250,58
2020-12-04,CA,92,247,78
2020-12-03,CA,114,292,11
2020-12-02,CA,113,289,11
2020-12-01,CA,106,267,11
2020-11-30,CA,106,264,11
2020-11-29,CA,108,292,12
2020-11-28,CA,106,295,12
2020-11-27,CA,102,299,12
2020-11-26,CA,102,301,10
2020-11-25,CA,96,306,11
2020-11-24,CA,94,278,11
2020-11-23,CA,95,276,11
2020-11-22,CA,92,308,11
2020-11-21,CA,91,310,11
2020-11-20,CA,92,310,10
2020-11-19,CA,90,310,11
2020-11-18,CA,82,317,11
2020-11-17,CA,81,292,11
2020-11-16,CA,75,298,12
2020-11-15,CA,78,322,12
2020-11-14,CA,80,320,12
2020-11-13,CA,79,321,12
2020-11-12,CA,78,321,13
2020-11-11,CA,78,318,12
2020-11-10,CA,75,296,12
2020-11-09,CA,79,294,12
2020-11-08,CA,79,320,12
2020-11-07,CA,82,318,12
2020-11-06,CA,82,318,12
2020-11-05,CA,85,311,15
2020-11-04,CA,86,309,15
2020-11-03,CA,81,292,15
2020-11-02,CA,83,290,16
2020-11-01,CA,82,309,17
2020-10-31,CA,82,309,19
2020-10-30,CA,77,313,19
2020-10-29,CA,77,312,19
2020-10-28,CA,83,303,18
2020-10-27,CA,77,297,19
2020-10-26,CA,81,295,17
2020-10-25,CA,72,304,32
2020-10-24,CA,72,305,32
2020-10-23,CA,72,314,35
2020-10-22,CA,80,315,23
2020-10-21,CA,75,320,23
2020-10-20,CA,71,312,21
2020-10-19,CA,78,309,20
2020-10-18,CA,75,310,18
2020-10-17,CA,74,312,18
2020-10-16,CA,74,311,19
2020-10-15,CA,73,312,19
2020-10-14,CA,72,312,20
2020-10-13,CA,75,305,18
2020-10-12,CA,74,305,19
2020-10-11,CA,72,305,22
2020-10-10,CA,73,306,20
2020-10-09,CA,82,296,21
2020-10-08,CA,83,291,25
2020-10-07,CA,82,286,30
2020-10-06,CA,83,284,31
2020-10-05,CA,82,285,30
2020-10-04,CA,85,283,30
2020-10-03,CA,84,284,30
2020-10-02,CA,86,282,30
2020-10-01,CA,91,279,30
2020-09-30,CA,91,279,30
2020-09-29,CA,91,278,30
2020-09-28,CA,92,276,31
2020-09-27,CA,98,272,29
2020-09-26,CA,92,276,31
2020-09-25,CA,91,278,31
2020-09-24,CA,91,278,31
2020-09-23,CA,91,278,30
2020-09-22,CA,91,278,29
2020-09-21,CA,89,278,31
2020-09-20,CA,89,276,31
2020-09-19,CA,91,275,29
2020-09-18,CA,90,277,29
2020-09-17,CA,89,277,29
2020-09-16,CA,92,272,30
2020-09-15,CA,93,273,29
2020-09-14,CA,93,273,29
2020-09-13,CA,96,272,28
2020-09-12,CA,91,276,30
2020-09-11,CA,98,267,32
2020-09-10,CA,98,266,32
2020-09-09,CA,102,263,31
2020-09-08,CA,103,261,30
2020-09-07,CA,105,259,29
2020-09-06,CA,105,261,29
2020-09-05,CA,103,260,41
2020-09-04,CA,104,259,41
2020-09-03,CA,107,259,38
2020-09-02,CA,103,261,39
2020-09-01,CA,101,255,47
2020-08-31,CA,97,255,50
2020-08-30,CA,95,249,58
2020-08-29,CA,106,255,40
2020-08-28,CA,107,241,53
2020-08-27,CA,105,218,78
2020-08-26,CA,105,245,49
2020-08-25,CA,101,239,59
2020-08-24,CA,107,232,59
2020-08-23,CA,106,235,58
2020-08-22,CA,108,232,59
2020-08-21,CA,107,229,63
2020-08-20,CA,109,210,80
2020-08-19,CA,102,222,75
2020-08-18,CA,94,209,96
2020-08-17,CA,101,208,82
2020-08-16,CA,88,200,104
2020-08-15,CA,108,215,69
2020-08-14,CA,110,222,60
2020-08-13,CA,94,208,90
2020-08-12,CA,100,221,71
2020-08-11,CA,101,219,72
2020-08-10,CA,99,219,73
2020-08-09,CA,85,218,89
2020-08-08,CA,107,226,59
2020-08-07,CA,105,205,82
2020-08-06,CA,108,222,62
2020-08-05,CA,108,214,70
2020-08-04,CA,104,207,80
2020-08-03,CA,109,215,67
2020-08-02,CA,89,196,105
2020-08-01,CA,107,218,65
2023-04-10,CO,3,61,20
2023-04-09,CO,3,62,20
2023-04-08,CO,3,62,20
2023-04-07,CO,2,66,20
2023-04-06,CO,2,66,22
2023-04-05,CO,2,67,22
2023-04-04,CO,5,65,22
2023-04-03,CO,5,65,22
2023-04-02,CO,4,66,22
2023-04-01,CO,3,67,22
2023-03-31,CO,2,69,22
2023-03-30,CO,2,69,22
2023-03-29,CO,3,67,23
2023-03-28,CO,4,70,19
2023-03-27,CO,4,67,22
2023-03-26,CO,4,67,22
2023-03-25,CO,4,67,22
2023-03-24,CO,3,66,24
2023-03-23,CO,4,67,22
2023-03-22,CO,3,70,20
2023-03-21,CO,2,71,20
2023-03-20,CO,2,69,22
2023-03-19,CO,2,69,22
2023-03-18,CO,2,69,22
2023-03-17,CO,3,68,22
2023-03-16,CO,2,69,22
2023-03-15,CO,2,68,23
2023-03-14,CO,3,68,22
2023-03-13,CO,3,67,23
2023-03-12,CO,3,69,22
2023-03-11,CO,3,69,22
2023-03-10,CO,2,70,22
2023-03-09,CO,3,69,22
2023-03-08,CO,3,69,22
2023-03-07,CO,3,67,23
2023-03-06,CO,3,67,23
2023-03-05,CO,3,68,22
2023-03-04,CO,3,68,22
2023-03-03,CO,3,68,22
2023-03-02,CO,2,69,22
2023-03-01,CO,2,69,22
2023-02-28,CO,2,68,23
2023-02-27,CO,2,69,22
2023-02-26,CO,4,67,22
2023-02-25,CO,4,67,22
2023-02-24,CO,3,68,22
2023-02-23,CO,3,68,23
2023-02-22,CO,3,69,22
2023-02-21,CO,3,69,22
2023-02-20,CO,2,70,22
2023-02-19,CO,3,69,22
2023-02-18,CO,3,69,22
2023-02-17,CO,3,69,22
2023-02-16,CO,2,70,22
2023-02-15,CO,3,69,22
2023-02-14,CO,3,69,22
2023-02-13,CO,2,70,22
2023-02-12,CO,2,70,22
2023-02-11,CO,3,69,22
2023-02-10,CO,3,68,23
2023-02-09,CO,3,69,22
2023-02-08,CO,3,69,22
2023-02-07,CO,3,68,23
2023-02-06,CO,4,68,22
2023-02-05,CO,3,69,22
2023-02-04,CO,3,69,22
2023-02-03,CO,3,69,22
2023-02-02,CO,3,68,23
2023-02-01,CO,2,69,23
2023-01-31,CO,2,68,24
2023-01-30,CO,3,69,22
2023-01-29,CO,3,69,22
2023-01-28,CO,2,69,23
2023-01-27,CO,3,67,24
2023-01-26,CO,2,69,23
2023-01-25,CO,2,69,23
2023-01-24,CO,2,68,24
2023-01-23,CO,2,69,23
2023-01-22,CO,2,69,23
2023-01-21,CO,2,69,23
2023-01-20,CO,2,68,24
2023-01-19,CO,2,70,22
2023-01-18,CO,2,69,23
2023-01-17,CO,2,70,22
2023-01-16,CO,3,68,23
2023-01-15,CO,4,69,22
2023-01-14,CO,3,70,22
2023-01-13,CO,1,72,22
2023-01-12,CO,1,71,23
2023-01-11,CO,3,69,23
2023-01-10,CO,3,68,23
2023-01-09,CO,2,70,22
2023-01-08,CO,3,69,22
2023-01-07,CO,3,69,22
2023-01-06,CO,2,70,22
2023-01-05,CO,2,68,24
2023-01-04,CO,2,70,22
2023-01-03,CO,2,69,23
2023-01-02,CO,3,69,22
2023-01-01,CO,2,70,22
2022-12-31,CO,2,70,21
2022-12-30,CO,2,70,21
2022-12-29,CO,2,71,21
2022-12-28,CO,2,69,23
2022-12-27,CO,2,69,23
2022-12-26,CO,2,70,22
2022-12-25,CO,3,69,22
2022-12-24,CO,3,69,22
2022-12-23,CO,3,68,23
2022-12-22,CO,2,70,22
2022-12-21,CO,2,69,23
2022-12-20,CO,2,69,23
2022-12-19,CO,2,71,22
2022-12-18,CO,2,73,22
2022-12-17,CO,2,73,22
2022-12-16,CO,2,71,24
2022-12-15,CO,3,65,29
2022-12-14,CO,16,60,20
2022-12-13,CO,16,59,20
2022-12-12,CO,16,59,20
2022-12-11,CO,16,60,20
2022-12-10,CO,16,60,20
2022-12-09,CO,16,60,20
2022-12-08,CO,16,60,20
2022-12-07,CO,16,60,20
2022-12-06,CO,16,59,20
2022-12-05,CO,16,59,20
2022-12-04,CO,16,60,20
2022-12-03,CO,16,60,20
2022-12-02,CO,16,60,19
2022-12-01,CO,16,59,20
2022-11-30,CO,16,60,19
2022-11-29,CO,17,57,20
2022-11-28,CO,17,57,20
2022-11-27,CO,17,58,20
2022-11-26,CO,17,59,19
2022-11-25,CO,17,59,19
2022-11-24,CO,17,59,19
2022-11-23,CO,16,60,19
2022-11-22,CO,16,58,20
2022-11-21,CO,16,58,20
2022-11-20,CO,16,59,20
2022-11-19,CO,16,59,20
2022-11-18,CO,16,59,20
2022-11-17,CO,16,59,20
2022-11-16,CO,16,59,20
2022-11-15,CO,16,58,20
2022-11-14,CO,16,58,20
2022-11-13,CO,17,59,20
2022-11-12,CO,17,59,20
2022-11-11,CO,18,58,20
2022-11-10,CO,17,59,20
2022-11-09,CO,17,59,20
2022-11-08,CO,17,58,20
2022-11-07,CO,17,58,20
2022-11-06,CO,16,60,20
2022-11-05,CO,17,59,20
2022-11-04,CO,16,60,20
2022-11-03,CO,17,59,20
2022-11-02,CO,17,59,20
2022-11-01,CO,18,57,20
2022-10-31,CO,17,59,20
2022-10-30,CO,17,60,20
2022-10-29,CO,18,59,20
2022-10-28,CO,18,60,19
2022-10-27,CO,16,62,19
2022-10-26,CO,17,60,19
2022-10-25,CO,16,59,20
2022-10-24,CO,17,58,20
2022-10-23,CO,18,58,20
2022-10-22,CO,18,57,20
2022-10-21,CO,16,59,20
2022-10-20,CO,17,58,20
2022-10-19,CO,17,58,20
2022-10-18,CO,17,57,20
2022-10-17,CO,16,60,19
2022-10-16,CO,16,63,17
2022-10-15,CO,17,59,20
2022-10-14,CO,16,60,20
2022-10-13,CO,16,60,20
2022-10-12,CO,16,59,20
2022-10-11,CO,16,58,20
2022-10-10,CO,17,57,20
2022-10-09,CO,18,59,20
2022-10-08,CO,18,59,20
2022-10-07,CO,18,59,20
2022-10-06,CO,18,59,20
2022-10-05,CO,17,60,20
2022-10-04,CO,16,58,20
2022-10-03,CO,16,58,20
2022-10-02,CO,16,59,20
2022-10-01,CO,16,59,20
2022-09-30,CO,16,59,20
2022-09-29,CO,16,59,20
2022-09-28,CO,17,58,20
2022-09-27,CO,16,57,20
2022-09-26,CO,17,56,20
2022-09-25,CO,16,59,20
2022-09-24,CO,16,59,20
2022-09-23,CO,16,59,20
2022-09-22,CO,16,59,20
2022-09-21,CO,16,59,20
2022-09-20,CO,16,57,20
2022-09-19,CO,16,57,20
2022-09-18,CO,16,59,20
2022-09-17,CO,16,59,20
2022-09-16,CO,16,59,20
2022-09-15,CO,16,59,20
2022-09-14,CO,16,59,20
2022-09-13,CO,16,57,20
2022-09-12,CO,16,57,20
2022-09-11,CO,17,59,20
2022-09-10,CO,17,59,20
2022-09-09,CO,17,61,20
2022-09-08,CO,17,61,20
2022-09-07,CO,17,62,19
2022-09-06,CO,16,59,20
2022-09-05,CO,16,59,20
2022-09-04,CO,16,61,20
2022-09-03,CO,16,61,20
2022-09-02,CO,17,60,20
2022-09-01,CO,16,61,20
2022-08-31,CO,16,61,20
2022-08-30,CO,15,61,20
2022-08-29,CO,15,60,20
2022-08-28,CO,16,62,20
2022-08-27,CO,16,62,20
2022-08-26,CO,17,61,20
2022-08-25,CO,18,60,20
2022-08-24,CO,17,62,19
2022-08-23,CO,16,59,20
2022-08-22,CO,16,59,20
2022-08-21,CO,18,68,20
2022-08-20,CO,17,69,20
2022-08-19,CO,17,69,20
2022-08-18,CO,16,70,20
2022-08-17,CO,16,71,19
2022-08-16,CO,16,59,20
2022-08-15,CO,17,58,20
2022-08-14,CO,18,70,20
2022-08-13,CO,18,70,20
2022-08-12,CO,17,71,20
2022-08-11,CO,17,71,20
2022-08-10,CO,16,72,20
2022-08-09,CO,16,59,20
2022-08-08,CO,16,59,20
2022-08-07,CO,17,71,20
2022-08-06,CO,17,71,20
2022-08-05,CO,17,71,20
2022-08-04,CO,17,72,19
2022-08-03,CO,18,70,20
2022-08-02,CO,17,58,20
2022-08-01,CO,17,58,20
2022-07-31,CO,18,70,20
2022-07-30,CO,18,70,20
2022-07-29,CO,19,69,20
2022-07-28,CO,17,71,20
2022-07-27,CO,17,72,19
2022-07-26,CO,15,60,20
2022-07-25,CO,15,60,20
2022-07-24,CO,16,72,20
2022-07-23,CO,16,72,20
2022-07-22,CO,16,72,20
2022-07-21,CO,17,71,20
2022-07-20,CO,17,72,19
2022-07-19,CO,15,60,20
2022-07-18,CO,16,59,20
2022-07-17,CO,22,66,20
2022-07-16,CO,21,67,20
2022-07-15,CO,19,69,20
2022-07-14,CO,17,71,20
2022-07-13,CO,18,70,20
2022-07-12,CO,16,60,20
2022-07-11,CO,16,60,20
2022-07-10,CO,17,70,20
2022-07-09,CO,17,71,20
2022-07-08,CO,17,71,20
2022-07-07,CO,17,71,20
2022-07-06,CO,17,71,20
2022-07-05,CO,16,61,19
2022-07-04,CO,17,58,20
2022-07-03,CO,18,70,20
2022-07-02,CO,18,70,20
2022-07-01,CO,18,70,20
2022-06-30,CO,17,71,20
2022-06-29,CO,17,71,20
2022-06-28,CO,16,59,20
2022-06-27,CO,15,60,20
2022-06-26,CO,19,69,20
2022-06-25,CO,19,69,20
2022-06-24,CO,22,66,20
2022-06-23,CO,19,69,20
2022-06-22,CO,19,69,20
2022-06-21,CO,16,59,20
2022-06-20,CO,16,59,20
2022-06-19,CO,19,69,20
2022-06-18,CO,19,69,20
2022-06-17,CO,18,70,20
2022-06-16,CO,17,72,19
2022-06-15,CO,18,71,19
2022-06-14,CO,15,60,20
2022-06-13,CO,15,60,20
2022-06-12,CO,17,71,20
2022-06-11,CO,17,71,20
2022-06-10,CO,17,71,20
2022-06-09,CO,17,71,20
2022-06-08,CO,19,69,20
2022-06-07,CO,17,58,20
2022-06-06,CO,16,60,20
2022-06-05,CO,21,67,20
2022-06-04,CO,22,66,20
2022-06-03,CO,19,69,20
2022-06-02,CO,19,69,20
2022-06-01,CO,18,70,20
2022-05-31,CO,15,60,20
2022-05-30,CO,16,59,20
2022-05-29,CO,18,70,20
2022-05-28,CO,18,70,20
2022-05-27,CO,18,70,20
2022-05-26,CO,18,70,20
2022-05-25,CO,19,70,19
2022-05-24,CO,16,59,20
2022-05-23,CO,16,60,20
2022-05-22,CO,19,69,20
2022-05-21,CO,19,69,20
2022-05-20,CO,18,71,19
2022-05-19,CO,18,70,20
2022-05-18,CO,18,70,20
2022-05-17,CO,16,60,20
2022-05-16,CO,17,58,20
2022-05-15,CO,19,69,20
2022-05-14,CO,19,69,20
2022-05-13,CO,19,69,20
2022-05-12,CO,19,69,20
2022-05-11,CO,20,68,20
2022-05-10,CO,18,58,20
2022-05-09,CO,17,59,20
2022-05-08,CO,20,68,20
2022-05-07,CO,22,66,20
2022-05-06,CO,21,67,20
2022-05-05,CO,19,69,20
2022-05-04,CO,19,69,20
2022-05-03,CO,16,59,20
2022-05-02,CO,16,60,19
2022-05-01,CO,20,69,20
2022-04-30,CO,20,69,20
2022-04-29,CO,21,68,20
2022-04-28,CO,20,69,20
2022-04-27,CO,20,70,19
2022-04-26,CO,17,58,20
2022-04-25,CO,19,56,20
2022-04-24,CO,19,68,20
2022-04-23,CO,20,67,20
2022-04-22,CO,20,68,19
2022-04-21,CO,21,66,20
2022-04-20,CO,20,67,20
2022-04-19,CO,16,59,20
2022-04-18,CO,15,60,20
2022-04-17,CO,17,71,20
2022-04-16,CO,17,71,20
2022-04-15,CO,19,69,20
2022-04-14,CO,18,70,20
2022-04-13,CO,18,70,20
2022-04-12,CO,17,58,20
2022-04-11,CO,16,60,20
2022-04-10,CO,18,70,20
2022-04-09,CO,19,69,20
2022-04-08,CO,19,69,20
2022-04-07,CO,19,69,20
2022-04-06,CO,20,68,20
2022-04-05,CO,16,59,20
2022-04-04,CO,16,59,20
2022-04-03,CO,18,70,20
2022-04-02,CO,18,70,20
2022-04-01,CO,18,70,20
2022-03-31,CO,19,69,20
2022-03-30,CO,18,70,20
2022-03-29,CO,15,60,20
2022-03-28,CO,16,59,20
2022-03-27,CO,18,69,20
2022-03-26,CO,19,68,20
2022-03-25,CO,19,68,20
2022-03-24,CO,18,69,20
2022-03-23,CO,19,68,20
2022-03-22,CO,17,58,20
2022-03-21,CO,18,57,20
2022-03-20,CO,18,69,20
2022-03-19,CO,18,70,19
2022-03-18,CO,21,66,20
2022-03-17,CO,21,66,20
2022-03-16,CO,19,68,20
2022-03-15,CO,17,58,20
2022-03-14,CO,17,58,20
2022-03-13,CO,19,67,20
2022-03-12,CO,21,65,20
2022-03-11,CO,21,65,20
2022-03-10,CO,20,66,20
2022-03-09,CO,18,69,19
2022-03-08,CO,17,58,20
2022-03-07,CO,17,58,20
2022-03-06,CO,19,69,20
2022-03-05,CO,18,70,20
2022-03-04,CO,20,68,20
2022-03-03,CO,20,68,20
2022-03-02,CO,19,69,20
2022-03-01,CO,18,58,20
2022-02-28,CO,18,58,20
2022-02-27,CO,20,68,20
2022-02-26,CO,20,68,20
2022-02-25,CO,21,67,20
2022-02-24,CO,21,67,20
2022-02-23,CO,20,68,20
2022-02-22,CO,18,57,20
2022-02-21,CO,18,58,20
2022-02-20,CO,21,66,20
2022-02-19,CO,22,65,20
2022-02-18,CO,22,65,20
2022-02-17,CO,22,65,20
2022-02-16,CO,21,66,20
2022-02-15,CO,19,56,20
2022-02-14,CO,19,56,20
2022-02-13,CO,20,67,20
2022-02-12,CO,19,68,20
2022-02-11,CO,22,65,20
2022-02-10,CO,23,64,20
2022-02-09,CO,23,64,20
2022-02-08,CO,18,57,20
2022-02-07,CO,19,56,20
2022-02-06,CO,21,66,20
2022-02-05,CO,24,63,20
2022-02-04,CO,24,63,20
2022-02-03,CO,22,65,20
2022-02-02,CO,21,66,20
2022-02-01,CO,18,57,20
2022-01-31,CO,25,55,15
2022-01-30,CO,26,66,15
2022-01-29,CO,25,67,15
2022-01-28,CO,29,63,15
2022-01-27,CO,27,65,15
2022-01-26,CO,27,71,9
2022-01-25,CO,25,55,15
2022-01-24,CO,25,56,15
2022-01-23,CO,29,63,15
2022-01-22,CO,27,65,15
2022-01-21,CO,27,65,15
2022-01-20,CO,28,64,15
2022-01-19,CO,26,71,10
2022-01-18,CO,28,55,15
2022-01-17,CO,29,54,15
2022-01-16,CO,28,53,26
2022-01-15,CO,31,50,26
2022-01-14,CO,30,51,26
2022-01-13,CO,28,53,26
2022-01-12,CO,30,51,26
2022-01-11,CO,29,44,25
2022-01-10,CO,30,42,26
2022-01-09,CO,27,54,25
2022-01-08,CO,25,56,25
2022-01-07,CO,28,53,25
2022-01-06,CO,28,53,25
2022-01-05,CO,27,54,25
2022-01-04,CO,27,45,25
2022-01-03,CO,27,45,25
2022-01-02,CO,27,55,25
2022-01-01,CO,26,56,25
2021-12-31,CO,28,54,25
2021-12-30,CO,29,53,25
2021-12-29,CO,27,55,25
2021-12-28,CO,26,46,25
2021-12-27,CO,26,46,25
2021-12-26,CO,25,57,25
2021-12-25,CO,27,55,25
2021-12-24,CO,27,55,25
2021-12-23,CO,26,56,25
2021-12-22,CO,25,57,25
2021-12-21,CO,24,48,25
2021-12-20,CO,26,46,25
2021-12-19,CO,28,54,25
2021-12-18,CO,29,53,25
2021-12-17,CO,29,53,25
2021-12-16,CO,29,53,25
2021-12-15,CO,27,55,25
2021-12-14,CO,25,47,25
2021-12-13,CO,25,47,25
2021-12-12,CO,26,55,25
2021-12-11,CO,25,56,25
2021-12-10,CO,26,55,25
2021-12-09,CO,26,55,25
2021-12-08,CO,23,58,25
2021-12-07,CO,25,47,25
2021-12-06,CO,26,46,25
2021-12-05,CO,27,54,25
2021-12-04,CO,26,55,25
2021-12-03,CO,28,53,25
2021-12-02,CO,27,54,25
2021-12-01,CO,29,52,25
2021-11-30,CO,25,47,25
2021-11-29,CO,27,45,25
2021-11-28,CO,27,54,25
2021-11-27,CO,27,54,25
2021-11-26,CO,29,52,25
2021-11-25,CO,28,53,25
2021-11-24,CO,28,58,20
2021-11-23,CO,30,43,25
2021-11-22,CO,27,46,25
2021-11-21,CO,27,54,25
2021-11-20,CO,27,54,25
2021-11-19,CO,25,56,25
2021-11-18,CO,27,54,25
2021-11-17,CO,14,72,20
2021-11-16,CO,15,62,20
2021-11-15,CO,13,64,20
2021-11-14,CO,14,72,20
2021-11-13,CO,15,71,20
2021-11-12,CO,12,74,20
2021-11-11,CO,11,75,20
2021-11-10,CO,14,72,20
2021-11-09,CO,13,64,20
2021-11-08,CO,13,64,20
2021-11-07,CO,11,75,20
2021-11-06,CO,12,74,20
2021-11-05,CO,11,75,20
2021-11-04,CO,11,75,20
2021-11-03,CO,11,75,20
2021-11-02,CO,12,65,20
2021-11-01,CO,11,66,20
2021-10-31,CO,13,73,20
2021-10-30,CO,13,73,20
2021-10-29,CO,14,72,20
2021-10-28,CO,14,72,20
2021-10-27,CO,15,71,20
2021-10-26,CO,16,61,20
2021-10-25,CO,13,65,20
2021-10-24,CO,12,74,20
2021-10-23,CO,11,75,20
2021-10-22,CO,13,73,20
2021-10-21,CO,14,72,20
2021-10-20,CO,13,73,20
2021-10-19,CO,11,66,20
2021-10-18,CO,10,67,20
2021-10-17,CO,12,74,20
2021-10-16,CO,12,74,20
2021-10-15,CO,11,75,20
2021-10-14,CO,12,74,20
2021-10-13,CO,11,75,20
2021-10-12,CO,12,65,20
2021-10-11,CO,12,65,20
2021-10-10,CO,12,73,20
2021-10-09,CO,11,74,20
2021-10-08,CO,13,72,20
2021-10-07,CO,11,74,20
2021-10-06,CO,11,74,20
2021-10-05,CO,12,65,20
2021-10-04,CO,12,65,20
2021-10-03,CO,12,74,20
2021-10-02,CO,12,74,20
2021-10-01,CO,11,75,20
2021-09-30,CO,12,74,20
2021-09-29,CO,12,74,20
2021-09-28,CO,10,67,20
2021-09-27,CO,10,67,20
2021-09-26,CO,11,75,20
2021-09-25,CO,11,75,20
2021-09-24,CO,11,75,20
2021-09-23,CO,14,72,20
2021-09-22,CO,14,72,20
2021-09-21,CO,11,66,20
2021-09-20,CO,11,66,20
2021-09-19,CO,11,75,20
2021-09-18,CO,11,75,20
2021-09-17,CO,12,74,20
2021-09-16,CO,11,75,20
2021-09-15,CO,11,75,20
2021-09-14,CO,12,65,20
2021-09-13,CO,11,66,20
2021-09-12,CO,11,75,20
2021-09-11,CO,9,77,20
2021-09-10,CO,11,75,20
2021-09-09,CO,11,75,20
2021-09-08,CO,11,75,20
2021-09-07,CO,11,66,20
2021-09-06,CO,10,67,20
2021-09-05,CO,12,74,20
2021-09-04,CO,12,74,20
2021-09-03,CO,12,74,20
2021-09-02,CO,13,73,20
2021-09-01,CO,14,72,20
2021-08-31,CO,10,67,20
2021-08-30,CO,10,67,20
2021-08-29,CO,11,74,20
2021-08-28,CO,11,74,20
2021-08-27,CO,12,73,20
2021-08-26,CO,12,73,20
2021-08-25,CO,8,77,20
2021-08-24,CO,6,71,20
2021-08-23,CO,5,73,20
2021-08-22,CO,6,80,20
2021-08-21,CO,7,79,20
2021-08-20,CO,6,80,20
2021-08-19,CO,6,80,20
2021-08-18,CO,6,79,20
2021-08-17,CO,5,72,20
2021-08-16,CO,5,72,20
2021-08-15,CO,4,82,20
2021-08-14,CO,4,82,20
2021-08-13,CO,6,80,20
2021-08-12,CO,8,78,20
2021-08-11,CO,7,79,20
2021-08-10,CO,6,71,20
2021-08-09,CO,5,72,20
2021-08-08,CO,6,80,20
2021-08-07,CO,7,79,20
2021-08-06,CO,5,81,20
2021-08-05,CO,6,80,20
2021-08-04,CO,7,79,20
2021-08-03,CO,4,73,20
2021-08-02,CO,5,72,20
2021-08-01,CO,6,80,20
2021-07-31,CO,4,82,20
2021-07-30,CO,6,80,20
2021-07-29,CO,6,80,20
2021-07-28,CO,4,82,20
2021-07-27,CO,4,73,20
2021-07-26,CO,5,72,20
2021-07-25,CO,6,80,20
2021-07-24,CO,7,79,20
2021-07-23,CO,7,79,20
2021-07-22,CO,6,80,20
2021-07-21,CO,10,76,20
2021-07-20,CO,6,69,20
2021-07-19,CO,3,72,20
2021-07-18,CO,6,80,20
2021-07-17,CO,7,79,20
2021-07-16,CO,8,78,20
2021-07-15,CO,5,81,20
2021-07-14,CO,5,81,20
2021-07-13,CO,3,72,20
2021-07-12,CO,3,73,20
2021-07-11,CO,6,80,20
2021-07-10,CO,4,82,20
2021-07-09,CO,7,79,20
2021-07-08,CO,7,79,20
2021-07-07,CO,9,77,20
2021-07-06,CO,6,69,20
2021-07-05,CO,6,70,20
2021-07-04,CO,5,81,20
2021-07-03,CO,5,81,20
2021-07-02,CO,6,80,20
2021-07-01,CO,8,78,20
2021-06-30,CO,9,77,20
2021-06-29,CO,6,69,20
2021-06-28,CO,6,69,20
2021-06-27,CO,7,79,20
2021-06-26,CO,6,80,20
2021-06-25,CO,9,77,20
2021-06-24,CO,9,77,20
2021-06-23,CO,9,77,20
2021-06-22,CO,5,71,20
2021-06-21,CO,6,70,20
2021-06-20,CO,6,80,20
2021-06-19,CO,8,78,20
2021-06-18,CO,7,79,20
2021-06-17,CO,8,78,20
2021-06-16,CO,7,79,20
2021-06-15,CO,5,70,20
2021-06-14,CO,7,75,13
2021-06-13,CO,10,83,13
2021-06-12,CO,11,82,13
2021-06-11,CO,10,83,13
2021-06-10,CO,11,82,13
2021-06-09,CO,11,82,13
2021-06-08,CO,7,75,13
2021-06-07,CO,6,76,13
2021-06-06,CO,6,87,13
2021-06-05,CO,6,87,13
2021-06-04,CO,9,84,13
2021-06-03,CO,7,86,13
2021-06-02,CO,8,85,13
2021-06-01,CO,6,77,13
2021-05-31,CO,7,77,13
2021-05-30,CO,8,84,13
2021-05-29,CO,6,86,13
2021-05-28,CO,8,84,13
2021-05-27,CO,8,84,13
2021-05-26,CO,9,83,13
2021-05-25,CO,7,76,13
2021-05-24,CO,8,75,13
2021-05-23,CO,6,86,13
2021-05-22,CO,9,83,13
2021-05-21,CO,6,86,13
2021-05-20,CO,6,86,13
2021-05-19,CO,7,85,13
2021-05-18,CO,6,77,13
2021-05-17,CO,7,76,13
2021-05-16,CO,6,86,13
2021-05-15,CO,7,85,13
2021-05-14,CO,7,85,13
2021-05-13,CO,9,83,13
2021-05-12,CO,8,84,13
2021-05-11,CO,6,77,13
2021-05-10,CO,8,75,13
2021-05-09,CO,9,83,13
2021-05-08,CO,7,85,13
2021-05-07,CO,7,85,13
2021-05-06,CO,9,83,13
2021-05-05,CO,6,86,13
2021-05-04,CO,9,74,13
2021-05-03,CO,6,77,13
2021-05-02,CO,7,85,13
2021-05-01,CO,5,87,13
2021-04-30,CO,5,87,13
2021-04-29,CO,5,87,13
2021-04-28,CO,5,87,13
2021-04-27,CO,7,76,13
2021-04-26,CO,5,78,13
2021-04-25,CO,7,85,13
2021-04-24,CO,7,85,13
2021-04-23,CO,7,85,13
2021-04-22,CO,9,83,13
2021-04-21,CO,7,85,13
2021-04-20,CO,7,76,13
2021-04-19,CO,5,78,13
2021-04-18,CO,5,87,13
2021-04-17,CO,6,86,13
2021-04-16,CO,6,86,13
2021-04-15,CO,6,86,13
2021-04-14,CO,7,85,13
2021-04-13,CO,6,77,13
2021-04-12,CO,5,79,13
2021-04-11,CO,7,85,13
2021-04-10,CO,6,86,13
2021-04-09,CO,6,86,13
2021-04-08,CO,6,86,13
2021-04-07,CO,6,86,13
2021-04-06,CO,5,80,13
2021-04-05,CO,6,79,13
2021-04-04,CO,6,86,13
2021-04-03,CO,7,85,13
2021-04-02,CO,7,85,13
2021-04-01,CO,6,86,13
2021-03-31,CO,5,87,13
2021-03-30,CO,4,79,13
2021-03-29,CO,4,79,13
2021-03-28,CO,6,86,13
2021-03-27,CO,4,88,13
2021-03-26,CO,5,87,13
2021-03-25,CO,5,87,13
2021-03-24,CO,5,87,13
2021-03-23,CO,4,79,13
2021-03-22,CO,4,79,13
2021-03-21,CO,4,88,13
2021-03-20,CO,5,87,13
2021-03-19,CO,6,86,13
2021-03-18,CO,5,87,13
2021-03-17,CO,7,85,13
2021-03-16,CO,4,79,13
2021-03-15,CO,6,77,13
2021-03-14,CO,4,88,13
2021-03-13,CO,4,88,13
2021-03-12,CO,6,86,13
2021-03-11,CO,6,86,13
2021-03-10,CO,4,89,12
2021-03-09,CO,4,79,13
2021-03-08,CO,5,78,13
2021-03-07,CO,6,86,13
2021-03-06,CO,6,86,13
2021-03-05,CO,6,86,13
2021-03-04,CO,7,85,13
2021-03-03,CO,7,85,13
2021-03-02,CO,5,78,13
2021-03-01,CO,7,76,13
2021-02-28,CO,6,86,13
2021-02-27,CO,7,85,13
2021-02-26,CO,7,85,13
2021-02-25,CO,5,87,13
2021-02-24,CO,5,87,13
2021-02-23,CO,3,80,13
2021-02-22,CO,5,78,13
2021-02-21,CO,4,88,13
2021-02-20,CO,5,87,13
2021-02-19,CO,4,88,13
2021-02-18,CO,6,86,13
2021-02-17,CO,8,84,13
2021-02-16,CO,6,77,13
2021-02-15,CO,6,77,13
2021-02-14,CO,7,85,13
2021-02-13,CO,7,85,13
2021-02-12,CO,8,84,13
2021-02-11,CO,7,85,13
2021-02-10,CO,7,85,13
2021-02-09,CO,4,79,13
2021-02-08,CO,4,79,13
2021-02-07,CO,5,87,13
2021-02-06,CO,5,87,13
2021-02-05,CO,6,86,13
2021-02-04,CO,7,85,13
2021-02-03,CO,7,85,13
2021-02-02,CO,7,76,13
2021-02-01,CO,4,79,13
2021-01-31,CO,5,87,13
2021-01-30,CO,5,87,13
2021-01-29,CO,6,86,13
2021-01-28,CO,6,86,13
2021-01-27,CO,5,87,13
2021-01-26,CO,4,79,13
2021-01-25,CO,4,80,13
2021-01-24,CO,6,86,13
2021-01-23,CO,7,85,13
2021-01-22,CO,7,85,13
2021-01-21,CO,8,84,13
2021-01-20,CO,8,83,13
2021-01-19,CO,6,78,13
2021-01-18,CO,6,78,13
2021-01-17,CO,7,84,13
2021-01-16,CO,6,85,13
2021-01-15,CO,7,84,13
2021-01-14,CO,7,84,13
2021-01-13,CO,7,84,13
2021-01-12,CO,5,77,13
2021-01-11,CO,4,79,13
2021-01-10,CO,9,81,13
2021-01-09,CO,7,83,13
2021-01-08,CO,7,83,13
2021-01-07,CO,5,85,13
2021-01-06,CO,5,84,13
2021-01-05,CO,3,78,14
2021-01-04,CO,3,78,14
2021-01-03,CO,3,88,13
2021-01-02,CO,5,86,13
2021-01-01,CO,5,86,13
2020-12-31,CO,4,87,13
2020-12-30,CO,5,86,13
2020-12-29,CO,6,76,13
2020-12-28,CO,12,70,13
2020-12-27,CO,14,77,13
2020-12-26,CO,14,77,13
2020-12-25,CO,14,77,13
2020-12-24,CO,13,78,13
2020-12-23,CO,13,78,13
2020-12-22,CO,13,71,13
2020-12-21,CO,11,71,13
2020-12-20,CO,16,75,13
2020-12-19,CO,16,75,13
2020-12-18,CO,17,74,13
2020-12-17,CO,17,74,13
2020-12-16,CO,17,74,13
2020-12-15,CO,15,67,13
2020-12-14,CO,16,66,13
2020-12-13,CO,19,72,13
2020-12-12,CO,18,73,13
2020-12-11,CO,18,73,13
2020-12-10,CO,18,73,13
2020-12-09,CO,18,73,13
2020-12-08,CO,15,67,13
2020-12-07,CO,14,69,12
2020-12-06,CO,17,74,13
2020-12-05,CO,17,74,13
2020-12-04,CO,17,74,13
2020-12-03,CO,17,74,13
2020-12-02,CO,17,74,13
2020-12-01,CO,14,68,13
2020-11-30,CO,15,67,13
2020-11-29,CO,18,73,13
2020-11-28,CO,18,73,13
2020-11-27,CO,18,73,13
2020-11-26,CO,18,73,13
2020-11-25,CO,18,73,13
2020-11-24,CO,13,69,13
2020-11-23,CO,12,70,13
2020-11-22,CO,13,78,13
2020-11-21,CO,13,78,13
2020-11-20,CO,14,77,13
2020-11-19,CO,12,79,13
2020-11-18,CO,11,80,13
2020-11-17,CO,10,73,13
2020-11-16,CO,10,73,13
2020-11-15,CO,13,77,13
2020-11-14,CO,13,77,13
2020-11-13,CO,10,80,13
2020-11-12,CO,11,79,13
2020-11-11,CO,9,80,13
2020-11-10,CO,8,74,13
2020-11-09,CO,9,73,13
2020-11-08,CO,11,79,13
2020-11-07,CO,11,79,13
2020-11-06,CO,10,80,13
2020-11-05,CO,9,92,2
2020-11-04,CO,8,93,2
2020-11-03,CO,8,85,2
2020-11-02,CO,8,86,2
2020-11-01,CO,7,90,3
2020-10-31,CO,8,90,3
2020-10-30,CO,8,90,3
2020-10-29,CO,6,91,4
2020-10-28,CO,6,89,5
2020-10-27,CO,6,85,5
2020-10-26,CO,6,86,5
2020-10-25,CO,6,89,5
2020-10-24,CO,6,90,5
2020-10-23,CO,6,90,5
2020-10-22,CO,6,90,5
2020-10-21,CO,7,88,5
2020-10-20,CO,7,87,5
2020-10-19,CO,8,86,5
2020-10-18,CO,8,87,5
2020-10-17,CO,7,88,5
2020-10-16,CO,7,89,5
2020-10-15,CO,8,87,4
2020-10-14,CO,7,88,4
2020-10-13,CO,4,88,5
2020-10-12,CO,6,87,5
2020-10-11,CO,7,89,5
2020-10-10,CO,7,89,5
2020-10-09,CO,7,89,5
2020-10-08,CO,8,87,6
2020-10-07,CO,8,86,7
2020-10-06,CO,7,86,7
2020-10-05,CO,8,85,7
2020-10-04,CO,8,85,7
2020-10-03,CO,6,86,8
2020-10-02,CO,7,86,7
2020-10-01,CO,7,86,7
2020-09-30,CO,7,86,7
2020-09-29,CO,7,86,7
2020-09-28,CO,7,85,7
2020-09-27,CO,6,86,7
2020-09-26,CO,6,86,7
2020-09-25,CO,6,88,7
2020-09-24,CO,7,87,7
2020-09-23,CO,6,87,7
2020-09-22,CO,7,87,7
2020-09-21,CO,7,87,7
2020-09-20,CO,7,85,8
2020-09-19,CO,6,86,8
2020-09-18,CO,6,86,10
2020-09-17,CO,7,85,10
2020-09-16,CO,6,85,10
2020-09-15,CO,7,85,9
2020-09-14,CO,7,85,9
2020-09-13,CO,7,83,9
2020-09-12,CO,7,83,10
2020-09-11,CO,7,83,10
2020-09-10,CO,7,83,10
2020-09-09,CO,7,83,10
2020-09-08,CO,5,85,10
2020-09-07,CO,7,83,9
2020-09-06,CO,6,84,9
2020-09-05,CO,6,84,9
2020-09-04,CO,6,84,9
2020-09-03,CO,6,83,9
2020-09-02,CO,7,82,9
2020-09-01,CO,6,84,9
2020-08-31,CO,6,84,10
2020-08-30,CO,7,83,10
2020-08-29,CO,7,83,10
2020-08-28,CO,6,84,10
2020-08-27,CO,6,83,11
2020-08-26,CO,6,81,12
2020-08-25,CO,6,81,12
2020-08-24,CO,5,82,12
2020-08-23,CO,5,80,11
2020-08-22,CO,5,80,11
2020-08-21,CO,7,80,12
2020-08-20,CO,7,80,12
2020-08-19,CO,6,81,12
2020-08-18,CO,6,81,12
2020-08-17,CO,5,82,10
2020-08-16,CO,5,82,9
2020-08-15,CO,5,81,10
2020-08-14,CO,4,75,18
2020-08-13,CO,4,74,18
2020-08-12,CO,4,72,20
2020-08-11,CO,4,71,21
2020-08-10,CO,7,69,21
2020-08-09,CO,8,69,20
2020-08-08,CO,7,71,20
2020-08-07,CO,7,71,20
2020-08-06,CO,7,71,19
2020-08-05,CO,7,71,19
2020-08-04,CO,6,72,19
2020-08-03,CO,5,70,19
2020-08-02,CO,5,70,18
2020-08-01,CO,5,72,18
2023-04-10,CT,3,21,7
2023-04-09,CT,3,21,7
2023-04-08,CT,3,21,7
2023-04-07,CT,3,21,7
2023-04-06,CT,3,21,8
2023-04-05,CT,3,21,9
2023-04-04,CT,3,21,9
2023-04-03,CT,3,21,9
2023-04-02,CT,3,21,9
2023-04-01,CT,3,20,10
2023-03-31,CT,3,21,9
2023-03-30,CT,3,21,9
2023-03-29,CT,3,20,10
2023-03-28,CT,3,21,9
2023-03-27,CT,3,21,9
2023-03-26,CT,3,20,10
2023-03-25,CT,3,20,10
2023-03-24,CT,3,21,9
2023-03-23,CT,3,20,10
2023-03-22,CT,3,20,10
2023-03-21,CT,3,21,9
2023-03-20,CT,3,21,9
2023-03-19,CT,3,21,9
2023-03-18,CT,3,21,9
2023-03-17,CT,3,20,10
2023-03-16,CT,3,20,10
2023-03-15,CT,2,21,10
2023-03-14,CT,3,21,9
2023-03-13,CT,3,21,9
2023-03-12,CT,3,20,10
2023-03-11,CT,3,21,9
2023-03-10,CT,3,21,9
2023-03-09,CT,3,21,9
2023-03-08,CT,3,21,9
2023-03-07,CT,3,21,9
2023-03-06,CT,3,20,10
2023-03-05,CT,3,21,9
2023-03-04,CT,3,21,9
2023-03-03,CT,3,21,9
2023-03-02,CT,3,21,9
2023-03-01,CT,4,20,9
2023-02-28,CT,3,21,9
2023-02-27,CT,3,22,9
2023-02-26,CT,3,22,9
2023-02-25,CT,3,22,9
2023-02-24,CT,3,22,9
2023-02-23,CT,3,22,9
2023-02-22,CT,3,21,9
2023-02-21,CT,3,21,9
2023-02-20,CT,3,21,9
2023-02-19,CT,3,21,9
2023-02-18,CT,3,21,9
2023-02-17,CT,3,21,9
2023-02-16,CT,3,21,9
2023-02-15,CT,3,21,9
2023-02-14,CT,3,21,9
2023-02-13,CT,3,20,11
2023-02-12,CT,3,20,11
2023-02-11,CT,3,20,11
2023-02-10,CT,3,21,10
2023-02-09,CT,3,21,10
2023-02-08,CT,3,21,9
2023-02-07,CT,3,21,9
2023-02-06,CT,3,21,9
2023-02-05,CT,3,21,9
2023-02-04,CT,3,21,9
2023-02-03,CT,3,21,9
2023-02-02,CT,3,21,9
2023-02-01,CT,3,21,9
2023-01-31,CT,3,21,9
2023-01-30,CT,3,21,9
2023-01-29,CT,3,21,9
2023-01-28,CT,3,19,11
2023-01-27,CT,3,20,10
2023-01-26,CT,3,21,9
2023-01-25,CT,3,21,9
2023-01-24,CT,3,20,10
2023-01-23,CT,3,21,9
2023-01-22,CT,3,20,10
2023-01-21,CT,3,21,9
2023-01-20,CT,3,20,10
2023-01-19,CT,3,21,9
2023-01-18,CT,3,21,9
2023-01-17,CT,3,20,10
2023-01-16,CT,3,21,9
2023-01-15,CT,3,20,10
2023-01-14,CT,3,21,9
2023-01-13,CT,3,20,10
2023-01-12,CT,3,21,9
2023-01-11,CT,3,21,9
2023-01-10,CT,3,21,9
2023-01-09,CT,3,21,9
2023-01-08,CT,3,21,9
2023-01-07,CT,3,21,9
2023-01-06,CT,3,20,10
2023-01-05,CT,3,20,10
2023-01-04,CT,3,20,10
2023-01-03,CT,3,21,9
2023-01-02,CT,3,21,9
2023-01-01,CT,3,21,9
2022-12-31,CT,3,20,9
2022-12-30,CT,3,20,9
2022-12-29,CT,3,20,10
2022-12-28,CT,3,21,9
2022-12-27,CT,3,21,9
2022-12-26,CT,3,20,10
2022-12-25,CT,3,20,10
2022-12-24,CT,3,19,11
2022-12-23,CT,3,21,9
2022-12-22,CT,3,19,11
2022-12-21,CT,3,21,9
2022-12-20,CT,3,20,10
2022-12-19,CT,3,20,10
2022-12-18,CT,3,20,10
2022-12-17,CT,3,19,11
2022-12-16,CT,3,21,9
2022-12-15,CT,3,21,9
2022-12-14,CT,3,22,8
2022-12-13,CT,2,22,9
2022-12-12,CT,2,22,9
2022-12-11,CT,2,22,9
2022-12-10,CT,3,21,9
2022-12-09,CT,2,22,9
2022-12-08,CT,2,22,9
2022-12-07,CT,2,23,8
2022-12-06,CT,2,22,9
2022-12-05,CT,2,22,9
2022-12-04,CT,2,22,9
2022-12-03,CT,2,22,9
2022-12-02,CT,2,22,9
2022-12-01,CT,2,22,9
2022-11-30,CT,2,23,8
2022-11-29,CT,2,22,9
2022-11-28,CT,2,22,9
2022-11-27,CT,2,22,9
2022-11-26,CT,2,23,9
2022-11-25,CT,2,23,9
2022-11-24,CT,2,23,9
2022-11-23,CT,2,24,8
2022-11-22,CT,2,23,9
2022-11-21,CT,2,22,9
2022-11-20,CT,2,22,9
2022-11-19,CT,2,22,9
2022-11-18,CT,2,22,9
2022-11-17,CT,2,22,9
2022-11-16,CT,2,24,7
2022-11-15,CT,2,23,8
2022-11-14,CT,2,23,8
2022-11-13,CT,2,23,8
2022-11-12,CT,2,23,8
2022-11-11,CT,2,23,8
2022-11-10,CT,2,23,8
2022-11-09,CT,2,24,7
2022-11-08,CT,2,23,8
2022-11-07,CT,2,23,8
2022-11-06,CT,2,23,8
2022-11-05,CT,2,23,8
2022-11-04,CT,2,23,8
2022-11-03,CT,2,23,8
2022-11-02,CT,2,24,7
2022-11-01,CT,2,23,8
2022-10-31,CT,2,23,8
2022-10-30,CT,2,24,8
2022-10-29,CT,2,24,8
2022-10-28,CT,2,24,8
2022-10-27,CT,2,24,8
2022-10-26,CT,2,25,7
2022-10-25,CT,2,23,8
2022-10-24,CT,2,23,8
2022-10-23,CT,2,23,8
2022-10-22,CT,2,23,8
2022-10-21,CT,2,23,8
2022-10-20,CT,2,23,8
2022-10-19,CT,2,24,7
2022-10-18,CT,2,23,8
2022-10-17,CT,2,23,8
2022-10-16,CT,2,23,8
2022-10-15,CT,2,23,8
2022-10-14,CT,2,23,8
2022-10-13,CT,2,23,8
2022-10-12,CT,2,24,7
2022-10-11,CT,2,23,8
2022-10-10,CT,2,24,8
2022-10-09,CT,2,24,8
2022-10-08,CT,2,24,8
2022-10-07,CT,2,24,8
2022-10-06,CT,1,25,8
2022-10-05,CT,1,25,7
2022-10-04,CT,1,24,8
2022-10-03,CT,1,25,8
2022-10-02,CT,1,25,8
2022-10-01,CT,1,25,8
2022-09-30,CT,1,25,8
2022-09-29,CT,1,25,8
2022-09-28,CT,1,25,7
2022-09-27,CT,1,24,8
2022-09-26,CT,1,24,8
2022-09-25,CT,1,25,8
2022-09-24,CT,1,25,8
2022-09-23,CT,1,25,8
2022-09-22,CT,1,25,8
2022-09-21,CT,1,26,7
2022-09-20,CT,1,24,8
2022-09-19,CT,1,24,8
2022-09-18,CT,1,26,8
2022-09-17,CT,1,26,8
2022-09-16,CT,1,26,8
2022-09-15,CT,1,26,8
2022-09-14,CT,1,27,7
2022-09-13,CT,1,24,8
2022-09-12,CT,1,24,8
2022-09-11,CT,1,26,8
2022-09-10,CT,1,26,8
2022-09-09,CT,1,26,8
2022-09-08,CT,1,26,8
2022-09-07,CT,1,27,7
2022-09-06,CT,1,24,8
2022-09-05,CT,1,24,8
2022-09-04,CT,1,26,8
2022-09-03,CT,1,26,8
2022-09-02,CT,1,26,8
2022-09-01,CT,1,26,8
2022-08-31,CT,1,27,7
2022-08-30,CT,1,24,8
2022-08-29,CT,1,24,8
2022-08-28,CT,1,26,8
2022-08-27,CT,1,26,8
2022-08-26,CT,1,26,8
2022-08-25,CT,1,26,8
2022-08-24,CT,1,27,7
2022-08-23,CT,1,24,8
2022-08-22,CT,1,24,8
2022-08-21,CT,2,28,8
2022-08-20,CT,2,28,8
2022-08-19,CT,2,28,8
2022-08-18,CT,2,28,8
2022-08-17,CT,2,29,7
2022-08-16,CT,1,24,8
2022-08-15,CT,1,24,8
2022-08-14,CT,2,29,8
2022-08-13,CT,2,29,8
2022-08-12,CT,2,29,8
2022-08-11,CT,2,29,8
2022-08-10,CT,2,30,7
2022-08-09,CT,1,24,8
2022-08-08,CT,1,24,8
2022-08-07,CT,3,29,8
2022-08-06,CT,3,29,8
2022-08-05,CT,3,29,8
2022-08-04,CT,3,29,8
2022-08-03,CT,3,30,7
2022-08-02,CT,1,24,8
2022-08-01,CT,1,24,8
2022-07-31,CT,3,29,8
2022-07-30,CT,3,29,8
2022-07-29,CT,3,29,8
2022-07-28,CT,3,29,8
2022-07-27,CT,3,30,7
2022-07-26,CT,1,24,8
2022-07-25,CT,1,24,8
2022-07-24,CT,3,29,8
2022-07-23,CT,3,29,8
2022-07-22,CT,3,29,8
2022-07-21,CT,3,29,8
2022-07-20,CT,3,30,7
2022-07-19,CT,1,24,8
2022-07-18,CT,1,24,8
2022-07-17,CT,1,31,8
2022-07-16,CT,1,31,8
2022-07-15,CT,1,31,8
2022-07-14,CT,1,31,8
2022-07-13,CT,1,32,7
2022-07-12,CT,1,24,8
2022-07-11,CT,1,24,8
2022-07-10,CT,2,30,8
2022-07-09,CT,2,30,8
2022-07-08,CT,2,30,8
2022-07-07,CT,2,30,8
2022-07-06,CT,2,31,7
2022-07-05,CT,1,24,8
2022-07-04,CT,1,24,8
2022-07-03,CT,2,30,8
2022-07-02,CT,2,30,8
2022-07-01,CT,2,30,8
2022-06-30,CT,2,30,8
2022-06-29,CT,2,31,7
2022-06-28,CT,1,24,8
2022-06-27,CT,1,24,8
2022-06-26,CT,2,30,8
2022-06-25,CT,2,30,8
2022-06-24,CT,2,30,8
2022-06-23,CT,2,30,8
2022-06-22,CT,2,31,7
2022-06-21,CT,1,24,8
2022-06-20,CT,1,24,8
2022-06-19,CT,2,30,8
2022-06-18,CT,2,30,8
2022-06-17,CT,2,30,8
2022-06-16,CT,2,30,8
2022-06-15,CT,2,31,7
2022-06-14,CT,1,24,8
2022-06-13,CT,1,24,8
2022-06-12,CT,2,30,8
2022-06-11,CT,2,30,8
2022-06-10,CT,2,30,8
2022-06-09,CT,2,30,8
2022-06-08,CT,2,31,7
2022-06-07,CT,1,24,8
2022-06-06,CT,1,24,8
2022-06-05,CT,2,30,8
2022-06-04,CT,2,30,8
2022-06-03,CT,2,30,8
2022-06-02,CT,2,30,8
2022-06-01,CT,2,31,7
2022-05-31,CT,1,24,8
2022-05-30,CT,1,24,8
2022-05-29,CT,2,29,8
2022-05-28,CT,2,29,8
2022-05-27,CT,2,29,8
2022-05-26,CT,2,29,8
2022-05-25,CT,2,29,8
2022-05-24,CT,1,24,8
2022-05-23,CT,1,24,8
2022-05-22,CT,2,29,8
2022-05-21,CT,2,29,8
2022-05-20,CT,2,29,8
2022-05-19,CT,2,29,8
2022-05-18,CT,2,30,7
2022-05-17,CT,1,24,8
2022-05-16,CT,1,24,8
2022-05-15,CT,2,30,8
2022-05-14,CT,2,30,8
2022-05-13,CT,2,31,7
2022-05-12,CT,2,30,8
2022-05-11,CT,2,31,7
2022-05-10,CT,1,24,8
2022-05-09,CT,1,24,8
2022-05-08,CT,2,30,8
2022-05-07,CT,2,30,8
2022-05-06,CT,2,30,8
2022-05-05,CT,2,30,8
2022-05-04,CT,2,31,7
2022-05-03,CT,1,24,8
2022-05-02,CT,1,24,8
2022-05-01,CT,1,31,8
2022-04-30,CT,1,31,8
2022-04-29,CT,1,31,8
2022-04-28,CT,1,31,8
2022-04-27,CT,1,32,7
2022-04-26,CT,1,24,8
2022-04-25,CT,1,24,8
2022-04-24,CT,1,31,8
2022-04-23,CT,1,31,8
2022-04-22,CT,1,31,8
2022-04-21,CT,1,31,8
2022-04-20,CT,1,32,7
2022-04-19,CT,1,24,8
2022-04-18,CT,1,24,8
2022-04-17,CT,1,31,8
2022-04-16,CT,1,31,8
2022-04-15,CT,1,31,8
2022-04-14,CT,1,31,8
2022-04-13,CT,1,32,7
2022-04-12,CT,1,24,8
2022-04-11,CT,1,24,8
2022-04-10,CT,1,31,8
2022-04-09,CT,1,31,8
2022-04-08,CT,1,31,8
2022-04-07,CT,1,31,8
2022-04-06,CT,1,32,7
2022-04-05,CT,1,24,8
2022-04-04,CT,1,24,8
2022-04-03,CT,1,31,8
2022-04-02,CT,1,31,8
2022-04-01,CT,1,31,8
2022-03-31,CT,1,31,8
2022-03-30,CT,1,32,7
2022-03-29,CT,1,24,8
2022-03-28,CT,1,24,8
2022-03-27,CT,1,31,8
2022-03-26,CT,1,31,8
2022-03-25,CT,1,31,8
2022-03-24,CT,1,31,8
2022-03-23,CT,1,32,7
2022-03-22,CT,1,24,8
2022-03-21,CT,1,24,8
2022-03-20,CT,1,31,8
2022-03-19,CT,1,31,8
2022-03-18,CT,1,31,8
2022-03-17,CT,1,31,8
2022-03-16,CT,1,32,7
2022-03-15,CT,1,24,8
2022-03-14,CT,1,24,8
2022-03-13,CT,1,31,8
2022-03-12,CT,1,31,8
2022-03-11,CT,1,31,8
2022-03-10,CT,1,31,8
2022-03-09,CT,1,32,7
2022-03-08,CT,1,24,8
2022-03-07,CT,1,24,8
2022-03-06,CT,1,31,8
2022-03-05,CT,1,31,8
2022-03-04,CT,1,31,8
2022-03-03,CT,1,31,8
2022-03-02,CT,1,32,7
2022-03-01,CT,1,24,8
2022-02-28,CT,1,24,8
2022-02-27,CT,1,31,8
2022-02-26,CT,1,31,8
2022-02-25,CT,1,31,8
2022-02-24,CT,2,30,8
2022-02-23,CT,2,31,7
2022-02-22,CT,2,23,8
2022-02-21,CT,2,23,8
2022-02-20,CT,2,30,8
2022-02-19,CT,2,30,8
2022-02-18,CT,2,30,8
2022-02-17,CT,2,30,8
2022-02-16,CT,2,31,7
2022-02-15,CT,2,23,8
2022-02-14,CT,2,23,8
2022-02-13,CT,2,30,8
2022-02-12,CT,2,30,8
2022-02-11,CT,2,30,8
2022-02-10,CT,2,30,8
2022-02-09,CT,2,31,7
2022-02-08,CT,2,23,8
2022-02-07,CT,1,24,8
2022-02-06,CT,1,31,8
2022-02-05,CT,1,31,8
2022-02-04,CT,1,31,8
2022-02-03,CT,2,30,8
2022-02-02,CT,2,31,7
2022-02-01,CT,2,23,8
2022-01-31,CT,2,23,8
2022-01-30,CT,3,28,8
2022-01-29,CT,3,28,8
2022-01-28,CT,3,28,8
2022-01-27,CT,2,29,8
2022-01-26,CT,2,30,7
2022-01-25,CT,1,24,8
2022-01-24,CT,1,24,8
2022-01-23,CT,2,30,8
2022-01-22,CT,2,30,8
2022-01-21,CT,2,30,8
2022-01-20,CT,1,31,8
2022-01-19,CT,2,31,7
2022-01-18,CT,1,25,7
2022-01-17,CT,1,25,7
2022-01-16,CT,2,31,7
2022-01-15,CT,2,31,7
2022-01-14,CT,2,31,7
2022-01-13,CT,3,30,7
2022-01-12,CT,2,31,7
2022-01-11,CT,3,24,7
2022-01-10,CT,1,25,7
2022-01-09,CT,1,32,7
2022-01-08,CT,1,32,7
2022-01-07,CT,1,32,7
2022-01-06,CT,1,32,7
2022-01-05,CT,1,32,7
2022-01-04,CT,1,25,7
2022-01-03,CT,1,25,7
2022-01-02,CT,0,33,7
2022-01-01,CT,0,33,7
2021-12-31,CT,0,33,7
2021-12-30,CT,0,33,7
2021-12-29,CT,0,33,7
2021-12-28,CT,0,26,7
2021-12-27,CT,0,26,7
2021-12-26,CT,0,33,7
2021-12-25,CT,0,33,7
2021-12-24,CT,0,33,7
2021-12-23,CT,0,33,7
2021-12-22,CT,0,33,7
2021-12-21,CT,0,27,7
2021-12-20,CT,0,27,7
2021-12-19,CT,0,32,7
2021-12-18,CT,0,32,7
2021-12-17,CT,0,32,7
2021-12-16,CT,0,31,7
2021-12-15,CT,0,31,7
2021-12-14,CT,0,25,8
2021-12-13,CT,0,25,8
2021-12-12,CT,0,31,8
2021-12-11,CT,0,31,8
2021-12-10,CT,0,31,8
2021-12-09,CT,0,33,6
2021-12-08,CT,0,32,7
2021-12-07,CT,0,28,5
2021-12-06,CT,0,28,5
2021-12-05,CT,0,34,5
2021-12-04,CT,0,34,5
2021-12-03,CT,0,34,5
2021-12-02,CT,0,34,5
2021-12-01,CT,0,34,5
2021-11-30,CT,0,28,5
2021-11-29,CT,0,28,5
2021-11-28,CT,0,35,5
2021-11-27,CT,0,35,5
2021-11-26,CT,0,35,5
2021-11-25,CT,0,35,5
2021-11-24,CT,0,35,5
2021-11-23,CT,0,28,5
2021-11-22,CT,0,28,5
2021-11-21,CT,0,35,5
2021-11-20,CT,0,35,5
2021-11-19,CT,0,35,5
2021-11-18,CT,0,35,5
2021-11-17,CT,0,35,5
2021-11-16,CT,0,28,5
2021-11-15,CT,0,28,5
2021-11-14,CT,0,35,5
2021-11-13,CT,0,35,5
2021-11-12,CT,0,35,5
2021-11-11,CT,0,35,5
2021-11-10,CT,0,35,5
2021-11-09,CT,0,28,5
2021-11-08,CT,0,28,5
2021-11-07,CT,0,35,5
2021-11-06,CT,0,35,5
2021-11-05,CT,0,35,5
2021-11-04,CT,0,35,5
2021-11-03,CT,0,35,5
2021-11-02,CT,0,28,5
2021-11-01,CT,0,28,5
2021-10-31,CT,0,35,5
2021-10-30,CT,0,35,5
2021-10-29,CT,0,35,5
2021-10-28,CT,0,35,5
2021-10-27,CT,0,35,5
2021-10-26,CT,0,28,5
2021-10-25,CT,0,28,5
2021-10-24,CT,0,35,5
2021-10-23,CT,0,35,5
2021-10-22,CT,0,35,5
2021-10-21,CT,0,35,5
2021-10-20,CT,0,35,5
2021-10-19,CT,0,28,5
2021-10-18,CT,0,29,5
2021-10-17,CT,0,35,5
2021-10-16,CT,0,35,5
2021-10-15,CT,1,34,5
2021-10-14,CT,0,35,5
2021-10-13,CT,0,35,5
2021-10-12,CT,0,28,5
2021-10-11,CT,0,28,5
2021-10-10,CT,0,35,5
2021-10-09,CT,0,35,5
2021-10-08,CT,0,35,5
2021-10-07,CT,0,35,5
2021-10-06,CT,0,35,5
2021-10-05,CT,0,28,5
2021-10-04,CT,0,28,5
2021-10-03,CT,0,34,5
2021-10-02,CT,0,34,5
2021-10-01,CT,0,34,5
2021-09-30,CT,0,34,5
2021-09-29,CT,0,34,5
2021-09-28,CT,0,28,5
2021-09-27,CT,0,28,5
2021-09-26,CT,1,34,5
2021-09-25,CT,1,34,5
2021-09-24,CT,1,34,5
2021-09-23,CT,1,34,5
2021-09-22,CT,1,34,5
2021-09-21,CT,0,28,5
2021-09-20,CT,0,28,5
2021-09-19,CT,0,35,5
2021-09-18,CT,0,35,5
2021-09-17,CT,0,35,5
2021-09-16,CT,0,35,5
2021-09-15,CT,0,35,5
2021-09-14,CT,0,28,5
2021-09-13,CT,0,28,5
2021-09-12,CT,0,35,5
2021-09-11,CT,0,35,5
2021-09-10,CT,0,35,5
2021-09-09,CT,0,35,5
2021-09-08,CT,0,35,5
2021-09-07,CT,0,28,5
2021-09-06,CT,0,28,5
2021-09-05,CT,0,34,5
2021-09-04,CT,0,34,5
2021-09-03,CT,0,34,5
2021-09-02,CT,0,34,5
2021-09-01,CT,0,34,5
2021-08-31,CT,0,28,5
2021-08-30,CT,0,28,5
2021-08-29,CT,0,35,5
2021-08-28,CT,0,35,5
2021-08-27,CT,0,35,5
2021-08-26,CT,0,35,5
2021-08-25,CT,0,35,5
2021-08-24,CT,0,28,5
2021-08-23,CT,0,28,5
2021-08-22,CT,0,35,5
2021-08-21,CT,0,35,5
2021-08-20,CT,0,35,5
2021-08-19,CT,0,35,5
2021-08-18,CT,0,35,5
2021-08-17,CT,0,27,6
2021-08-16,CT,0,27,6
2021-08-15,CT,0,34,6
2021-08-14,CT,0,34,6
2021-08-13,CT,0,34,6
2021-08-12,CT,0,34,6
2021-08-11,CT,0,34,6
2021-08-10,CT,0,27,6
2021-08-09,CT,0,27,6
2021-08-08,CT,0,34,6
2021-08-07,CT,0,34,6
2021-08-06,CT,0,34,6
2021-08-05,CT,0,34,6
2021-08-04,CT,0,35,5
2021-08-03,CT,0,29,4
2021-08-02,CT,0,29,4
2021-08-01,CT,0,36,4
2021-07-31,CT,0,36,4
2021-07-30,CT,0,36,4
2021-07-29,CT,0,36,4
2021-07-28,CT,0,36,4
2021-07-27,CT,0,29,4
2021-07-26,CT,0,29,4
2021-07-25,CT,0,36,4
2021-07-24,CT,0,36,4
2021-07-23,CT,0,36,4
2021-07-22,CT,0,36,4
2021-07-21,CT,0,36,4
2021-07-20,CT,0,29,4
2021-07-19,CT,0,29,4
2021-07-18,CT,0,36,4
2021-07-17,CT,0,36,4
2021-07-16,CT,0,36,4
2021-07-15,CT,0,36,4
2021-07-14,CT,0,36,4
2021-07-13,CT,0,29,4
2021-07-12,CT,0,29,4
2021-07-11,CT,0,36,4
2021-07-10,CT,0,36,4
2021-07-09,CT,0,36,4
2021-07-08,CT,0,36,4
2021-07-07,CT,0,36,4
2021-07-06,CT,0,29,4
2021-07-05,CT,0,29,4
2021-07-04,CT,0,36,4
2021-07-03,CT,0,36,4
2021-07-02,CT,0,36,4
2021-07-01,CT,0,36,4
2021-06-30,CT,0,35,5
2021-06-29,CT,0,32,1
2021-06-28,CT,0,29,4
2021-06-27,CT,0,36,4
2021-06-26,CT,0,36,4
2021-06-25,CT,4,35,1
2021-06-24,CT,4,35,1
2021-06-23,CT,4,35,1
2021-06-22,CT,4,28,1
2021-06-21,CT,4,28,1
2021-06-20,CT,4,35,1
2021-06-19,CT,4,35,1
2021-06-18,CT,4,35,1
2021-06-17,CT,4,35,1
2021-06-16,CT,4,35,1
2021-06-15,CT,4,28,1
2021-06-14,CT,4,28,1
2021-06-13,CT,4,35,1
2021-06-12,CT,4,35,1
2021-06-11,CT,4,35,1
2021-06-10,CT,4,35,1
2021-06-09,CT,4,35,1
2021-06-08,CT,4,28,1
2021-06-07,CT,4,29,1
2021-06-06,CT,4,35,1
2021-06-05,CT,4,35,1
2021-06-04,CT,4,35,1
2021-06-03,CT,4,35,1
2021-06-02,CT,4,35,1
2021-06-01,CT,4,28,1
2021-05-31,CT,4,28,1
2021-05-30,CT,4,34,1
2021-05-29,CT,4,34,1
2021-05-28,CT,4,34,1
2021-05-27,CT,4,34,1
2021-05-26,CT,4,34,1
2021-05-25,CT,4,28,1
2021-05-24,CT,4,28,1
2021-05-23,CT,4,35,1
2021-05-22,CT,4,35,1
2021-05-21,CT,4,35,1
2021-05-20,CT,4,35,1
2021-05-19,CT,4,35,1
2021-05-18,CT,4,28,1
2021-05-17,CT,4,29,1
2021-05-16,CT,4,35,1
2021-05-15,CT,4,35,1
2021-05-14,CT,4,35,1
2021-05-13,CT,4,35,1
2021-05-12,CT,4,35,1
2021-05-11,CT,4,28,1
2021-05-10,CT,4,28,1
2021-05-09,CT,4,35,1
2021-05-08,CT,4,35,1
2021-05-07,CT,4,35,1
2021-05-06,CT,4,35,1
2021-05-05,CT,4,35,1
2021-05-04,CT,4,28,1
2021-05-03,CT,4,28,1
2021-05-02,CT,4,35,1
2021-05-01,CT,4,35,1
2021-04-30,CT,4,35,1
2021-04-29,CT,4,35,1
2021-04-28,CT,4,35,1
2021-04-27,CT,4,29,1
2021-04-26,CT,4,29,1
2021-04-25,CT,4,35,1
2021-04-24,CT,4,35,1
2021-04-23,CT,4,35,1
2021-04-22,CT,4,35,1
2021-04-21,CT,4,35,1
2021-04-20,CT,4,28,1
2021-04-19,CT,4,28,1
2021-04-18,CT,4,35,1
2021-04-17,CT,4,35,1
2021-04-16,CT,4,35,1
2021-04-15,CT,4,35,1
2021-04-14,CT,3,36,1
2021-04-13,CT,4,28,1
2021-04-12,CT,4,28,1
2021-04-11,CT,4,35,1
2021-04-10,CT,4,35,1
2021-04-09,CT,4,35,1
2021-04-08,CT,4,35,1
2021-04-07,CT,4,35,1
2021-04-06,CT,4,28,1
2021-04-05,CT,4,28,1
2021-04-04,CT,4,35,1
2021-04-03,CT,4,35,1
2021-04-02,CT,4,35,1
2021-04-01,CT,4,35,1
2021-03-31,CT,4,35,1
2021-03-30,CT,4,28,1
2021-03-29,CT,4,28,1
2021-03-28,CT,4,34,1
2021-03-27,CT,4,34,1
2021-03-26,CT,4,34,1
2021-03-25,CT,4,34,1
2021-03-24,CT,4,34,1
2021-03-23,CT,4,28,1
2021-03-22,CT,4,28,1
2021-03-21,CT,4,35,1
2021-03-20,CT,4,35,1
2021-03-19,CT,4,35,1
2021-03-18,CT,4,35,1
2021-03-17,CT,4,35,1
2021-03-16,CT,4,28,1
2021-03-15,CT,4,28,1
2021-03-14,CT,4,35,1
2021-03-13,CT,4,35,1
2021-03-12,CT,4,35,1
2021-03-11,CT,4,35,1
2021-03-10,CT,4,35,1
2021-03-09,CT,4,28,1
2021-03-08,CT,4,28,1
2021-03-07,CT,4,34,1
2021-03-06,CT,4,34,1
2021-03-05,CT,4,34,1
2021-03-04,CT,4,34,1
2021-03-03,CT,4,34,1
2021-03-02,CT,4,28,1
2021-03-01,CT,4,28,1
2021-02-28,CT,4,35,1
2021-02-27,CT,4,35,1
2021-02-26,CT,4,35,1
2021-02-25,CT,4,35,1
2021-02-24,CT,4,35,1
2021-02-23,CT,4,28,1
2021-02-22,CT,4,28,1
2021-02-21,CT,4,35,1
2021-02-20,CT,4,35,1
2021-02-19,CT,4,35,1
2021-02-18,CT,4,35,1
2021-02-17,CT,4,35,1
2021-02-16,CT,4,28,1
2021-02-15,CT,4,28,1
2021-02-14,CT,4,35,1
2021-02-13,CT,4,35,1
2021-02-12,CT,4,35,1
2021-02-11,CT,4,34,2
2021-02-10,CT,4,35,1
2021-02-09,CT,4,28,1
2021-02-08,CT,4,28,1
2021-02-07,CT,4,35,1
2021-02-06,CT,4,35,1
2021-02-05,CT,4,35,1
2021-02-04,CT,4,35,1
2021-02-03,CT,4,35,1
2021-02-02,CT,4,28,1
2021-02-01,CT,4,28,1
2021-01-31,CT,4,35,1
2021-01-30,CT,4,35,1
2021-01-29,CT,4,35,1
2021-01-28,CT,4,35,1
2021-01-27,CT,4,35,1
2021-01-26,CT,4,28,1
2021-01-25,CT,4,28,1
2021-01-24,CT,4,35,1
2021-01-23,CT,4,35,1
2021-01-22,CT,4,35,1
2021-01-21,CT,4,35,1
2021-01-20,CT,4,35,1
2021-01-19,CT,4,28,1
2021-01-18,CT,4,28,1
2021-01-17,CT,4,35,1
2021-01-16,CT,4,35,1
2021-01-15,CT,4,35,1
2021-01-14,CT,4,35,1
2021-01-13,CT,4,35,1
2021-01-12,CT,4,28,1
2021-01-11,CT,4,29,1
2021-01-10,CT,4,35,1
2021-01-09,CT,4,35,1
2021-01-08,CT,4,35,1
2021-01-07,CT,4,35,1
2021-01-06,CT,5,33,1
2021-01-05,CT,6,26,1
2021-01-04,CT,6,26,1
2021-01-03,CT,6,33,1
2021-01-02,CT,6,33,1
2021-01-01,CT,6,33,1
2020-12-31,CT,6,33,1
2020-12-30,CT,6,33,1
2020-12-29,CT,6,26,1
2020-12-28,CT,6,26,1
2020-12-27,CT,6,33,1
2020-12-26,CT,6,33,1
2020-12-25,CT,6,33,1
2020-12-24,CT,6,32,2
2020-12-23,CT,6,33,1
2020-12-22,CT,6,26,1
2020-12-21,CT,6,26,1
2020-12-20,CT,6,33,1
2020-12-19,CT,6,33,1
2020-12-18,CT,3,36,1
2020-12-17,CT,3,36,1
2020-12-16,CT,3,36,1
2020-12-15,CT,3,29,1
2020-12-14,CT,3,30,1
2020-12-13,CT,3,36,1
2020-12-12,CT,3,36,1
2020-12-11,CT,3,36,1
2020-12-10,CT,3,36,1
2020-12-09,CT,3,36,1
2020-12-08,CT,3,30,1
2020-12-07,CT,3,30,1
2020-12-06,CT,3,32,1
2020-12-05,CT,3,32,1
2020-12-04,CT,3,32,1
2020-12-03,CT,3,32,1
2020-12-02,CT,4,30,1
2020-12-01,CT,9,22,1
2020-11-30,CT,9,22,1
2020-11-29,CT,9,25,1
2020-11-28,CT,9,25,1
2020-11-27,CT,9,25,1
2020-11-26,CT,9,25,1
2020-11-25,CT,9,25,1
2020-11-24,CT,9,22,1
2020-11-23,CT,9,22,1
2020-11-22,CT,9,25,1
2020-11-21,CT,9,25,1
2020-11-20,CT,9,25,1
2020-11-19,CT,9,25,1
2020-11-18,CT,9,25,1
2020-11-17,CT,9,21,1
2020-11-16,CT,9,22,1
2020-11-15,CT,9,22,1
2020-11-14,CT,9,22,1
2020-11-13,CT,9,22,1
2020-11-12,CT,8,23,1
2020-11-11,CT,8,22,1
2020-11-10,CT,7,23,1
2020-11-09,CT,7,23,1
2020-11-08,CT,7,24,1
2020-11-07,CT,7,24,1
2020-11-06,CT,7,24,1
2020-11-05,CT,7,24,1
2020-11-04,CT,7,24,1
2020-11-03,CT,7,23,2
2020-11-02,CT,7,23,2
2020-11-01,CT,7,23,2
2020-10-31,CT,7,23,2
2020-10-30,CT,7,23,2
2020-10-29,CT,7,23,1
2020-10-28,CT,7,23,1
2020-10-27,CT,7,23,1
2020-10-26,CT,7,24,1
2020-10-25,CT,7,24,1
2020-10-24,CT,7,24,1
2020-10-23,CT,7,24,1
2020-10-22,CT,7,24,1
2020-10-21,CT,7,24,1
2020-10-20,CT,7,24,2
2020-10-19,CT,7,24,2
2020-10-18,CT,7,24,2
2020-10-17,CT,7,24,2
2020-10-16,CT,5,26,2
2020-10-15,CT,5,26,1
2020-10-14,CT,5,26,1
2020-10-13,CT,5,26,1
2020-10-12,CT,5,26,1
2020-10-11,CT,5,26,1
2020-10-10,CT,5,26,1
2020-10-09,CT,5,26,1
2020-10-08,CT,5,25,2
2020-10-07,CT,5,25,2
2020-10-06,CT,5,25,2
2020-10-05,CT,5,25,2
2020-10-04,CT,5,25,2
2020-10-03,CT,5,25,2
2020-10-02,CT,5,25,2
2020-10-01,CT,5,25,2
2020-09-30,CT,5,25,2
2020-09-29,CT,5,25,2
2020-09-28,CT,5,25,2
2020-09-27,CT,5,25,2
2020-09-26,CT,5,25,2
2020-09-25,CT,5,25,2
2020-09-24,CT,5,25,2
2020-09-23,CT,5,25,2
2020-09-22,CT,5,25,2
2020-09-21,CT,5,24,2
2020-09-20,CT,5,24,2
2020-09-19,CT,5,25,2
2020-09-18,CT,5,25,2
2020-09-17,CT,5,25,2
2020-09-16,CT,0,6,26
2020-09-15,CT,0,6,26
2020-09-14,CT,0,5,26
2020-09-13,CT,0,5,26
2020-09-12,CT,0,6,26
2020-09-11,CT,0,6,26
2020-09-10,CT,0,7,25
2020-09-09,CT,0,7,25
2020-09-08,CT,0,7,25
2020-09-07,CT,0,7,25
2020-09-06,CT,0,7,25
2020-09-05,CT,0,7,25
2020-09-04,CT,0,7,25
2020-09-03,CT,0,7,25
2020-09-02,CT,0,7,25
2020-09-01,CT,0,7,25
2020-08-31,CT,0,7,25
2020-08-30,CT,0,7,25
2020-08-29,CT,0,7,25
2020-08-28,CT,0,7,25
2020-08-27,CT,0,7,25
2020-08-26,CT,0,7,25
2020-08-25,CT,0,7,25
2020-08-24,CT,0,7,25
2020-08-23,CT,0,7,25
2020-08-22,CT,0,7,25
2020-08-21,CT,0,7,25
2020-08-20,CT,0,7,25
2020-08-19,CT,0,7,25
2020-08-18,CT,0,7,25
2020-08-17,CT,0,7,24
2020-08-16,CT,0,7,24
2020-08-15,CT,0,7,24
2020-08-14,CT,0,7,24
2020-08-13,CT,0,7,24
2020-08-12,CT,0,6,25
2020-08-11,CT,0,6,25
2020-08-10,CT,0,6,25
2020-08-09,CT,0,6,25
2020-08-08,CT,0,6,25
2020-08-07,CT,0,6,25
2020-08-06,CT,0,6,25
2020-08-05,CT,0,6,25
2020-08-04,CT,0,6,25
2020-08-03,CT,0,6,25
2020-08-02,CT,0,6,25
2020-08-01,CT,0,6,25
2023-04-10,DC,0,11,1
2023-04-09,DC,0,11,1
2023-04-08,DC,0,11,1
2023-04-07,DC,0,11,1
2023-04-06,DC,0,11,2
2023-04-05,DC,0,11,2
2023-04-04,DC,0,11,2
2023-04-03,DC,0,11,2
2023-04-02,DC,0,11,2
2023-04-01,DC,0,11,2
2023-03-31,DC,0,11,2
2023-03-30,DC,0,11,2
2023-03-29,DC,0,11,2
2023-03-28,DC,0,11,2
2023-03-27,DC,0,11,2
2023-03-26,DC,0,11,2
2023-03-25,DC,0,11,2
2023-03-24,DC,0,11,2
2023-03-23,DC,0,11,2
2023-03-22,DC,0,11,2
2023-03-21,DC,0,11,2
2023-03-20,DC,0,11,2
2023-03-19,DC,0,11,2
2023-03-18,DC,0,11,2
2023-03-17,DC,0,11,2
2023-03-16,DC,0,11,2
2023-03-15,DC,0,11,2
2023-03-14,DC,0,11,2
2023-03-13,DC,0,11,2
2023-03-12,DC,0,11,2
2023-03-11,DC,0,11,2
2023-03-10,DC,0,11,2
2023-03-09,DC,0,11,2
2023-03-08,DC,0,11,2
2023-03-07,DC,0,11,2
2023-03-06,DC,0,11,2
2023-03-05,DC,0,11,2
2023-03-04,DC,0,11,2
2023-03-03,DC,0,11,2
2023-03-02,DC,0,11,2
2023-03-01,DC,0,11,2
2023-02-28,DC,0,10,2
2023-02-27,DC,0,10,2
2023-02-26,DC,0,10,2
2023-02-25,DC,0,10,2
2023-02-24,DC,0,10,2
2023-02-23,DC,0,10,2
2023-02-22,DC,0,10,2
2023-02-21,DC,0,10,2
2023-02-20,DC,0,10,2
2023-02-19,DC,0,10,2
2023-02-18,DC,0,10,2
2023-02-17,DC,0,10,2
2023-02-16,DC,0,10,2
2023-02-15,DC,0,10,2
2023-02-14,DC,0,10,2
2023-02-13,DC,0,10,2
2023-02-12,DC,0,10,2
2023-02-11,DC,0,10,2
2023-02-10,DC,0,10,2
2023-02-09,DC,0,10,2
2023-02-08,DC,0,10,2
2023-02-07,DC,0,10,2
2023-02-06,DC,0,10,2
2023-02-05,DC,0,10,2
2023-02-04,DC,0,10,2
2023-02-03,DC,0,10,2
2023-02-02,DC,0,10,2
2023-02-01,DC,0,10,2
2023-01-31,DC,0,10,2
2023-01-30,DC,0,10,2
2023-01-29,DC,0,10,2
2023-01-28,DC,0,10,2
2023-01-27,DC,0,10,2
2023-01-26,DC,0,10,2
2023-01-25,DC,0,10,2
2023-01-24,DC,0,10,2
2023-01-23,DC,0,10,2
2023-01-22,DC,0,10,2
2023-01-21,DC,0,10,2
2023-01-20,DC,0,10,2
2023-01-19,DC,0,10,2
2023-01-18,DC,0,10,2
2023-01-17,DC,0,10,2
2023-01-16,DC,0,10,2
2023-01-15,DC,0,10,2
2023-01-14,DC,0,10,2
2023-01-13,DC,0,10,2
2023-01-12,DC,0,10,2
2023-01-11,DC,0,10,2
2023-01-10,DC,0,10,2
2023-01-09,DC,0,10,2
2023-01-08,DC,0,10,2
2023-01-07,DC,0,10,2
2023-01-06,DC,0,10,2
2023-01-05,DC,0,10,2
2023-01-04,DC,0,10,2
2023-01-03,DC,0,10,2
2023-01-02,DC,0,10,2
2023-01-01,DC,0,10,2
2022-12-31,DC,0,10,1
2022-12-30,DC,0,10,1
2022-12-29,DC,0,10,2
2022-12-28,DC,0,10,2
2022-12-27,DC,0,10,2
2022-12-26,DC,0,10,2
2022-12-25,DC,0,10,2
2022-12-24,DC,0,10,2
2022-12-23,DC,0,10,2
2022-12-22,DC,0,10,2
2022-12-21,DC,0,10,2
2022-12-20,DC,0,10,2
2022-12-19,DC,0,10,2
2022-12-18,DC,0,12,2
2022-12-17,DC,0,12,2
2022-12-16,DC,0,12,2
2022-12-15,DC,0,12,2
2022-12-14,DC,0,13,1
2022-12-13,DC,0,12,2
2022-12-12,DC,0,12,2
2022-12-11,DC,0,12,2
2022-12-10,DC,0,12,2
2022-12-09,DC,0,12,2
2022-12-08,DC,0,12,2
2022-12-07,DC,0,13,1
2022-12-06,DC,0,12,2
2022-12-05,DC,0,12,2
2022-12-04,DC,0,12,2
2022-12-03,DC,0,12,2
2022-12-02,DC,0,12,2
2022-12-01,DC,0,12,2
2022-11-30,DC,0,13,1
2022-11-29,DC,0,12,2
2022-11-28,DC,0,12,2
2022-11-27,DC,0,12,2
2022-11-26,DC,0,12,2
2022-11-25,DC,0,12,2
2022-11-24,DC,0,12,2
2022-11-23,DC,0,13,1
2022-11-22,DC,0,12,2
2022-11-21,DC,0,12,2
2022-11-20,DC,0,12,2
2022-11-19,DC,0,12,2
2022-11-18,DC,0,12,2
2022-11-17,DC,0,12,2
2022-11-16,DC,0,13,1
2022-11-15,DC,0,12,2
2022-11-14,DC,0,12,2
2022-11-13,DC,0,12,2
2022-11-12,DC,0,12,2
2022-11-11,DC,0,12,2
2022-11-10,DC,0,12,2
2022-11-09,DC,0,13,1
2022-11-08,DC,0,12,2
2022-11-07,DC,0,12,2
2022-11-06,DC,0,12,2
2022-11-05,DC,0,12,2
2022-11-04,DC,0,12,2
2022-11-03,DC,0,12,2
2022-11-02,DC,0,13,1
2022-11-01,DC,0,12,2
2022-10-31,DC,0,12,2
2022-10-30,DC,0,12,2
2022-10-29,DC,0,12,2
2022-10-28,DC,0,12,2
2022-10-27,DC,0,12,2
2022-10-26,DC,0,13,1
2022-10-25,DC,0,12,2
2022-10-24,DC,0,12,2
2022-10-23,DC,0,12,2
2022-10-22,DC,0,12,2
2022-10-21,DC,0,12,2
2022-10-20,DC,0,12,2
2022-10-19,DC,0,13,1
2022-10-18,DC,0,12,2
2022-10-17,DC,0,12,2
2022-10-16,DC,0,12,2
2022-10-15,DC,0,12,2
2022-10-14,DC,0,12,2
2022-10-13,DC,0,12,2
2022-10-12,DC,0,13,1
2022-10-11,DC,0,12,2
2022-10-10,DC,0,12,2
2022-10-09,DC,0,12,2
2022-10-08,DC,0,12,2
2022-10-07,DC,0,13,1
2022-10-06,DC,0,12,2
2022-10-05,DC,0,13,1
2022-10-04,DC,0,12,2
2022-10-03,DC,0,12,2
2022-10-02,DC,0,12,2
2022-10-01,DC,0,12,2
2022-09-30,DC,0,12,2
2022-09-29,DC,0,12,2
2022-09-28,DC,0,13,1
2022-09-27,DC,0,12,2
2022-09-26,DC,0,12,2
2022-09-25,DC,0,12,2
2022-09-24,DC,0,12,2
2022-09-23,DC,0,12,2
2022-09-22,DC,0,12,2
2022-09-21,DC,0,13,1
2022-09-20,DC,0,12,2
2022-09-19,DC,0,12,2
2022-09-18,DC,0,12,2
2022-09-17,DC,0,12,2
2022-09-16,DC,0,12,2
2022-09-15,DC,0,12,2
2022-09-14,DC,0,13,1
2022-09-13,DC,0,12,2
2022-09-12,DC,0,12,2
2022-09-11,DC,0,12,2
2022-09-10,DC,0,12,2
2022-09-09,DC,0,12,2
2022-09-08,DC,0,12,2
2022-09-07,DC,0,13,1
2022-09-06,DC,0,12,2
2022-09-05,DC,0,12,2
2022-09-04,DC,0,12,2
2022-09-03,DC,0,12,2
2022-09-02,DC,0,12,2
2022-09-01,DC,0,12,2
2022-08-31,DC,0,13,1
2022-08-30,DC,0,12,2
2022-08-29,DC,0,12,2
2022-08-28,DC,0,12,2
2022-08-27,DC,0,12,2
2022-08-26,DC,0,12,2
2022-08-25,DC,0,12,2
2022-08-24,DC,0,13,1
2022-08-23,DC,0,12,2
2022-08-22,DC,0,12,2
2022-08-21,DC,0,12,2
2022-08-20,DC,0,12,2
2022-08-19,DC,0,12,2
2022-08-18,DC,0,12,2
2022-08-17,DC,0,13,1
2022-08-16,DC,0,12,2
2022-08-15,DC,0,12,2
2022-08-14,DC,0,12,2
2022-08-13,DC,0,12,2
2022-08-12,DC,0,12,2
2022-08-11,DC,0,12,2
2022-08-10,DC,0,13,1
2022-08-09,DC,0,12,2
2022-08-08,DC,0,12,2
2022-08-07,DC,0,12,2
2022-08-06,DC,0,12,2
2022-08-05,DC,0,12,2
2022-08-04,DC,0,12,2
2022-08-03,DC,0,13,1
2022-08-02,DC,0,12,2
2022-08-01,DC,0,12,2
2022-07-31,DC,0,12,2
2022-07-30,DC,0,12,2
2022-07-29,DC,0,12,2
2022-07-28,DC,0,12,2
2022-07-27,DC,0,13,1
2022-07-26,DC,0,12,2
2022-07-25,DC,0,12,2
2022-07-24,DC,0,12,2
2022-07-23,DC,0,12,2
2022-07-22,DC,0,12,2
2022-07-21,DC,0,12,2
2022-07-20,DC,0,13,1
2022-07-19,DC,0,12,2
2022-07-18,DC,0,12,2
2022-07-17,DC,0,12,2
2022-07-16,DC,0,12,2
2022-07-15,DC,0,12,2
2022-07-14,DC,0,12,2
2022-07-13,DC,0,13,1
2022-07-12,DC,0,12,2
2022-07-11,DC,0,12,2
2022-07-10,DC,1,11,2
2022-07-09,DC,0,12,2
2022-07-08,DC,0,12,2
2022-07-07,DC,0,12,2
2022-07-06,DC,0,13,1
2022-07-05,DC,0,12,2
2022-07-04,DC,0,12,2
2022-07-03,DC,0,12,2
2022-07-02,DC,0,12,2
2022-07-01,DC,0,12,2
2022-06-30,DC,0,12,2
2022-06-29,DC,0,13,1
2022-06-28,DC,0,12,2
2022-06-27,DC,0,12,2
2022-06-26,DC,0,12,2
2022-06-25,DC,0,12,2
2022-06-24,DC,0,12,2
2022-06-23,DC,0,12,2
2022-06-22,DC,0,13,1
2022-06-21,DC,0,12,2
2022-06-20,DC,0,12,2
2022-06-19,DC,0,12,2
2022-06-18,DC,0,12,2
2022-06-17,DC,0,12,2
2022-06-16,DC,0,12,2
2022-06-15,DC,0,13,1
2022-06-14,DC,0,12,2
2022-06-13,DC,0,12,2
2022-06-12,DC,0,12,2
2022-06-11,DC,0,12,2
2022-06-10,DC,0,12,2
2022-06-09,DC,0,12,2
2022-06-08,DC,0,13,1
2022-06-07,DC,0,12,2
2022-06-06,DC,0,12,2
2022-06-05,DC,0,12,2
2022-06-04,DC,0,12,2
2022-06-03,DC,0,12,2
2022-06-02,DC,0,12,2
2022-06-01,DC,0,13,1
2022-05-31,DC,0,12,2
2022-05-30,DC,0,12,2
2022-05-29,DC,0,12,2
2022-05-28,DC,0,12,2
2022-05-27,DC,0,12,2
2022-05-26,DC,0,13,1
2022-05-25,DC,0,13,1
2022-05-24,DC,0,12,2
2022-05-23,DC,0,12,2
2022-05-22,DC,0,12,2
2022-05-21,DC,0,12,2
2022-05-20,DC,0,12,2
2022-05-19,DC,0,13,1
2022-05-18,DC,0,13,1
2022-05-17,DC,0,12,2
2022-05-16,DC,0,12,2
2022-05-15,DC,0,12,2
2022-05-14,DC,0,12,2
2022-05-13,DC,0,12,2
2022-05-12,DC,0,12,2
2022-05-11,DC,0,13,1
2022-05-10,DC,0,12,2
2022-05-09,DC,0,12,2
2022-05-08,DC,0,12,2
2022-05-07,DC,0,12,2
2022-05-06,DC,0,12,2
2022-05-05,DC,0,12,2
2022-05-04,DC,0,13,1
2022-05-03,DC,0,12,2
2022-05-02,DC,0,12,2
2022-05-01,DC,0,12,2
2022-04-30,DC,0,12,2
2022-04-29,DC,0,12,2
2022-04-28,DC,0,12,2
2022-04-27,DC,0,13,1
2022-04-26,DC,0,12,2
2022-04-25,DC,0,12,2
2022-04-24,DC,0,12,2
2022-04-23,DC,0,12,2
2022-04-22,DC,0,12,2
2022-04-21,DC,0,12,2
2022-04-20,DC,0,13,1
2022-04-19,DC,0,12,2
2022-04-18,DC,0,12,2
2022-04-17,DC,0,12,2
2022-04-16,DC,0,12,2
2022-04-15,DC,0,12,2
2022-04-14,DC,0,13,1
2022-04-13,DC,0,13,1
2022-04-12,DC,0,12,2
2022-04-11,DC,0,12,2
2022-04-10,DC,0,12,2
2022-04-09,DC,0,13,1
2022-04-08,DC,0,13,1
2022-04-07,DC,0,13,1
2022-04-06,DC,0,13,1
2022-04-05,DC,0,13,1
2022-04-04,DC,0,12,2
2022-04-03,DC,0,13,1
2022-04-02,DC,0,13,1
2022-04-01,DC,0,12,2
2022-03-31,DC,0,13,1
2022-03-30,DC,0,13,1
2022-03-29,DC,0,12,2
2022-03-28,DC,0,13,1
2022-03-27,DC,0,12,2
2022-03-26,DC,0,12,2
2022-03-25,DC,0,12,2
2022-03-24,DC,0,12,2
2022-03-23,DC,0,13,1
2022-03-22,DC,0,12,2
2022-03-21,DC,0,12,2
2022-03-20,DC,0,12,2
2022-03-19,DC,0,12,2
2022-03-18,DC,0,12,2
2022-03-17,DC,0,12,2
2022-03-16,DC,0,13,1
2022-03-15,DC,0,12,2
2022-03-14,DC,0,12,2
2022-03-13,DC,0,12,2
2022-03-12,DC,0,12,2
2022-03-11,DC,0,12,2
2022-03-10,DC,0,12,2
2022-03-09,DC,0,13,1
2022-03-08,DC,0,12,2
2022-03-07,DC,0,12,2
2022-03-06,DC,0,12,2
2022-03-05,DC,0,12,2
2022-03-04,DC,0,13,1
2022-03-03,DC,0,13,1
2022-03-02,DC,0,13,1
2022-03-01,DC,0,13,1
2022-02-28,DC,0,13,1
2022-02-27,DC,0,13,1
2022-02-26,DC,0,12,2
2022-02-25,DC,0,13,1
2022-02-24,DC,0,13,1
2022-02-23,DC,0,13,1
2022-02-22,DC,0,13,1
2022-02-21,DC,0,13,1
2022-02-20,DC,0,13,1
2022-02-19,DC,0,13,1
2022-02-18,DC,0,13,1
2022-02-17,DC,0,13,1
2022-02-16,DC,0,13,1
2022-02-15,DC,0,13,1
2022-02-14,DC,0,13,1
2022-02-13,DC,0,13,1
2022-02-12,DC,0,13,1
2022-02-11,DC,0,13,1
2022-02-10,DC,0,13,1
2022-02-09,DC,0,13,1
2022-02-08,DC,0,13,1
2022-02-07,DC,0,13,1
2022-02-06,DC,0,13,1
2022-02-05,DC,0,13,1
2022-02-04,DC,0,13,1
2022-02-03,DC,0,13,1
2022-02-02,DC,0,13,1
2022-02-01,DC,0,13,1
2022-01-31,DC,0,13,1
2022-01-30,DC,0,13,1
2022-01-29,DC,0,13,1
2022-01-28,DC,0,13,1
2022-01-27,DC,0,13,1
2022-01-26,DC,0,13,1
2022-01-25,DC,0,13,1
2022-01-24,DC,0,13,1
2022-01-23,DC,0,13,1
2022-01-22,DC,0,13,1
2022-01-21,DC,0,13,1
2022-01-20,DC,0,13,1
2022-01-19,DC,0,13,1
2022-01-18,DC,0,13,1
2022-01-17,DC,0,13,1
2022-01-16,DC,0,13,1
2022-01-15,DC,0,13,1
2022-01-14,DC,0,13,1
2022-01-13,DC,0,13,1
2022-01-12,DC,0,13,1
2022-01-11,DC,0,12,2
2022-01-10,DC,0,13,1
2022-01-09,DC,0,13,1
2022-01-08,DC,0,12,2
2022-01-07,DC,0,12,2
2022-01-06,DC,0,12,2
2022-01-05,DC,0,13,1
2022-01-04,DC,0,12,2
2022-01-03,DC,0,12,2
2022-01-02,DC,0,12,2
2022-01-01,DC,0,12,2
2021-12-31,DC,0,12,2
2021-12-30,DC,0,12,2
2021-12-29,DC,0,13,1
2021-12-28,DC,0,12,2
2021-12-27,DC,0,12,2
2021-12-26,DC,0,12,2
2021-12-25,DC,0,12,2
2021-12-24,DC,0,12,2
2021-12-23,DC,0,12,2
2021-12-22,DC,0,13,1
2021-12-21,DC,0,12,2
2021-12-20,DC,0,12,2
2021-12-19,DC,0,12,2
2021-12-18,DC,0,12,2
2021-12-17,DC,0,12,2
2021-12-16,DC,0,12,2
2021-12-15,DC,0,13,1
2021-12-14,DC,0,12,2
2021-12-13,DC,0,12,2
2021-12-12,DC,0,12,2
2021-12-11,DC,0,12,2
2021-12-10,DC,0,12,2
2021-12-09,DC,0,12,2
2021-12-08,DC,0,13,1
2021-12-07,DC,0,12,2
2021-12-06,DC,0,12,2
2021-12-05,DC,0,12,2
2021-12-04,DC,0,12,2
2021-12-03,DC,0,12,2
2021-12-02,DC,0,12,2
2021-12-01,DC,0,13,1
2021-11-30,DC,0,12,2
2021-11-29,DC,0,12,2
2021-11-28,DC,0,12,2
2021-11-27,DC,0,12,2
2021-11-26,DC,0,12,2
2021-11-25,DC,0,12,2
2021-11-24,DC,0,13,1
2021-11-23,DC,0,12,2
2021-11-22,DC,0,12,2
2021-11-21,DC,0,12,2
2021-11-20,DC,0,12,2
2021-11-19,DC,0,12,2
2021-11-18,DC,0,12,2
2021-11-17,DC,0,13,1
2021-11-16,DC,0,12,2
2021-11-15,DC,0,12,2
2021-11-14,DC,0,12,2
2021-11-13,DC,0,12,2
2021-11-12,DC,0,12,2
2021-11-11,DC,0,12,2
2021-11-10,DC,0,13,1
2021-11-09,DC,0,12,2
2021-11-08,DC,0,12,2
2021-11-07,DC,0,12,2
2021-11-06,DC,0,12,2
2021-11-05,DC,0,12,2
2021-11-04,DC,0,12,2
2021-11-03,DC,0,13,1
2021-11-02,DC,0,12,2
2021-11-01,DC,0,12,2
2021-10-31,DC,0,12,2
2021-10-30,DC,0,12,2
2021-10-29,DC,0,12,2
2021-10-28,DC,0,12,2
2021-10-27,DC,0,13,1
2021-10-26,DC,0,12,2
2021-10-25,DC,0,12,2
2021-10-24,DC,0,12,2
2021-10-23,DC,0,12,2
2021-10-22,DC,0,12,2
2021-10-21,DC,0,12,2
2021-10-20,DC,0,13,1
2021-10-19,DC,0,12,2
2021-10-18,DC,0,12,2
2021-10-17,DC,0,12,2
2021-10-16,DC,0,12,2
2021-10-15,DC,0,12,2
2021-10-14,DC,0,12,2
2021-10-13,DC,0,13,1
2021-10-12,DC,0,12,2
2021-10-11,DC,0,12,2
2021-10-10,DC,0,12,2
2021-10-09,DC,0,12,2
2021-10-08,DC,0,12,2
2021-10-07,DC,0,12,2
2021-10-06,DC,0,13,1
2021-10-05,DC,0,12,2
2021-10-04,DC,0,12,2
2021-10-03,DC,0,12,2
2021-10-02,DC,0,12,2
2021-10-01,DC,0,12,2
2021-09-30,DC,0,12,2
2021-09-29,DC,0,13,1
2021-09-28,DC,0,12,2
2021-09-27,DC,0,12,2
2021-09-26,DC,0,12,2
2021-09-25,DC,0,12,2
2021-09-24,DC,0,12,2
2021-09-23,DC,0,12,2
2021-09-22,DC,0,13,1
2021-09-21,DC,0,12,2
2021-09-20,DC,0,12,2
2021-09-19,DC,0,12,2
2021-09-18,DC,0,12,2
2021-09-17,DC,0,12,2
2021-09-16,DC,0,12,2
2021-09-15,DC,0,13,1
2021-09-14,DC,0,12,2
2021-09-13,DC,0,12,2
2021-09-12,DC,0,12,2
2021-09-11,DC,0,12,2
2021-09-10,DC,0,12,2
2021-09-09,DC,0,12,2
2021-09-08,DC,0,13,1
2021-09-07,DC,0,12,2
2021-09-06,DC,0,12,2
2021-09-05,DC,0,12,2
2021-09-04,DC,0,12,2
2021-09-03,DC,0,12,2
2021-09-02,DC,0,12,2
2021-09-01,DC,0,13,1
2021-08-31,DC,0,12,2
2021-08-30,DC,0,12,2
2021-08-29,DC,0,12,2
2021-08-28,DC,0,12,2
2021-08-27,DC,0,12,2
2021-08-26,DC,0,12,2
2021-08-25,DC,0,13,1
2021-08-24,DC,0,12,2
2021-08-23,DC,0,12,2
2021-08-22,DC,0,12,2
2021-08-21,DC,0,12,2
2021-08-20,DC,0,12,2
2021-08-19,DC,0,12,2
2021-08-18,DC,0,13,1
2021-08-17,DC,0,12,2
2021-08-16,DC,0,12,2
2021-08-15,DC,0,12,2
2021-08-14,DC,0,12,2
2021-08-13,DC,0,12,2
2021-08-12,DC,0,13,1
2021-08-11,DC,0,13,1
2021-08-10,DC,0,13,1
2021-08-09,DC,0,12,2
2021-08-08,DC,0,12,2
2021-08-07,DC,0,12,2
2021-08-06,DC,0,12,2
2021-08-05,DC,0,12,2
2021-08-04,DC,0,13,1
2021-08-03,DC,0,12,2
2021-08-02,DC,0,12,2
2021-08-01,DC,0,12,2
2021-07-31,DC,0,12,2
2021-07-30,DC,0,13,1
2021-07-29,DC,0,12,2
2021-07-28,DC,0,13,1
2021-07-27,DC,0,13,1
2021-07-26,DC,0,12,2
2021-07-25,DC,0,12,2
2021-07-24,DC,0,12,2
2021-07-23,DC,0,12,2
2021-07-22,DC,0,13,1
2021-07-21,DC,0,13,1
2021-07-20,DC,0,13,1
2021-07-19,DC,0,13,1
2021-07-18,DC,0,12,2
2021-07-17,DC,0,12,2
2021-07-16,DC,0,13,1
2021-07-15,DC,0,13,1
2021-07-14,DC,0,13,1
2021-07-13,DC,0,13,1
2021-07-12,DC,0,13,1
2021-07-11,DC,0,12,2
2021-07-10,DC,0,12,2
2021-07-09,DC,0,12,2
2021-07-08,DC,0,12,2
2021-07-07,DC,0,13,1
2021-07-06,DC,0,12,2
2021-07-05,DC,0,12,2
2021-07-04,DC,0,12,2
2021-07-03,DC,0,12,2
2021-07-02,DC,0,12,2
2021-07-01,DC,0,12,2
2021-06-30,DC,0,13,1
2021-06-29,DC,0,12,2
2021-06-28,DC,0,12,2
2021-06-27,DC,0,13,1
2021-06-26,DC,0,12,2
2021-06-25,DC,0,13,1
2021-06-24,DC,0,13,1
2021-06-23,DC,0,13,1
2021-06-22,DC,0,13,1
2021-06-21,DC,0,12,2
2021-06-20,DC,0,12,2
2021-06-19,DC,0,12,2
2021-06-18,DC,0,12,2
2021-06-17,DC,0,12,2
2021-06-16,DC,0,13,1
2021-06-15,DC,0,12,2
2021-06-14,DC,0,12,2
2021-06-13,DC,0,12,2
2021-06-12,DC,0,12,2
2021-06-11,DC,0,12,2
2021-06-10,DC,0,12,2
2021-06-09,DC,0,13,1
2021-06-08,DC,0,12,2
2021-06-07,DC,0,12,2
2021-06-06,DC,0,12,2
2021-06-05,DC,0,12,2
2021-06-04,DC,0,12,2
2021-06-03,DC,0,12,2
2021-06-02,DC,0,13,1
2021-06-01,DC,0,12,2
2021-05-31,DC,0,12,2
2021-05-30,DC,0,12,2
2021-05-29,DC,0,12,2
2021-05-28,DC,0,12,2
2021-05-27,DC,0,12,2
2021-05-26,DC,0,13,1
2021-05-25,DC,0,12,2
2021-05-24,DC,0,12,2
2021-05-23,DC,0,12,2
2021-05-22,DC,0,12,2
2021-05-21,DC,0,12,2
2021-05-20,DC,0,12,2
2021-05-19,DC,0,13,1
2021-05-18,DC,0,12,2
2021-05-17,DC,0,12,2
2021-05-16,DC,0,12,2
2021-05-15,DC,0,12,2
2021-05-14,DC,0,12,2
2021-05-13,DC,0,12,2
2021-05-12,DC,0,13,1
2021-05-11,DC,0,12,2
2021-05-10,DC,0,12,2
2021-05-09,DC,0,12,2
2021-05-08,DC,0,12,2
2021-05-07,DC,0,12,2
2021-05-06,DC,0,12,2
2021-05-05,DC,0,13,1
2021-05-04,DC,0,12,2
2021-05-03,DC,0,12,2
2021-05-02,DC,0,12,2
2021-05-01,DC,0,12,2
2021-04-30,DC,0,12,2
2021-04-29,DC,0,12,2
2021-04-28,DC,0,13,1
2021-04-27,DC,0,12,2
2021-04-26,DC,0,12,2
2021-04-25,DC,0,12,2
2021-04-24,DC,0,12,2
2021-04-23,DC,0,12,2
2021-04-22,DC,0,12,2
2021-04-21,DC,0,13,1
2021-04-20,DC,0,12,2
2021-04-19,DC,0,12,2
2021-04-18,DC,0,12,2
2021-04-17,DC,0,12,2
2021-04-16,DC,0,12,2
2021-04-15,DC,0,12,2
2021-04-14,DC,0,13,1
2021-04-13,DC,0,12,2
2021-04-12,DC,0,12,2
2021-04-11,DC,0,12,2
2021-04-10,DC,0,12,2
2021-04-09,DC,0,12,2
2021-04-08,DC,0,12,2
2021-04-07,DC,0,13,1
2021-04-06,DC,0,12,2
2021-04-05,DC,0,12,2
2021-04-04,DC,0,12,2
2021-04-03,DC,0,12,2
2021-04-02,DC,0,12,2
2021-04-01,DC,0,12,2
2021-03-31,DC,0,13,1
2021-03-30,DC,0,12,2
2021-03-29,DC,0,12,2
2021-03-28,DC,0,12,2
2021-03-27,DC,0,12,2
2021-03-26,DC,0,12,2
2021-03-25,DC,0,12,2
2021-03-24,DC,0,13,1
2021-03-23,DC,0,13,1
2021-03-22,DC,0,12,2
2021-03-21,DC,0,12,2
2021-03-20,DC,0,12,2
2021-03-19,DC,0,12,2
2021-03-18,DC,0,12,2
2021-03-17,DC,0,13,1
2021-03-16,DC,0,12,2
2021-03-15,DC,0,12,2
2021-03-14,DC,0,12,2
2021-03-13,DC,0,12,2
2021-03-12,DC,0,12,2
2021-03-11,DC,0,12,2
2021-03-10,DC,0,13,1
2021-03-09,DC,0,12,2
2021-03-08,DC,0,12,2
2021-03-07,DC,0,12,2
2021-03-06,DC,0,12,2
2021-03-05,DC,0,12,2
2021-03-04,DC,0,12,2
2021-03-03,DC,0,13,1
2021-03-02,DC,0,12,2
2021-03-01,DC,0,12,2
2021-02-28,DC,0,12,2
2021-02-27,DC,0,12,2
2021-02-26,DC,0,12,2
2021-02-25,DC,0,12,2
2021-02-24,DC,0,13,1
2021-02-23,DC,0,12,2
2021-02-22,DC,0,12,2
2021-02-21,DC,0,12,2
2021-02-20,DC,0,12,2
2021-02-19,DC,0,12,2
2021-02-18,DC,0,12,2
2021-02-17,DC,0,13,1
2021-02-16,DC,0,12,2
2021-02-15,DC,0,12,2
2021-02-14,DC,0,12,2
2021-02-13,DC,0,12,2
2021-02-12,DC,0,12,2
2021-02-11,DC,0,12,2
2021-02-10,DC,0,13,1
2021-02-09,DC,0,12,2
2021-02-08,DC,0,12,2
2021-02-07,DC,0,12,2
2021-02-06,DC,0,12,2
2021-02-05,DC,0,12,2
2021-02-04,DC,0,12,2
2021-02-03,DC,0,13,1
2021-02-02,DC,0,12,2
2021-02-01,DC,0,12,2
2021-01-31,DC,0,12,2
2021-01-30,DC,0,12,2
2021-01-29,DC,0,12,2
2021-01-28,DC,0,12,2
2021-01-27,DC,0,13,1
2021-01-26,DC,0,12,2
2021-01-25,DC,0,12,2
2021-01-24,DC,0,12,2
2021-01-23,DC,0,12,2
2021-01-22,DC,0,12,2
2021-01-21,DC,0,12,2
2021-01-20,DC,0,13,1
2021-01-19,DC,0,12,2
2021-01-18,DC,0,12,2
2021-01-17,DC,0,12,2
2021-01-16,DC,0,12,2
2021-01-15,DC,0,12,2
2021-01-14,DC,0,12,2
2021-01-13,DC,0,13,1
2021-01-12,DC,0,12,2
2021-01-11,DC,0,12,2
2021-01-10,DC,0,12,2
2021-01-09,DC,0,12,2
2021-01-08,DC,0,12,2
2021-01-07,DC,0,12,2
2021-01-06,DC,0,13,1
2021-01-05,DC,0,12,2
2021-01-04,DC,0,12,2
2021-01-03,DC,0,12,2
2021-01-02,DC,0,12,2
2021-01-01,DC,0,12,2
2020-12-31,DC,0,12,2
2020-12-30,DC,0,13,1
2020-12-29,DC,0,12,2
2020-12-28,DC,0,12,2
2020-12-27,DC,0,12,2
2020-12-26,DC,0,12,2
2020-12-25,DC,0,12,2
2020-12-24,DC,0,12,2
2020-12-23,DC,0,13,1
2020-12-22,DC,0,12,2
2020-12-21,DC,0,12,2
2020-12-20,DC,0,12,2
2020-12-19,DC,0,12,2
2020-12-18,DC,0,12,2
2020-12-17,DC,0,12,2
2020-12-16,DC,0,13,1
2020-12-15,DC,0,12,2
2020-12-14,DC,0,12,2
2020-12-13,DC,0,12,2
2020-12-12,DC,0,12,2
2020-12-11,DC,0,12,2
2020-12-10,DC,0,12,2
2020-12-09,DC,0,13,1
2020-12-08,DC,0,12,2
2020-12-07,DC,0,12,2
2020-12-06,DC,0,12,2
2020-12-05,DC,0,12,2
2020-12-04,DC,0,12,2
2020-12-03,DC,2,10,2
2020-12-02,DC,2,11,1
2020-12-01,DC,2,10,2
2020-11-30,DC,2,10,2
2020-11-29,DC,2,9,2
2020-11-28,DC,2,10,2
2020-11-27,DC,2,10,2
2020-11-26,DC,2,10,2
2020-11-25,DC,2,11,1
2020-11-24,DC,2,10,2
2020-11-23,DC,2,10,2
2020-11-22,DC,2,10,2
2020-11-21,DC,2,10,2
2020-11-20,DC,2,10,2
2020-11-19,DC,2,10,2
2020-11-18,DC,2,11,1
2020-11-17,DC,2,10,2
2020-11-16,DC,2,10,2
2020-11-15,DC,2,10,2
2020-11-14,DC,2,10,2
2020-11-13,DC,2,10,2
2020-11-12,DC,2,10,2
2020-11-11,DC,2,11,1
2020-11-10,DC,2,10,2
2020-11-09,DC,2,10,2
2020-11-08,DC,2,10,2
2020-11-07,DC,2,10,2
2020-11-06,DC,2,10,2
2020-11-05,DC,2,11,1
2020-11-04,DC,2,11,1
2020-11-03,DC,2,11,1
2020-11-02,DC,2,11,1
2020-11-01,DC,2,11,1
2020-10-31,DC,2,11,1
2020-10-30,DC,2,11,1
2020-10-29,DC,2,11,1
2020-10-28,DC,2,10,2
2020-10-27,DC,2,11,1
2020-10-26,DC,2,11,1
2020-10-25,DC,2,11,1
2020-10-24,DC,2,11,1
2020-10-23,DC,2,11,1
2020-10-22,DC,2,11,1
2020-10-21,DC,2,11,1
2020-10-20,DC,2,11,1
2020-10-19,DC,2,11,1
2020-10-18,DC,2,11,1
2020-10-17,DC,2,11,1
2020-10-16,DC,2,11,1
2020-10-15,DC,2,11,1
2020-10-14,DC,2,11,1
2020-10-13,DC,2,11,1
2020-10-12,DC,2,11,1
2020-10-11,DC,2,11,1
2020-10-10,DC,2,11,1
2020-10-09,DC,2,11,1
2020-10-08,DC,2,11,1
2020-10-07,DC,2,11,1
2020-10-06,DC,2,11,1
2020-10-05,DC,2,11,1
2020-10-04,DC,2,11,1
2020-10-03,DC,2,11,1
2020-10-02,DC,2,11,1
2020-10-01,DC,2,11,1
2020-09-30,DC,2,11,1
2020-09-29,DC,2,11,1
2020-09-28,DC,2,11,1
2020-09-27,DC,2,11,1
2020-09-26,DC,2,11,1
2020-09-25,DC,2,11,1
2020-09-24,DC,2,11,1
2020-09-23,DC,2,11,1
2020-09-22,DC,2,11,1
2020-09-21,DC,2,11,1
2020-09-20,DC,2,11,1
2020-09-19,DC,2,11,1
2020-09-18,DC,2,10,2
2020-09-17,DC,2,11,1
2020-09-16,DC,2,11,1
2020-09-15,DC,2,11,1
2020-09-14,DC,2,11,1
2020-09-13,DC,2,11,1
2020-09-12,DC,2,11,1
2020-09-11,DC,2,11,1
2020-09-10,DC,2,11,1
2020-09-09,DC,2,10,2
2020-09-08,DC,2,10,2
2020-09-07,DC,0,13,1
2020-09-06,DC,0,13,1
2020-09-05,DC,0,12,2
2020-09-04,DC,2,11,1
2020-09-03,DC,2,10,2
2020-09-02,DC,3,9,2
2020-09-01,DC,2,10,2
2020-08-31,DC,2,10,2
2020-08-30,DC,0,12,2
2020-08-29,DC,2,10,2
2020-08-28,DC,2,10,2
2020-08-27,DC,2,10,2
2020-08-26,DC,2,10,2
2020-08-25,DC,2,10,2
2020-08-24,DC,2,10,2
2020-08-23,DC,0,12,2
2020-08-22,DC,0,12,2
2020-08-21,DC,2,10,2
2020-08-20,DC,1,11,2
2020-08-19,DC,2,10,2
2020-08-18,DC,2,10,2
2020-08-17,DC,1,11,1
2020-08-16,DC,1,11,1
2020-08-15,DC,1,11,1
2020-08-14,DC,2,10,1
2020-08-13,DC,2,10,1
2020-08-12,DC,1,11,1
2020-08-11,DC,1,11,1
2020-08-10,DC,2,10,1
2020-08-09,DC,0,12,1
2020-08-08,DC,0,12,1
2020-08-07,DC,0,12,1
2020-08-06,DC,0,12,1
2020-08-05,DC,0,12,1
2020-08-04,DC,0,10,1
2020-08-03,DC,0,10,1
2020-08-02,DC,0,10,1
2020-08-01,DC,0,10,1
2023-04-10,DE,1,4,1
2023-04-09,DE,1,4,1
2023-04-08,DE,1,4,1
2023-04-07,DE,1,4,1
2023-04-06,DE,1,4,2
2023-04-05,DE,1,4,2
2023-04-04,DE,1,4,2
2023-04-03,DE,3,4,2
2023-04-02,DE,3,4,2
2023-04-01,DE,3,4,2
2023-03-31,DE,3,4,2
2023-03-30,DE,3,4,2
2023-03-29,DE,3,4,2
2023-03-28,DE,3,4,2
2023-03-27,DE,3,4,2
2023-03-26,DE,3,4,2
2023-03-25,DE,3,4,2
2023-03-24,DE,3,4,2
2023-03-23,DE,3,4,2
2023-03-22,DE,3,4,2
2023-03-21,DE,3,4,2
2023-03-20,DE,3,4,2
2023-03-19,DE,3,4,2
2023-03-18,DE,3,4,2
2023-03-17,DE,3,4,2
2023-03-16,DE,3,4,2
2023-03-15,DE,3,4,2
2023-03-14,DE,3,4,2
2023-03-13,DE,3,4,2
2023-03-12,DE,4,3,2
2023-03-11,DE,4,3,2
2023-03-10,DE,3,3,3
2023-03-09,DE,4,3,2
2023-03-08,DE,4,3,2
2023-03-07,DE,4,3,2
2023-03-06,DE,4,3,2
2023-03-05,DE,4,3,2
2023-03-04,DE,4,3,2
2023-03-03,DE,4,3,2
2023-03-02,DE,4,3,2
2023-03-01,DE,4,3,2
2023-02-28,DE,4,3,2
2023-02-27,DE,4,3,2
2023-02-26,DE,4,3,2
2023-02-25,DE,4,3,2
2023-02-24,DE,4,3,2
2023-02-23,DE,4,3,2
2023-02-22,DE,4,3,2
2023-02-21,DE,4,3,2
2023-02-20,DE,4,3,2
2023-02-19,DE,4,3,2
2023-02-18,DE,4,3,2
2023-02-17,DE,4,3,2
2023-02-16,DE,4,3,2
2023-02-15,DE,4,3,2
2023-02-14,DE,4,3,2
2023-02-13,DE,4,3,2
2023-02-12,DE,4,3,2
2023-02-11,DE,4,3,2
2023-02-10,DE,4,3,2
2023-02-09,DE,4,3,2
2023-02-08,DE,4,3,2
2023-02-07,DE,4,3,2
2023-02-06,DE,4,3,2
2023-02-05,DE,4,4,2
2023-02-04,DE,4,5,2
2023-02-03,DE,4,5,2
2023-02-02,DE,4,5,2
2023-02-01,DE,4,5,2
2023-01-31,DE,4,5,2
2023-01-30,DE,4,4,2
2023-01-29,DE,4,4,2
2023-01-28,DE,4,4,2
2023-01-27,DE,4,4,2
2023-01-26,DE,4,4,2
2023-01-25,DE,4,4,2
2023-01-24,DE,4,4,2
2023-01-23,DE,4,4,2
2023-01-22,DE,4,4,2
2023-01-21,DE,4,4,2
2023-01-20,DE,4,4,2
2023-01-19,DE,4,4,2
2023-01-18,DE,4,4,2
2023-01-17,DE,4,4,2
2023-01-16,DE,4,4,2
2023-01-15,DE,4,4,2
2023-01-14,DE,4,4,2
2023-01-13,DE,4,4,2
2023-01-12,DE,4,4,2
2023-01-11,DE,4,4,2
2023-01-10,DE,4,4,2
2023-01-09,DE,4,4,2
2023-01-08,DE,4,4,2
2023-01-07,DE,3,5,2
2023-01-06,DE,3,5,2
2023-01-05,DE,3,5,2
2023-01-04,DE,3,5,2
2023-01-03,DE,3,5,2
2023-01-02,DE,4,4,2
2023-01-01,DE,4,4,2
2022-12-31,DE,4,4,1
2022-12-30,DE,4,4,1
2022-12-29,DE,4,4,2
2022-12-28,DE,4,4,2
2022-12-27,DE,4,4,2
2022-12-26,DE,4,4,2
2022-12-25,DE,4,4,2
2022-12-24,DE,4,4,2
2022-12-23,DE,4,4,2
2022-12-22,DE,4,4,2
2022-12-21,DE,3,5,2
2022-12-20,DE,4,4,2
2022-12-19,DE,3,4,3
2022-12-18,DE,3,5,2
2022-12-17,DE,4,4,2
2022-12-16,DE,4,4,2
2022-12-15,DE,3,4,3
2022-12-14,DE,3,6,1
2022-12-13,DE,4,4,1
2022-12-12,DE,4,4,1
2022-12-11,DE,4,5,1
2022-12-10,DE,4,5,1
2022-12-09,DE,4,5,1
2022-12-08,DE,4,5,1
2022-12-07,DE,3,6,1
2022-12-06,DE,4,4,1
2022-12-05,DE,4,4,1
2022-12-04,DE,4,5,1
2022-12-03,DE,4,5,1
2022-12-02,DE,4,5,1
2022-12-01,DE,4,5,1
2022-11-30,DE,4,5,1
2022-11-29,DE,4,4,1
2022-11-28,DE,4,4,1
2022-11-27,DE,4,5,1
2022-11-26,DE,4,5,1
2022-11-25,DE,4,5,1
2022-11-24,DE,4,5,1
2022-11-23,DE,3,6,1
2022-11-22,DE,3,5,1
2022-11-21,DE,4,4,1
2022-11-20,DE,4,5,1
2022-11-19,DE,3,6,1
2022-11-18,DE,3,6,1
2022-11-17,DE,3,6,1
2022-11-16,DE,3,6,1
2022-11-15,DE,3,5,1
2022-11-14,DE,4,4,1
2022-11-13,DE,4,5,1
2022-11-12,DE,3,6,1
2022-11-11,DE,4,5,1
2022-11-10,DE,4,5,1
2022-11-09,DE,4,5,1
2022-11-08,DE,4,4,1
2022-11-07,DE,4,4,1
2022-11-06,DE,4,7,1
2022-11-05,DE,4,7,1
2022-11-04,DE,4,7,1
2022-11-03,DE,4,7,1
2022-11-02,DE,4,7,1
2022-11-01,DE,4,4,1
2022-10-31,DE,4,4,1
2022-10-30,DE,4,6,1
2022-10-29,DE,4,6,1
2022-10-28,DE,4,6,1
2022-10-27,DE,4,6,1
2022-10-26,DE,4,6,1
2022-10-25,DE,4,4,1
2022-10-24,DE,4,4,1
2022-10-23,DE,4,6,1
2022-10-22,DE,4,6,1
2022-10-21,DE,4,6,1
2022-10-20,DE,4,6,1
2022-10-19,DE,4,6,1
2022-10-18,DE,4,4,1
2022-10-17,DE,4,5,1
2022-10-16,DE,4,8,1
2022-10-15,DE,4,8,1
2022-10-14,DE,4,8,1
2022-10-13,DE,4,8,1
2022-10-12,DE,4,8,1
2022-10-11,DE,4,4,1
2022-10-10,DE,4,4,1
2022-10-09,DE,4,7,1
2022-10-08,DE,4,7,1
2022-10-07,DE,3,8,1
2022-10-06,DE,4,7,1
2022-10-05,DE,4,7,1
2022-10-04,DE,4,4,1
2022-10-03,DE,4,4,1
2022-10-02,DE,4,7,1
2022-10-01,DE,4,7,1
2022-09-30,DE,4,7,1
2022-09-29,DE,4,7,1
2022-09-28,DE,4,7,1
2022-09-27,DE,4,4,1
2022-09-26,DE,4,4,1
2022-09-25,DE,4,7,1
2022-09-24,DE,4,7,1
2022-09-23,DE,4,7,1
2022-09-22,DE,4,7,1
2022-09-21,DE,4,7,1
2022-09-20,DE,4,4,1
2022-09-19,DE,4,4,1
2022-09-18,DE,4,6,1
2022-09-17,DE,4,6,1
2022-09-16,DE,4,6,1
2022-09-15,DE,4,6,1
2022-09-14,DE,4,6,1
2022-09-13,DE,4,4,1
2022-09-12,DE,4,4,1
2022-09-11,DE,4,7,1
2022-09-10,DE,4,7,1
2022-09-09,DE,4,8,1
2022-09-08,DE,4,8,1
2022-09-07,DE,4,8,1
2022-09-06,DE,4,5,1
2022-09-05,DE,4,5,1
2022-09-04,DE,4,8,1
2022-09-03,DE,4,8,1
2022-09-02,DE,4,8,1
2022-09-01,DE,4,8,1
2022-08-31,DE,4,8,1
2022-08-30,DE,4,5,1
2022-08-29,DE,4,5,1
2022-08-28,DE,4,8,1
2022-08-27,DE,4,8,1
2022-08-26,DE,4,8,1
2022-08-25,DE,4,8,1
2022-08-24,DE,4,8,1
2022-08-23,DE,4,5,1
2022-08-22,DE,4,5,1
2022-08-21,DE,4,11,1
2022-08-20,DE,4,11,1
2022-08-19,DE,4,11,1
2022-08-18,DE,4,11,1
2022-08-17,DE,4,11,1
2022-08-16,DE,4,5,1
2022-08-15,DE,4,5,1
2022-08-14,DE,4,11,1
2022-08-13,DE,4,11,1
2022-08-12,DE,4,11,1
2022-08-11,DE,4,11,1
2022-08-10,DE,4,11,1
2022-08-09,DE,4,5,1
2022-08-08,DE,4,5,1
2022-08-07,DE,4,11,1
2022-08-06,DE,4,11,1
2022-08-05,DE,4,11,1
2022-08-04,DE,4,11,1
2022-08-03,DE,4,11,1
2022-08-02,DE,4,5,1
2022-08-01,DE,4,5,1
2022-07-31,DE,4,11,1
2022-07-30,DE,4,11,1
2022-07-29,DE,4,11,1
2022-07-28,DE,4,11,1
2022-07-27,DE,4,11,1
2022-07-26,DE,4,5,1
2022-07-25,DE,4,5,1
2022-07-24,DE,4,11,1
2022-07-23,DE,4,11,1
2022-07-22,DE,4,11,1
2022-07-21,DE,3,12,1
2022-07-20,DE,4,11,1
2022-07-19,DE,4,5,1
2022-07-18,DE,4,5,1
2022-07-17,DE,4,11,1
2022-07-16,DE,4,11,1
2022-07-15,DE,4,11,1
2022-07-14,DE,4,11,1
2022-07-13,DE,4,11,1
2022-07-12,DE,4,5,1
2022-07-11,DE,4,5,1
2022-07-10,DE,4,11,1
2022-07-09,DE,4,11,1
2022-07-08,DE,4,11,1
2022-07-07,DE,4,11,1
2022-07-06,DE,4,11,1
2022-07-05,DE,4,5,1
2022-07-04,DE,4,5,1
2022-07-03,DE,4,11,1
2022-07-02,DE,4,11,1
2022-07-01,DE,4,11,1
2022-06-30,DE,4,11,1
2022-06-29,DE,4,11,1
2022-06-28,DE,4,5,1
2022-06-27,DE,4,5,1
2022-06-26,DE,4,11,1
2022-06-25,DE,4,11,1
2022-06-24,DE,4,11,1
2022-06-23,DE,4,11,1
2022-06-22,DE,4,11,1
2022-06-21,DE,4,5,1
2022-06-20,DE,4,5,1
2022-06-19,DE,4,11,1
2022-06-18,DE,4,11,1
2022-06-17,DE,4,11,1
2022-06-16,DE,4,11,1
2022-06-15,DE,4,11,1
2022-06-14,DE,4,5,1
2022-06-13,DE,4,5,1
2022-06-12,DE,4,11,1
2022-06-11,DE,4,11,1
2022-06-10,DE,4,11,1
2022-06-09,DE,4,11,1
2022-06-08,DE,4,11,1
2022-06-07,DE,4,5,1
2022-06-06,DE,4,5,1
2022-06-05,DE,4,11,1
2022-06-04,DE,4,11,1
2022-06-03,DE,4,11,1
2022-06-02,DE,4,11,1
2022-06-01,DE,4,11,1
2022-05-31,DE,4,5,1
2022-05-30,DE,4,5,1
2022-05-29,DE,4,11,1
2022-05-28,DE,4,11,1
2022-05-27,DE,4,11,1
2022-05-26,DE,4,11,1
2022-05-25,DE,4,11,1
2022-05-24,DE,4,5,1
2022-05-23,DE,4,5,1
2022-05-22,DE,4,11,1
2022-05-21,DE,4,11,1
2022-05-20,DE,4,11,1
2022-05-19,DE,4,11,1
2022-05-18,DE,4,11,1
2022-05-17,DE,4,5,1
2022-05-16,DE,4,6,1
2022-05-15,DE,4,11,1
2022-05-14,DE,4,11,1
2022-05-13,DE,4,11,1
2022-05-12,DE,4,11,1
2022-05-11,DE,4,11,1
2022-05-10,DE,4,5,1
2022-05-09,DE,4,5,1
2022-05-08,DE,4,11,1
2022-05-07,DE,4,11,1
2022-05-06,DE,4,11,1
2022-05-05,DE,4,11,1
2022-05-04,DE,4,11,1
2022-05-03,DE,4,5,1
2022-05-02,DE,4,5,1
2022-05-01,DE,4,11,1
2022-04-30,DE,4,11,1
2022-04-29,DE,4,11,1
2022-04-28,DE,4,11,1
2022-04-27,DE,4,11,1
2022-04-26,DE,4,6,1
2022-04-25,DE,4,6,1
2022-04-24,DE,5,10,1
2022-04-23,DE,5,10,1
2022-04-22,DE,5,10,1
2022-04-21,DE,5,10,1
2022-04-20,DE,5,10,1
2022-04-19,DE,4,6,1
2022-04-18,DE,4,6,1
2022-04-17,DE,5,10,1
2022-04-16,DE,5,10,1
2022-04-15,DE,5,10,1
2022-04-14,DE,5,10,1
2022-04-13,DE,5,10,1
2022-04-12,DE,4,6,1
2022-04-11,DE,4,6,1
2022-04-10,DE,5,10,1
2022-04-09,DE,5,10,1
2022-04-08,DE,5,10,1
2022-04-07,DE,5,10,1
2022-04-06,DE,5,10,1
2022-04-05,DE,4,6,1
2022-04-04,DE,4,6,1
2022-04-03,DE,5,10,1
2022-04-02,DE,5,10,1
2022-04-01,DE,5,10,1
2022-03-31,DE,5,10,1
2022-03-30,DE,5,10,1
2022-03-29,DE,3,7,1
2022-03-28,DE,3,7,1
2022-03-27,DE,5,10,1
2022-03-26,DE,5,10,1
2022-03-25,DE,5,10,1
2022-03-24,DE,4,11,1
2022-03-23,DE,5,10,1
2022-03-22,DE,4,6,1
2022-03-21,DE,4,6,1
2022-03-20,DE,5,10,1
2022-03-19,DE,5,10,1
2022-03-18,DE,5,10,1
2022-03-17,DE,4,11,1
2022-03-16,DE,4,11,1
2022-03-15,DE,3,7,1
2022-03-14,DE,3,7,1
2022-03-13,DE,4,11,1
2022-03-12,DE,4,11,1
2022-03-11,DE,4,11,1
2022-03-10,DE,4,11,1
2022-03-09,DE,4,11,1
2022-03-08,DE,3,7,1
2022-03-07,DE,4,6,1
2022-03-06,DE,4,11,1
2022-03-05,DE,5,10,1
2022-03-04,DE,5,10,1
2022-03-03,DE,5,10,1
2022-03-02,DE,5,10,1
2022-03-01,DE,4,6,1
2022-02-28,DE,4,6,1
2022-02-27,DE,5,10,1
2022-02-26,DE,5,10,1
2022-02-25,DE,5,10,1
2022-02-24,DE,5,10,1
2022-02-23,DE,5,10,1
2022-02-22,DE,4,6,1
2022-02-21,DE,4,6,1
2022-02-20,DE,5,10,1
2022-02-19,DE,5,10,1
2022-02-18,DE,5,10,1
2022-02-17,DE,5,10,1
2022-02-16,DE,5,10,1
2022-02-15,DE,4,6,1
2022-02-14,DE,4,6,1
2022-02-13,DE,3,12,1
2022-02-12,DE,5,10,1
2022-02-11,DE,3,12,1
2022-02-10,DE,5,10,1
2022-02-09,DE,5,10,1
2022-02-08,DE,4,6,1
2022-02-07,DE,4,6,1
2022-02-06,DE,5,10,1
2022-02-05,DE,4,11,1
2022-02-04,DE,5,10,1
2022-02-03,DE,5,10,1
2022-02-02,DE,5,10,1
2022-02-01,DE,4,5,2
2022-01-31,DE,2,8,1
2022-01-30,DE,4,11,1
2022-01-29,DE,4,11,1
2022-01-28,DE,6,9,1
2022-01-27,DE,4,11,1
2022-01-26,DE,6,9,1
2022-01-25,DE,3,7,1
2022-01-24,DE,4,6,1
2022-01-23,DE,5,10,1
2022-01-22,DE,5,10,1
2022-01-21,DE,6,9,1
2022-01-20,DE,4,11,1
2022-01-19,DE,6,9,1
2022-01-18,DE,3,7,1
2022-01-17,DE,2,8,1
2022-01-16,DE,6,9,1
2022-01-15,DE,6,9,1
2022-01-14,DE,6,9,1
2022-01-13,DE,6,9,1
2022-01-12,DE,6,9,1
2022-01-11,DE,1,9,1
2022-01-10,DE,1,9,1
2022-01-09,DE,3,12,1
2022-01-08,DE,3,12,1
2022-01-07,DE,2,13,1
2022-01-06,DE,3,12,1
2022-01-05,DE,3,12,1
2022-01-04,DE,1,8,2
2022-01-03,DE,1,8,2
2022-01-02,DE,2,11,2
2022-01-01,DE,2,11,2
2021-12-31,DE,2,11,2
2021-12-30,DE,2,11,2
2021-12-29,DE,2,12,1
2021-12-28,DE,0,9,2
2021-12-27,DE,1,8,2
2021-12-26,DE,3,11,2
2021-12-25,DE,3,11,2
2021-12-24,DE,4,10,2
2021-12-23,DE,3,11,2
2021-12-22,DE,4,11,1
2021-12-21,DE,2,7,2
2021-12-20,DE,2,7,2
2021-12-19,DE,2,12,2
2021-12-18,DE,3,11,2
2021-12-17,DE,3,11,2
2021-12-16,DE,3,11,2
2021-12-15,DE,3,12,1
2021-12-14,DE,2,7,2
2021-12-13,DE,2,7,2
2021-12-12,DE,2,12,2
2021-12-11,DE,2,12,2
2021-12-10,DE,2,12,2
2021-12-09,DE,2,12,2
2021-12-08,DE,2,13,1
2021-12-07,DE,1,8,2
2021-12-06,DE,1,8,2
2021-12-05,DE,2,12,2
2021-12-04,DE,2,12,2
2021-12-03,DE,2,12,2
2021-12-02,DE,2,12,2
2021-12-01,DE,2,13,1
2021-11-30,DE,1,8,2
2021-11-29,DE,1,8,2
2021-11-28,DE,1,13,2
2021-11-27,DE,2,12,2
2021-11-26,DE,2,12,2
2021-11-25,DE,2,12,2
2021-11-24,DE,2,13,1
2021-11-23,DE,1,8,2
2021-11-22,DE,1,8,2
2021-11-21,DE,2,12,2
2021-11-20,DE,2,12,2
2021-11-19,DE,2,12,2
2021-11-18,DE,2,12,2
2021-11-17,DE,3,12,1
2021-11-16,DE,1,8,2
2021-11-15,DE,1,8,2
2021-11-14,DE,1,13,2
2021-11-13,DE,1,13,2
2021-11-12,DE,1,13,2
2021-11-11,DE,2,12,2
2021-11-10,DE,2,13,1
2021-11-09,DE,2,7,2
2021-11-08,DE,2,7,2
2021-11-07,DE,3,11,2
2021-11-06,DE,2,12,2
2021-11-05,DE,3,11,2
2021-11-04,DE,3,11,2
2021-11-03,DE,3,12,1
2021-11-02,DE,1,8,2
2021-11-01,DE,1,8,2
2021-10-31,DE,0,14,2
2021-10-30,DE,0,14,2
2021-10-29,DE,1,13,2
2021-10-28,DE,1,13,2
2021-10-27,DE,2,13,1
2021-10-26,DE,2,7,2
2021-10-25,DE,1,8,2
2021-10-24,DE,2,12,2
2021-10-23,DE,2,12,2
2021-10-22,DE,2,12,2
2021-10-21,DE,2,12,2
2021-10-20,DE,3,12,1
2021-10-19,DE,1,8,2
2021-10-18,DE,1,8,2
2021-10-17,DE,1,13,2
2021-10-16,DE,1,13,2
2021-10-15,DE,1,13,2
2021-10-14,DE,1,13,2
2021-10-13,DE,1,14,1
2021-10-12,DE,1,8,2
2021-10-11,DE,1,8,2
2021-10-10,DE,2,12,2
2021-10-09,DE,2,12,2
2021-10-08,DE,2,12,2
2021-10-07,DE,3,11,2
2021-10-06,DE,2,13,1
2021-10-05,DE,1,8,2
2021-10-04,DE,1,8,2
2021-10-03,DE,2,12,2
2021-10-02,DE,2,12,2
2021-10-01,DE,2,12,2
2021-09-30,DE,2,12,2
2021-09-29,DE,2,13,1
2021-09-28,DE,2,7,2
2021-09-27,DE,1,8,2
2021-09-26,DE,3,11,2
2021-09-25,DE,3,11,2
2021-09-24,DE,2,12,2
2021-09-23,DE,3,11,2
2021-09-22,DE,3,12,1
2021-09-21,DE,2,7,2
2021-09-20,DE,2,7,2
2021-09-19,DE,4,10,2
2021-09-18,DE,4,10,2
2021-09-17,DE,3,11,2
2021-09-16,DE,4,10,2
2021-09-15,DE,4,11,1
2021-09-14,DE,2,7,2
2021-09-13,DE,2,7,2
2021-09-12,DE,3,11,2
2021-09-11,DE,3,11,2
2021-09-10,DE,3,11,2
2021-09-09,DE,3,11,2
2021-09-08,DE,3,12,1
2021-09-07,DE,1,8,2
2021-09-06,DE,1,8,2
2021-09-05,DE,2,12,2
2021-09-04,DE,2,12,2
2021-09-03,DE,2,12,2
2021-09-02,DE,2,12,2
2021-09-01,DE,2,13,1
2021-08-31,DE,1,8,2
2021-08-30,DE,1,9,2
2021-08-29,DE,2,12,2
2021-08-28,DE,2,12,2
2021-08-27,DE,2,12,2
2021-08-26,DE,2,12,2
2021-08-25,DE,2,13,1
2021-08-24,DE,1,8,2
2021-08-23,DE,1,8,2
2021-08-22,DE,2,12,2
2021-08-21,DE,2,12,2
2021-08-20,DE,2,12,2
2021-08-19,DE,2,12,2
2021-08-18,DE,2,13,1
2021-08-17,DE,1,8,2
2021-08-16,DE,1,8,2
2021-08-15,DE,2,12,2
2021-08-14,DE,2,12,2
2021-08-13,DE,2,12,2
2021-08-12,DE,2,12,2
2021-08-11,DE,2,13,1
2021-08-10,DE,1,8,2
2021-08-09,DE,1,8,2
2021-08-08,DE,2,12,2
2021-08-07,DE,2,12,2
2021-08-06,DE,2,12,2
2021-08-05,DE,2,12,2
2021-08-04,DE,2,13,1
2021-08-03,DE,1,8,2
2021-08-02,DE,1,8,2
2021-08-01,DE,1,12,2
2021-07-31,DE,1,12,2
2021-07-30,DE,1,12,2
2021-07-29,DE,1,12,2
2021-07-28,DE,1,13,1
2021-07-27,DE,1,8,2
2021-07-26,DE,0,9,2
2021-07-25,DE,1,13,2
2021-07-24,DE,1,13,2
2021-07-23,DE,1,13,2
2021-07-22,DE,1,13,2
2021-07-21,DE,1,14,1
2021-07-20,DE,2,6,2
2021-07-19,DE,1,7,2
2021-07-18,DE,1,13,2
2021-07-17,DE,1,13,2
2021-07-16,DE,1,13,2
2021-07-15,DE,1,13,2
2021-07-14,DE,1,14,1
2021-07-13,DE,1,7,2
2021-07-12,DE,1,7,2
2021-07-11,DE,1,13,2
2021-07-10,DE,1,13,2
2021-07-09,DE,1,13,2
2021-07-08,DE,1,13,2
2021-07-07,DE,1,14,1
2021-07-06,DE,0,8,2
2021-07-05,DE,1,8,2
2021-07-04,DE,1,13,2
2021-07-03,DE,1,13,2
2021-07-02,DE,1,13,2
2021-07-01,DE,1,13,2
2021-06-30,DE,1,14,1
2021-06-29,DE,1,7,2
2021-06-28,DE,1,7,2
2021-06-27,DE,1,13,2
2021-06-26,DE,1,13,2
2021-06-25,DE,1,13,2
2021-06-24,DE,1,13,2
2021-06-23,DE,1,14,1
2021-06-22,DE,0,8,2
2021-06-21,DE,0,8,2
2021-06-20,DE,1,13,2
2021-06-19,DE,1,13,2
2021-06-18,DE,1,13,2
2021-06-17,DE,1,13,2
2021-06-16,DE,1,14,1
2021-06-15,DE,1,7,2
2021-06-14,DE,1,7,2
2021-06-13,DE,1,13,2
2021-06-12,DE,1,13,2
2021-06-11,DE,1,13,2
2021-06-10,DE,1,13,2
2021-06-09,DE,1,14,1
2021-06-08,DE,1,8,2
2021-06-07,DE,1,8,2
2021-06-06,DE,1,13,2
2021-06-05,DE,1,13,2
2021-06-04,DE,1,13,2
2021-06-03,DE,1,13,2
2021-06-02,DE,1,14,1
2021-06-01,DE,1,7,2
2021-05-31,DE,1,7,2
2021-05-30,DE,1,13,2
2021-05-29,DE,1,13,2
2021-05-28,DE,1,13,2
2021-05-27,DE,1,13,2
2021-05-26,DE,1,14,1
2021-05-25,DE,1,7,2
2021-05-24,DE,1,7,2
2021-05-23,DE,2,12,2
2021-05-22,DE,2,12,2
2021-05-21,DE,2,12,2
2021-05-20,DE,2,12,2
2021-05-19,DE,2,13,1
2021-05-18,DE,1,7,2
2021-05-17,DE,0,8,2
2021-05-16,DE,2,12,2
2021-05-15,DE,2,12,2
2021-05-14,DE,2,12,2
2021-05-13,DE,1,13,2
2021-05-12,DE,2,13,1
2021-05-11,DE,1,7,2
2021-05-10,DE,1,7,2
2021-05-09,DE,1,13,2
2021-05-08,DE,1,13,2
2021-05-07,DE,1,13,2
2021-05-06,DE,1,13,2
2021-05-05,DE,1,14,1
2021-05-04,DE,0,9,1
2021-05-03,DE,1,7,2
2021-05-02,DE,1,13,2
2021-05-01,DE,1,13,2
2021-04-30,DE,1,13,2
2021-04-29,DE,1,13,2
2021-04-28,DE,1,14,1
2021-04-27,DE,1,7,2
2021-04-26,DE,0,8,2
2021-04-25,DE,1,13,2
2021-04-24,DE,2,12,2
2021-04-23,DE,2,12,2
2021-04-22,DE,2,12,2
2021-04-21,DE,2,13,1
2021-04-20,DE,1,7,2
2021-04-19,DE,0,8,2
2021-04-18,DE,1,13,2
2021-04-17,DE,0,14,2
2021-04-16,DE,1,13,2
2021-04-15,DE,0,14,2
2021-04-14,DE,0,15,1
2021-04-13,DE,1,7,2
2021-04-12,DE,1,7,2
2021-04-11,DE,0,14,2
2021-04-10,DE,0,14,2
2021-04-09,DE,0,14,2
2021-04-08,DE,1,13,2
2021-04-07,DE,1,14,1
2021-04-06,DE,0,9,2
2021-04-05,DE,0,9,2
2021-04-04,DE,1,13,2
2021-04-03,DE,1,13,2
2021-04-02,DE,1,13,2
2021-04-01,DE,1,13,2
2021-03-31,DE,1,14,1
2021-03-30,DE,0,9,2
2021-03-29,DE,0,9,2
2021-03-28,DE,0,14,2
2021-03-27,DE,0,14,2
2021-03-26,DE,0,14,2
2021-03-25,DE,1,13,2
2021-03-24,DE,1,14,1
2021-03-23,DE,1,7,2
2021-03-22,DE,1,7,2
2021-03-21,DE,2,12,2
2021-03-20,DE,2,12,2
2021-03-19,DE,2,12,2
2021-03-18,DE,2,12,2
2021-03-17,DE,2,13,1
2021-03-16,DE,0,9,1
2021-03-15,DE,1,8,2
2021-03-14,DE,1,13,2
2021-03-13,DE,1,13,2
2021-03-12,DE,1,13,2
2021-03-11,DE,1,13,2
2021-03-10,DE,2,13,1
2021-03-09,DE,1,7,2
2021-03-08,DE,1,7,2
2021-03-07,DE,1,13,2
2021-03-06,DE,1,13,2
2021-03-05,DE,1,13,2
2021-03-04,DE,1,13,2
2021-03-03,DE,1,14,1
2021-03-02,DE,1,7,2
2021-03-01,DE,1,7,2
2021-02-28,DE,2,12,2
2021-02-27,DE,2,12,2
2021-02-26,DE,2,13,1
2021-02-25,DE,1,14,1
2021-02-24,DE,1,14,1
2021-02-23,DE,0,8,2
2021-02-22,DE,0,8,2
2021-02-21,DE,1,13,1
2021-02-20,DE,1,12,2
2021-02-19,DE,1,12,2
2021-02-18,DE,1,12,2
2021-02-17,DE,1,13,1
2021-02-16,DE,1,8,1
2021-02-15,DE,1,7,2
2021-02-14,DE,2,12,2
2021-02-13,DE,2,12,2
2021-02-12,DE,1,14,1
2021-02-11,DE,2,13,1
2021-02-10,DE,1,14,1
2021-02-09,DE,1,8,1
2021-02-08,DE,0,9,1
2021-02-07,DE,1,14,1
2021-02-06,DE,1,14,1
2021-02-05,DE,2,13,1
2021-02-04,DE,1,14,1
2021-02-03,DE,1,14,1
2021-02-02,DE,1,8,1
2021-02-01,DE,1,8,1
2021-01-31,DE,1,14,1
2021-01-30,DE,1,14,1
2021-01-29,DE,1,14,1
2021-01-28,DE,0,15,1
2021-01-27,DE,1,14,1
2021-01-26,DE,1,8,1
2021-01-25,DE,1,8,1
2021-01-24,DE,2,13,1
2021-01-23,DE,2,13,1
2021-01-22,DE,2,13,1
2021-01-21,DE,2,13,1
2021-01-20,DE,2,13,1
2021-01-19,DE,1,8,1
2021-01-18,DE,1,8,1
2021-01-17,DE,3,12,1
2021-01-16,DE,3,12,1
2021-01-15,DE,3,12,1
2021-01-14,DE,3,12,1
2021-01-13,DE,3,12,1
2021-01-12,DE,1,9,1
2021-01-11,DE,2,9,1
2021-01-10,DE,2,13,1
2021-01-09,DE,2,13,1
2021-01-08,DE,2,13,1
2021-01-07,DE,3,12,1
2021-01-06,DE,3,12,1
2021-01-05,DE,1,8,1
2021-01-04,DE,1,8,1
2021-01-03,DE,3,12,1
2021-01-02,DE,3,12,1
2021-01-01,DE,3,12,1
2020-12-31,DE,3,12,1
2020-12-30,DE,3,12,1
2020-12-29,DE,1,8,1
2020-12-28,DE,1,8,1
2020-12-27,DE,3,12,1
2020-12-26,DE,3,12,1
2020-12-25,DE,3,12,1
2020-12-24,DE,3,12,1
2020-12-23,DE,3,12,1
2020-12-22,DE,1,9,1
2020-12-21,DE,1,8,1
2020-12-20,DE,3,11,2
2020-12-19,DE,3,11,2
2020-12-18,DE,3,12,1
2020-12-17,DE,3,12,1
2020-12-16,DE,3,12,1
2020-12-15,DE,1,9,1
2020-12-14,DE,1,9,1
2020-12-13,DE,3,11,2
2020-12-12,DE,3,11,2
2020-12-11,DE,3,12,1
2020-12-10,DE,3,12,1
2020-12-09,DE,3,12,1
2020-12-08,DE,1,9,1
2020-12-07,DE,2,9,1
2020-12-06,DE,3,11,2
2020-12-05,DE,3,11,2
2020-12-04,DE,3,11,2
2020-12-03,DE,3,12,1
2020-12-02,DE,2,12,1
2020-12-01,DE,1,9,1
2020-11-30,DE,1,9,1
2020-11-29,DE,2,12,2
2020-11-28,DE,2,12,2
2020-11-27,DE,3,11,2
2020-11-26,DE,3,11,2
2020-11-25,DE,3,12,1
2020-11-24,DE,1,9,1
2020-11-23,DE,1,9,1
2020-11-22,DE,3,12,1
2020-11-21,DE,3,12,1
2020-11-20,DE,3,12,1
2020-11-19,DE,2,13,1
2020-11-18,DE,3,12,1
2020-11-17,DE,1,9,1
2020-11-16,DE,1,9,1
2020-11-15,DE,2,12,1
2020-11-14,DE,3,12,1
2020-11-13,DE,3,12,1
2020-11-12,DE,3,12,1
2020-11-11,DE,3,12,1
2020-11-10,DE,1,10,1
2020-11-09,DE,2,9,1
2020-11-08,DE,3,12,1
2020-11-07,DE,3,12,1
2020-11-06,DE,3,12,1
2020-11-05,DE,3,12,1
2020-11-04,DE,2,12,1
2020-11-03,DE,2,9,1
2020-11-02,DE,2,9,1
2020-11-01,DE,3,12,1
2020-10-31,DE,3,12,1
2020-10-30,DE,3,12,1
2020-10-29,DE,3,12,1
2020-10-28,DE,3,11,2
2020-10-27,DE,2,8,2
2020-10-26,DE,2,8,2
2020-10-25,DE,4,10,2
2020-10-24,DE,4,10,2
2020-10-23,DE,4,10,2
2020-10-22,DE,4,10,2
2020-10-21,DE,4,10,2
2020-10-20,DE,3,9,2
2020-10-19,DE,4,9,2
2020-10-18,DE,4,10,2
2020-10-17,DE,4,10,2
2020-10-16,DE,4,10,2
2020-10-15,DE,4,10,2
2020-10-14,DE,3,10,2
2020-10-13,DE,3,10,2
2020-10-12,DE,3,10,2
2020-10-11,DE,3,10,2
2020-10-10,DE,3,10,2
2020-10-09,DE,3,10,2
2020-10-08,DE,3,10,2
2020-10-07,DE,3,10,2
2020-10-06,DE,3,10,2
2020-10-05,DE,3,10,2
2020-10-04,DE,3,9,2
2020-10-03,DE,3,9,2
2020-10-02,DE,3,9,2
2020-10-01,DE,3,9,2
2020-09-30,DE,3,9,2
2020-09-29,DE,3,9,2
2020-09-28,DE,3,9,2
2020-09-27,DE,3,9,2
2020-09-26,DE,3,9,2
2020-09-25,DE,3,9,2
2020-09-24,DE,3,9,2
2020-09-23,DE,3,9,2
2020-09-22,DE,3,9,2
2020-09-21,DE,3,9,2
2020-09-20,DE,3,9,2
2020-09-19,DE,3,9,2
2020-09-18,DE,3,9,2
2020-09-17,DE,3,9,2
2020-09-16,DE,3,9,2
2020-09-15,DE,3,9,2
2020-09-14,DE,3,9,2
2020-09-13,DE,2,9,3
2020-09-12,DE,2,9,3
2020-09-11,DE,2,9,3
2020-09-10,DE,1,9,3
2020-09-09,DE,1,9,3
2020-09-08,DE,1,9,3
2020-09-07,DE,1,9,3
2020-09-06,DE,1,9,3
2020-09-05,DE,1,9,3
2020-09-04,DE,1,9,3
2020-09-03,DE,1,9,3
2020-09-02,DE,1,9,3
2020-09-01,DE,1,9,3
2020-08-31,DE,1,9,3
2020-08-30,DE,1,8,3
2020-08-29,DE,1,9,3
2020-08-28,DE,1,9,3
2020-08-27,DE,0,9,3
2020-08-26,DE,0,8,4
2020-08-25,DE,1,8,4
2020-08-24,DE,1,8,4
2020-08-23,DE,1,8,4
2020-08-22,DE,1,8,4
2020-08-21,DE,1,8,4
2020-08-20,DE,1,8,4
2020-08-19,DE,1,8,4
2020-08-18,DE,0,8,4
2020-08-17,DE,1,8,3
2020-08-16,DE,1,8,3
2020-08-15,DE,1,8,3
2020-08-14,DE,1,8,3
2020-08-13,DE,1,8,3
2020-08-12,DE,1,8,3
2020-08-11,DE,1,8,3
2020-08-10,DE,1,8,3
2020-08-09,DE,1,8,3
2020-08-08,DE,1,8,3
2020-08-07,DE,1,8,3
2020-08-06,DE,1,8,3
2020-08-05,DE,1,8,3
2020-08-04,DE,1,8,3
2020-08-03,DE,0,8,3
2020-08-02,DE,1,8,3
2020-08-01,DE,1,8,3
2023-04-10,FL,31,100,69
2023-04-09,FL,31,104,69
2023-04-08,FL,31,105,70
2023-04-07,FL,32,104,70
2023-04-06,FL,32,105,75
2023-04-05,FL,33,105,75
2023-04-04,FL,33,104,76
2023-04-03,FL,33,104,76
2023-04-02,FL,33,106,76
2023-04-01,FL,33,106,77
2023-03-31,FL,33,107,76
2023-03-30,FL,33,107,76
2023-03-29,FL,33,108,75
2023-03-28,FL,33,106,75
2023-03-27,FL,33,106,75
2023-03-26,FL,32,109,75
2023-03-25,FL,32,109,75
2023-03-24,FL,32,109,75
2023-03-23,FL,29,112,75
2023-03-22,FL,33,107,76
2023-03-21,FL,29,108,77
2023-03-20,FL,33,105,76
2023-03-19,FL,33,107,76
2023-03-18,FL,33,107,76
2023-03-17,FL,32,107,77
2023-03-16,FL,33,106,77
2023-03-15,FL,34,107,75
2023-03-14,FL,33,105,76
2023-03-13,FL,33,105,76
2023-03-12,FL,33,107,76
2023-03-11,FL,33,106,77
2023-03-10,FL,32,107,77
2023-03-09,FL,33,106,77
2023-03-08,FL,32,108,76
2023-03-07,FL,32,106,76
2023-03-06,FL,33,105,76
2023-03-05,FL,33,108,75
2023-03-04,FL,33,106,77
2023-03-03,FL,33,107,76
2023-03-02,FL,33,106,77
2023-03-01,FL,33,109,74
2023-02-28,FL,33,107,75
2023-02-27,FL,33,106,76
2023-02-26,FL,32,111,75
2023-02-25,FL,33,110,75
2023-02-24,FL,33,108,77
2023-02-23,FL,33,108,76
2023-02-22,FL,33,109,75
2023-02-21,FL,33,107,75
2023-02-20,FL,33,106,76
2023-02-19,FL,33,109,76
2023-02-18,FL,33,108,77
2023-02-17,FL,33,108,77
2023-02-16,FL,32,109,76
2023-02-15,FL,33,111,73
2023-02-14,FL,32,108,74
2023-02-13,FL,33,107,74
2023-02-12,FL,33,110,74
2023-02-11,FL,32,109,76
2023-02-10,FL,34,105,78
2023-02-09,FL,33,107,77
2023-02-08,FL,34,108,75
2023-02-07,FL,33,104,77
2023-02-06,FL,33,105,76
2023-02-05,FL,32,110,76
2023-02-04,FL,31,111,76
2023-02-03,FL,33,111,74
2023-02-02,FL,33,111,74
2023-02-01,FL,33,112,73
2023-01-31,FL,33,106,75
2023-01-30,FL,32,107,75
2023-01-29,FL,32,110,77
2023-01-28,FL,33,110,76
2023-01-27,FL,33,109,77
2023-01-26,FL,34,109,76
2023-01-25,FL,33,109,77
2023-01-24,FL,33,106,75
2023-01-23,FL,33,105,76
2023-01-22,FL,33,108,77
2023-01-21,FL,33,109,77
2023-01-20,FL,33,109,77
2023-01-19,FL,33,115,71
2023-01-18,FL,33,116,70
2023-01-17,FL,33,108,74
2023-01-16,FL,34,110,70
2023-01-15,FL,33,114,71
2023-01-14,FL,33,114,71
2023-01-13,FL,33,115,70
2023-01-12,FL,32,114,72
2023-01-11,FL,33,115,70
2023-01-10,FL,33,111,71
2023-01-09,FL,33,110,71
2023-01-08,FL,33,113,72
2023-01-07,FL,33,114,72
2023-01-06,FL,33,114,72
2023-01-05,FL,33,114,72
2023-01-04,FL,33,118,68
2023-01-03,FL,32,113,71
2023-01-02,FL,32,113,71
2023-01-01,FL,32,116,71
2022-12-31,FL,32,115,67
2022-12-30,FL,32,115,67
2022-12-29,FL,32,114,72
2022-12-28,FL,32,114,71
2022-12-27,FL,32,111,71
2022-12-26,FL,32,110,71
2022-12-25,FL,32,111,72
2022-12-24,FL,32,112,72
2022-12-23,FL,32,116,68
2022-12-22,FL,32,117,67
2022-12-21,FL,33,116,67
2022-12-20,FL,33,114,67
2022-12-19,FL,31,114,69
2022-12-18,FL,33,121,69
2022-12-17,FL,32,123,68
2022-12-16,FL,34,121,68
2022-12-15,FL,34,124,66
2022-12-14,FL,33,122,65
2022-12-13,FL,33,119,65
2022-12-12,FL,33,120,65
2022-12-11,FL,14,142,65
2022-12-10,FL,33,123,65
2022-12-09,FL,26,130,65
2022-12-08,FL,32,124,65
2022-12-07,FL,32,124,65
2022-12-06,FL,31,123,65
2022-12-05,FL,32,122,65
2022-12-04,FL,33,124,65
2022-12-03,FL,33,124,65
2022-12-02,FL,32,125,65
2022-12-01,FL,32,122,68
2022-11-30,FL,34,124,64
2022-11-29,FL,33,117,69
2022-11-28,FL,33,117,69
2022-11-27,FL,33,119,69
2022-11-26,FL,33,123,65
2022-11-25,FL,33,123,65
2022-11-24,FL,33,123,65
2022-11-23,FL,34,122,65
2022-11-22,FL,34,120,65
2022-11-21,FL,26,129,65
2022-11-20,FL,26,133,65
2022-11-19,FL,26,134,65
2022-11-18,FL,34,126,65
2022-11-17,FL,34,122,69
2022-11-16,FL,34,125,65
2022-11-15,FL,34,118,69
2022-11-14,FL,33,119,68
2022-11-13,FL,33,127,64
2022-11-12,FL,33,122,69
2022-11-11,FL,31,129,64
2022-11-10,FL,31,128,65
2022-11-09,FL,31,136,57
2022-11-08,FL,30,136,57
2022-11-07,FL,31,131,61
2022-11-06,FL,33,133,61
2022-11-05,FL,34,137,57
2022-11-04,FL,33,139,57
2022-11-03,FL,34,131,61
2022-11-02,FL,33,131,61
2022-11-01,FL,33,128,60
2022-10-31,FL,34,130,56
2022-10-30,FL,30,136,56
2022-10-29,FL,30,137,56
2022-10-28,FL,31,137,56
2022-10-27,FL,31,137,56
2022-10-26,FL,30,138,56
2022-10-25,FL,33,133,56
2022-10-24,FL,33,132,56
2022-10-23,FL,33,135,56
2022-10-22,FL,33,137,56
2022-10-21,FL,34,136,56
2022-10-20,FL,34,137,56
2022-10-19,FL,34,137,56
2022-10-18,FL,34,133,56
2022-10-17,FL,34,134,56
2022-10-16,FL,34,138,56
2022-10-15,FL,33,138,56
2022-10-14,FL,32,140,56
2022-10-13,FL,33,139,56
2022-10-12,FL,33,134,60
2022-10-11,FL,33,135,56
2022-10-10,FL,33,135,56
2022-10-09,FL,33,140,56
2022-10-08,FL,33,140,56
2022-10-07,FL,34,139,56
2022-10-06,FL,33,140,56
2022-10-05,FL,33,137,60
2022-10-04,FL,33,131,60
2022-10-03,FL,33,130,60
2022-10-02,FL,30,131,60
2022-10-01,FL,32,130,60
2022-09-30,FL,31,130,60
2022-09-29,FL,32,131,60
2022-09-28,FL,32,132,60
2022-09-27,FL,32,130,60
2022-09-26,FL,33,130,60
2022-09-25,FL,32,134,59
2022-09-24,FL,32,134,59
2022-09-23,FL,32,133,60
2022-09-22,FL,32,133,60
2022-09-21,FL,32,137,56
2022-09-20,FL,32,129,60
2022-09-19,FL,32,130,60
2022-09-18,FL,32,134,60
2022-09-17,FL,35,131,60
2022-09-16,FL,35,131,60
2022-09-15,FL,34,132,60
2022-09-14,FL,35,130,60
2022-09-13,FL,36,126,60
2022-09-12,FL,32,131,60
2022-09-11,FL,35,131,60
2022-09-10,FL,33,133,60
2022-09-09,FL,36,148,60
2022-09-08,FL,33,151,60
2022-09-07,FL,32,151,60
2022-09-06,FL,32,148,60
2022-09-05,FL,32,148,60
2022-09-04,FL,33,152,60
2022-09-03,FL,33,153,60
2022-09-02,FL,33,153,60
2022-09-01,FL,33,152,61
2022-08-31,FL,33,153,60
2022-08-30,FL,34,149,59
2022-08-29,FL,15,167,60
2022-08-28,FL,15,175,60
2022-08-27,FL,17,173,60
2022-08-26,FL,17,173,60
2022-08-25,FL,17,173,60
2022-08-24,FL,17,173,60
2022-08-23,FL,17,168,56
2022-08-22,FL,17,164,60
2022-08-21,FL,17,189,60
2022-08-20,FL,17,189,60
2022-08-19,FL,16,190,60
2022-08-18,FL,15,191,60
2022-08-17,FL,16,190,60
2022-08-16,FL,35,146,60
2022-08-15,FL,31,151,60
2022-08-14,FL,31,182,60
2022-08-13,FL,30,183,60
2022-08-12,FL,31,182,60
2022-08-11,FL,31,183,59
2022-08-10,FL,30,183,60
2022-08-09,FL,31,152,60
2022-08-08,FL,31,152,60
2022-08-07,FL,34,181,60
2022-08-06,FL,35,181,59
2022-08-05,FL,35,180,60
2022-08-04,FL,36,178,60
2022-08-03,FL,36,177,60
2022-08-02,FL,35,146,60
2022-08-01,FL,35,146,60
2022-07-31,FL,36,177,60
2022-07-30,FL,36,177,60
2022-07-29,FL,36,177,60
2022-07-28,FL,36,177,60
2022-07-27,FL,36,177,60
2022-07-26,FL,35,145,61
2022-07-25,FL,33,146,60
2022-07-24,FL,33,178,61
2022-07-23,FL,34,177,61
2022-07-22,FL,35,176,61
2022-07-21,FL,33,177,61
2022-07-20,FL,35,175,61
2022-07-19,FL,33,145,61
2022-07-18,FL,32,146,61
2022-07-17,FL,34,174,61
2022-07-16,FL,37,171,61
2022-07-15,FL,37,171,61
2022-07-14,FL,37,171,61
2022-07-13,FL,38,173,58
2022-07-12,FL,36,143,61
2022-07-11,FL,36,143,61
2022-07-10,FL,38,169,61
2022-07-09,FL,34,173,61
2022-07-08,FL,36,171,61
2022-07-07,FL,36,171,61
2022-07-06,FL,35,173,60
2022-07-05,FL,33,145,61
2022-07-04,FL,33,145,61
2022-07-03,FL,34,173,61
2022-07-02,FL,37,170,61
2022-07-01,FL,39,168,61
2022-06-30,FL,38,169,61
2022-06-29,FL,39,168,61
2022-06-28,FL,38,140,61
2022-06-27,FL,36,142,61
2022-06-26,FL,38,170,61
2022-06-25,FL,38,170,61
2022-06-24,FL,36,172,61
2022-06-23,FL,35,177,57
2022-06-22,FL,35,173,61
2022-06-21,FL,33,145,61
2022-06-20,FL,33,145,61
2022-06-19,FL,34,174,61
2022-06-18,FL,37,171,61
2022-06-17,FL,35,173,61
2022-06-16,FL,36,173,60
2022-06-15,FL,37,171,61
2022-06-14,FL,35,143,61
2022-06-13,FL,37,141,61
2022-06-12,FL,35,173,61
2022-06-11,FL,33,175,61
2022-06-10,FL,32,176,61
2022-06-09,FL,35,177,57
2022-06-08,FL,34,175,60
2022-06-07,FL,33,145,61
2022-06-06,FL,32,146,61
2022-06-05,FL,33,176,60
2022-06-04,FL,36,173,61
2022-06-03,FL,38,171,61
2022-06-02,FL,37,172,61
2022-06-01,FL,36,173,61
2022-05-31,FL,37,143,61
2022-05-30,FL,36,143,61
2022-05-29,FL,37,173,61
2022-05-28,FL,34,176,61
2022-05-27,FL,34,176,61
2022-05-26,FL,32,178,61
2022-05-25,FL,33,177,61
2022-05-24,FL,33,146,61
2022-05-23,FL,33,147,61
2022-05-22,FL,34,176,61
2022-05-21,FL,37,173,61
2022-05-20,FL,37,174,60
2022-05-19,FL,37,174,60
2022-05-18,FL,37,172,61
2022-05-17,FL,35,143,61
2022-05-16,FL,36,142,61
2022-05-15,FL,34,174,61
2022-05-14,FL,33,176,60
2022-05-13,FL,32,176,61
2022-05-12,FL,33,175,61
2022-05-11,FL,33,175,61
2022-05-10,FL,32,146,61
2022-05-09,FL,32,146,61
2022-05-08,FL,33,178,60
2022-05-07,FL,36,174,61
2022-05-06,FL,36,174,61
2022-05-05,FL,36,174,61
2022-05-04,FL,36,174,61
2022-05-03,FL,34,144,61
2022-05-02,FL,34,144,61
2022-05-01,FL,34,176,61
2022-04-30,FL,30,179,61
2022-04-29,FL,26,183,61
2022-04-28,FL,31,178,61
2022-04-27,FL,31,178,61
2022-04-26,FL,31,146,61
2022-04-25,FL,31,146,61
2022-04-24,FL,31,178,61
2022-04-23,FL,31,178,61
2022-04-22,FL,34,175,61
2022-04-21,FL,36,174,61
2022-04-20,FL,35,174,61
2022-04-19,FL,34,145,61
2022-04-18,FL,34,148,60
2022-04-17,FL,36,174,61
2022-04-16,FL,36,174,61
2022-04-15,FL,36,174,61
2022-04-14,FL,35,175,61
2022-04-13,FL,36,174,60
2022-04-12,FL,35,144,61
2022-04-11,FL,34,146,60
2022-04-10,FL,37,172,61
2022-04-09,FL,37,172,61
2022-04-08,FL,37,172,61
2022-04-07,FL,37,172,61
2022-04-06,FL,36,173,61
2022-04-05,FL,34,145,61
2022-04-04,FL,35,144,61
2022-04-03,FL,32,177,61
2022-04-02,FL,33,176,61
2022-04-01,FL,36,173,61
2022-03-31,FL,37,172,61
2022-03-30,FL,36,173,61
2022-03-29,FL,35,144,61
2022-03-28,FL,35,145,61
2022-03-27,FL,36,173,61
2022-03-26,FL,36,173,61
2022-03-25,FL,36,173,61
2022-03-24,FL,35,174,61
2022-03-23,FL,35,174,61
2022-03-22,FL,34,146,61
2022-03-21,FL,34,146,61
2022-03-20,FL,35,175,61
2022-03-19,FL,35,175,61
2022-03-18,FL,35,175,61
2022-03-17,FL,36,174,61
2022-03-16,FL,36,174,61
2022-03-15,FL,36,145,61
2022-03-14,FL,36,145,61
2022-03-13,FL,34,176,61
2022-03-12,FL,34,176,61
2022-03-11,FL,36,174,61
2022-03-10,FL,38,172,61
2022-03-09,FL,37,173,61
2022-03-08,FL,37,143,61
2022-03-07,FL,37,143,61
2022-03-06,FL,37,172,61
2022-03-05,FL,37,172,61
2022-03-04,FL,38,171,61
2022-03-03,FL,38,171,61
2022-03-02,FL,39,170,61
2022-03-01,FL,39,142,60
2022-02-28,FL,38,144,60
2022-02-27,FL,38,171,61
2022-02-26,FL,38,171,61
2022-02-25,FL,39,170,61
2022-02-24,FL,38,171,61
2022-02-23,FL,40,169,61
2022-02-22,FL,37,143,61
2022-02-21,FL,37,145,60
2022-02-20,FL,39,173,59
2022-02-19,FL,36,174,61
2022-02-18,FL,40,170,61
2022-02-17,FL,41,171,59
2022-02-16,FL,42,168,61
2022-02-15,FL,38,144,61
2022-02-14,FL,39,142,61
2022-02-13,FL,40,170,61
2022-02-12,FL,40,170,61
2022-02-11,FL,40,170,61
2022-02-10,FL,39,171,61
2022-02-09,FL,41,170,60
2022-02-08,FL,40,141,61
2022-02-07,FL,41,140,61
2022-02-06,FL,40,170,61
2022-02-05,FL,40,170,61
2022-02-04,FL,42,168,61
2022-02-03,FL,40,170,61
2022-02-02,FL,40,171,60
2022-02-01,FL,39,143,60
2022-01-31,FL,39,142,61
2022-01-30,FL,37,173,61
2022-01-29,FL,38,172,61
2022-01-28,FL,39,171,61
2022-01-27,FL,42,168,61
2022-01-26,FL,42,168,61
2022-01-25,FL,41,140,61
2022-01-24,FL,40,141,61
2022-01-23,FL,41,170,60
2022-01-22,FL,42,168,61
2022-01-21,FL,45,165,61
2022-01-20,FL,43,167,61
2022-01-19,FL,43,172,56
2022-01-18,FL,40,142,61
2022-01-17,FL,43,140,61
2022-01-16,FL,46,164,61
2022-01-15,FL,47,164,60
2022-01-14,FL,48,163,60
2022-01-13,FL,43,169,59
2022-01-12,FL,46,169,56
2022-01-11,FL,46,136,60
2022-01-10,FL,44,139,60
2022-01-09,FL,41,170,60
2022-01-08,FL,41,170,60
2022-01-07,FL,42,169,60
2022-01-06,FL,41,170,60
2022-01-05,FL,39,175,56
2022-01-04,FL,39,143,60
2022-01-03,FL,39,143,60
2022-01-02,FL,38,172,60
2022-01-01,FL,38,172,60
2021-12-31,FL,37,174,59
2021-12-30,FL,37,173,60
2021-12-29,FL,36,178,56
2021-12-28,FL,35,147,60
2021-12-27,FL,33,152,60
2021-12-26,FL,35,174,60
2021-12-25,FL,35,174,60
2021-12-24,FL,34,175,60
2021-12-23,FL,34,174,59
2021-12-22,FL,34,171,60
2021-12-21,FL,33,149,60
2021-12-20,FL,34,152,56
2021-12-19,FL,36,173,60
2021-12-18,FL,36,172,60
2021-12-17,FL,36,172,60
2021-12-16,FL,37,172,60
2021-12-15,FL,37,172,60
2021-12-14,FL,35,147,60
2021-12-13,FL,37,145,60
2021-12-12,FL,38,172,60
2021-12-11,FL,36,174,60
2021-12-10,FL,33,177,60
2021-12-09,FL,34,175,60
2021-12-08,FL,37,172,60
2021-12-07,FL,36,145,60
2021-12-06,FL,37,145,60
2021-12-05,FL,37,172,60
2021-12-04,FL,37,172,60
2021-12-03,FL,38,171,60
2021-12-02,FL,37,173,59
2021-12-01,FL,38,171,60
2021-11-30,FL,38,143,60
2021-11-29,FL,36,144,61
2021-11-28,FL,36,173,60
2021-11-27,FL,35,174,60
2021-11-26,FL,37,172,60
2021-11-25,FL,36,173,60
2021-11-24,FL,37,175,57
2021-11-23,FL,35,146,60
2021-11-22,FL,36,148,60
2021-11-21,FL,38,174,56
2021-11-20,FL,37,171,60
2021-11-19,FL,39,173,56
2021-11-18,FL,41,166,60
2021-11-17,FL,39,167,60
2021-11-16,FL,37,146,56
2021-11-15,FL,35,145,59
2021-11-14,FL,39,169,59
2021-11-13,FL,42,166,59
2021-11-12,FL,38,170,59
2021-11-11,FL,38,171,59
2021-11-10,FL,37,172,59
2021-11-09,FL,35,146,59
2021-11-08,FL,34,147,59
2021-11-07,FL,34,176,58
2021-11-06,FL,35,175,58
2021-11-05,FL,37,172,59
2021-11-04,FL,37,172,59
2021-11-03,FL,35,178,55
2021-11-02,FL,40,141,59
2021-11-01,FL,39,142,59
2021-10-31,FL,42,167,59
2021-10-30,FL,43,166,59
2021-10-29,FL,40,169,59
2021-10-28,FL,43,166,59
2021-10-27,FL,42,167,59
2021-10-26,FL,40,141,59
2021-10-25,FL,40,141,59
2021-10-24,FL,43,166,59
2021-10-23,FL,39,170,59
2021-10-22,FL,43,166,59
2021-10-21,FL,41,168,59
2021-10-20,FL,46,163,59
2021-10-19,FL,39,143,59
2021-10-18,FL,35,146,59
2021-10-17,FL,36,173,59
2021-10-16,FL,36,173,59
2021-10-15,FL,36,173,59
2021-10-14,FL,36,172,59
2021-10-13,FL,37,175,55
2021-10-12,FL,40,140,59
2021-10-11,FL,39,142,59
2021-10-10,FL,40,169,58
2021-10-09,FL,42,166,59
2021-10-08,FL,41,167,59
2021-10-07,FL,40,173,55
2021-10-06,FL,42,171,55
2021-10-05,FL,36,147,59
2021-10-04,FL,35,146,59
2021-10-03,FL,37,171,59
2021-10-02,FL,36,173,59
2021-10-01,FL,42,167,59
2021-09-30,FL,40,169,59
2021-09-29,FL,42,171,55
2021-09-28,FL,38,144,59
2021-09-27,FL,37,145,59
2021-09-26,FL,40,170,59
2021-09-25,FL,43,167,59
2021-09-24,FL,40,170,59
2021-09-23,FL,43,167,59
2021-09-22,FL,43,171,55
2021-09-21,FL,44,139,59
2021-09-20,FL,36,147,59
2021-09-19,FL,41,169,59
2021-09-18,FL,36,174,59
2021-09-17,FL,38,172,59
2021-09-16,FL,44,166,59
2021-09-15,FL,47,163,59
2021-09-14,FL,40,142,59
2021-09-13,FL,38,144,59
2021-09-12,FL,44,165,59
2021-09-11,FL,43,166,59
2021-09-10,FL,44,165,59
2021-09-09,FL,49,161,59
2021-09-08,FL,51,163,55
2021-09-07,FL,53,129,59
2021-09-06,FL,42,141,59
2021-09-05,FL,42,169,58
2021-09-04,FL,44,166,58
2021-09-03,FL,53,157,59
2021-09-02,FL,51,161,57
2021-09-01,FL,48,164,55
2021-08-31,FL,50,131,59
2021-08-30,FL,50,132,58
2021-08-29,FL,51,159,58
2021-08-28,FL,51,159,58
2021-08-27,FL,53,156,59
2021-08-26,FL,54,153,59
2021-08-25,FL,55,156,55
2021-08-24,FL,50,132,58
2021-08-23,FL,49,132,59
2021-08-22,FL,46,164,58
2021-08-21,FL,47,162,59
2021-08-20,FL,50,160,58
2021-08-19,FL,46,163,59
2021-08-18,FL,50,159,59
2021-08-17,FL,46,134,59
2021-08-16,FL,46,134,59
2021-08-15,FL,41,169,57
2021-08-14,FL,42,166,59
2021-08-13,FL,45,164,58
2021-08-12,FL,49,160,58
2021-08-11,FL,45,168,54
2021-08-10,FL,44,140,55
2021-08-09,FL,43,137,59
2021-08-08,FL,42,165,59
2021-08-07,FL,41,170,55
2021-08-06,FL,40,167,59
2021-08-05,FL,36,171,59
2021-08-04,FL,40,171,55
2021-08-03,FL,36,144,59
2021-08-02,FL,33,148,58
2021-08-01,FL,33,175,59
2021-07-31,FL,32,176,59
2021-07-30,FL,33,175,59
2021-07-29,FL,33,177,58
2021-07-28,FL,31,178,59
2021-07-27,FL,33,148,59
2021-07-26,FL,30,151,59
2021-07-25,FL,32,177,59
2021-07-24,FL,10,199,59
2021-07-23,FL,8,201,59
2021-07-22,FL,9,200,59
2021-07-21,FL,8,201,59
2021-07-20,FL,6,161,59
2021-07-19,FL,7,160,59
2021-07-18,FL,6,202,59
2021-07-17,FL,6,203,58
2021-07-16,FL,7,204,58
2021-07-15,FL,8,202,59
2021-07-14,FL,6,204,59
2021-07-13,FL,6,163,59
2021-07-12,FL,5,164,59
2021-07-11,FL,7,202,59
2021-07-10,FL,7,202,59
2021-07-09,FL,8,202,58
2021-07-08,FL,7,202,59
2021-07-07,FL,5,206,57
2021-07-06,FL,5,166,58
2021-07-05,FL,4,165,59
2021-07-04,FL,6,204,59
2021-07-03,FL,7,203,59
2021-07-02,FL,6,205,58
2021-07-01,FL,5,205,59
2021-06-30,FL,5,206,58
2021-06-29,FL,5,165,58
2021-06-28,FL,4,166,58
2021-06-27,FL,6,204,59
2021-06-26,FL,6,203,59
2021-06-25,FL,6,204,58
2021-06-24,FL,7,202,59
2021-06-23,FL,6,203,59
2021-06-22,FL,4,166,58
2021-06-21,FL,5,165,58
2021-06-20,FL,6,203,59
2021-06-19,FL,8,201,59
2021-06-18,FL,7,203,58
2021-06-17,FL,7,204,57
2021-06-16,FL,8,201,59
2021-06-15,FL,6,162,59
2021-06-14,FL,30,183,14
2021-06-13,FL,31,223,15
2021-06-12,FL,29,225,15
2021-06-11,FL,32,222,15
2021-06-10,FL,32,226,11
2021-06-09,FL,25,229,15
2021-06-08,FL,24,191,15
2021-06-07,FL,23,191,15
2021-06-06,FL,25,229,15
2021-06-05,FL,25,230,14
2021-06-04,FL,26,228,15
2021-06-03,FL,26,227,15
2021-06-02,FL,27,226,15
2021-06-01,FL,23,191,15
2021-05-31,FL,25,190,15
2021-05-30,FL,26,229,15
2021-05-29,FL,26,229,15
2021-05-28,FL,26,229,15
2021-05-27,FL,27,228,15
2021-05-26,FL,28,228,14
2021-05-25,FL,26,188,15
2021-05-24,FL,24,191,15
2021-05-23,FL,25,230,15
2021-05-22,FL,25,230,15
2021-05-21,FL,26,230,14
2021-05-20,FL,28,228,14
2021-05-19,FL,26,229,15
2021-05-18,FL,24,191,15
2021-05-17,FL,23,195,13
2021-05-16,FL,26,230,14
2021-05-15,FL,25,230,14
2021-05-14,FL,26,229,14
2021-05-13,FL,25,229,15
2021-05-12,FL,24,229,15
2021-05-11,FL,24,190,15
2021-05-10,FL,21,193,15
2021-05-09,FL,26,228,15
2021-05-08,FL,23,231,15
2021-05-07,FL,24,230,15
2021-05-06,FL,26,228,15
2021-05-05,FL,21,233,15
2021-05-04,FL,18,196,15
2021-05-03,FL,21,192,15
2021-05-02,FL,22,233,14
2021-05-01,FL,22,233,14
2021-04-30,FL,23,231,15
2021-04-29,FL,22,232,15
2021-04-28,FL,22,232,15
2021-04-27,FL,22,193,15
2021-04-26,FL,22,191,15
2021-04-25,FL,26,226,15
2021-04-24,FL,24,228,15
2021-04-23,FL,27,225,15
2021-04-22,FL,26,226,15
2021-04-21,FL,26,227,15
2021-04-20,FL,23,190,15
2021-04-19,FL,24,190,15
2021-04-18,FL,24,229,15
2021-04-17,FL,25,228,15
2021-04-16,FL,25,228,15
2021-04-15,FL,27,226,15
2021-04-14,FL,25,228,15
2021-04-13,FL,28,185,15
2021-04-12,FL,28,185,15
2021-04-11,FL,30,223,15
2021-04-10,FL,30,223,15
2021-04-09,FL,30,224,15
2021-04-08,FL,28,226,15
2021-04-07,FL,29,225,15
2021-04-06,FL,26,199,15
2021-04-05,FL,29,195,15
2021-04-04,FL,30,222,15
2021-04-03,FL,31,221,15
2021-04-02,FL,30,222,15
2021-04-01,FL,30,222,15
2021-03-31,FL,28,224,15
2021-03-30,FL,24,187,15
2021-03-29,FL,25,190,15
2021-03-28,FL,27,226,15
2021-03-27,FL,27,226,15
2021-03-26,FL,28,226,15
2021-03-25,FL,26,228,15
2021-03-24,FL,27,226,15
2021-03-23,FL,25,189,15
2021-03-22,FL,24,190,15
2021-03-21,FL,27,227,15
2021-03-20,FL,26,228,15
2021-03-19,FL,29,225,15
2021-03-18,FL,30,224,15
2021-03-17,FL,31,223,15
2021-03-16,FL,29,185,15
2021-03-15,FL,28,186,15
2021-03-14,FL,29,225,15
2021-03-13,FL,30,224,15
2021-03-12,FL,31,223,15
2021-03-11,FL,30,224,15
2021-03-10,FL,31,223,15
2021-03-09,FL,31,183,15
2021-03-08,FL,29,185,15
2021-03-07,FL,31,223,15
2021-03-06,FL,31,223,15
2021-03-05,FL,31,223,15
2021-03-04,FL,31,223,15
2021-03-03,FL,33,221,15
2021-03-02,FL,32,183,15
2021-03-01,FL,32,183,15
2021-02-28,FL,31,222,15
2021-02-27,FL,30,223,14
2021-02-26,FL,32,220,15
2021-02-25,FL,25,227,15
2021-02-24,FL,26,226,15
2021-02-23,FL,21,193,15
2021-02-22,FL,24,191,15
2021-02-21,FL,21,232,15
2021-02-20,FL,22,231,15
2021-02-19,FL,24,229,15
2021-02-18,FL,28,225,15
2021-02-17,FL,31,222,15
2021-02-16,FL,28,188,15
2021-02-15,FL,29,186,15
2021-02-14,FL,28,225,15
2021-02-13,FL,29,224,15
2021-02-12,FL,28,225,15
2021-02-11,FL,25,229,14
2021-02-10,FL,27,227,14
2021-02-09,FL,25,193,14
2021-02-08,FL,23,195,14
2021-02-07,FL,24,231,14
2021-02-06,FL,25,230,14
2021-02-05,FL,26,229,14
2021-02-04,FL,28,227,14
2021-02-03,FL,31,224,14
2021-02-02,FL,30,187,14
2021-02-01,FL,28,189,14
2021-01-31,FL,29,225,15
2021-01-30,FL,30,224,15
2021-01-29,FL,28,226,15
2021-01-28,FL,27,227,15
2021-01-27,FL,29,225,15
2021-01-26,FL,27,190,15
2021-01-25,FL,26,190,15
2021-01-24,FL,26,229,14
2021-01-23,FL,27,228,14
2021-01-22,FL,27,227,15
2021-01-21,FL,35,219,15
2021-01-20,FL,36,221,12
2021-01-19,FL,34,183,14
2021-01-18,FL,35,182,15
2021-01-17,FL,35,219,15
2021-01-16,FL,35,219,15
2021-01-15,FL,35,219,15
2021-01-14,FL,37,217,15
2021-01-13,FL,39,218,11
2021-01-12,FL,35,181,15
2021-01-11,FL,24,193,15
2021-01-10,FL,25,229,15
2021-01-09,FL,26,228,15
2021-01-08,FL,25,229,15
2021-01-07,FL,27,227,15
2021-01-06,FL,26,227,15
2021-01-05,FL,23,196,11
2021-01-04,FL,23,196,11
2021-01-03,FL,24,231,11
2021-01-02,FL,25,232,11
2021-01-01,FL,22,235,11
2020-12-31,FL,22,234,12
2020-12-30,FL,23,234,11
2020-12-29,FL,26,194,11
2020-12-28,FL,26,194,11
2020-12-27,FL,28,229,11
2020-12-26,FL,28,229,11
2020-12-25,FL,28,229,11
2020-12-24,FL,28,229,11
2020-12-23,FL,26,231,11
2020-12-22,FL,25,208,11
2020-12-21,FL,24,197,11
2020-12-20,FL,24,233,11
2020-12-19,FL,26,231,11
2020-12-18,FL,26,231,11
2020-12-17,FL,26,231,11
2020-12-16,FL,26,231,11
2020-12-15,FL,25,199,11
2020-12-14,FL,31,193,11
2020-12-13,FL,32,224,12
2020-12-12,FL,31,225,12
2020-12-11,FL,32,225,11
2020-12-10,FL,32,224,12
2020-12-09,FL,31,231,6
2020-12-08,FL,29,202,6
2020-12-07,FL,30,201,6
2020-12-06,FL,31,231,6
2020-12-05,FL,30,232,6
2020-12-04,FL,30,232,6
2020-12-03,FL,29,233,6
2020-12-02,FL,29,233,6
2020-12-01,FL,25,207,6
2020-11-30,FL,24,208,6
2020-11-29,FL,24,237,7
2020-11-28,FL,24,238,6
2020-11-27,FL,24,238,6
2020-11-26,FL,24,238,6
2020-11-25,FL,24,238,6
2020-11-24,FL,27,206,6
2020-11-23,FL,30,202,6
2020-11-22,FL,31,230,6
2020-11-21,FL,31,230,6
2020-11-20,FL,29,233,6
2020-11-19,FL,31,231,6
2020-11-18,FL,30,231,6
2020-11-17,FL,30,199,6
2020-11-16,FL,25,203,6
2020-11-15,FL,27,231,6
2020-11-14,FL,28,231,6
2020-11-13,FL,29,229,7
2020-11-12,FL,26,231,6
2020-11-11,FL,24,233,6
2020-11-10,FL,24,202,6
2020-11-09,FL,22,205,6
2020-11-08,FL,22,235,6
2020-11-07,FL,22,234,7
2020-11-06,FL,20,237,6
2020-11-05,FL,19,237,6
2020-11-04,FL,19,236,6
2020-11-03,FL,19,209,6
2020-11-02,FL,20,211,11
2020-11-01,FL,21,226,22
2020-10-31,FL,22,227,22
2020-10-30,FL,20,202,51
2020-10-29,FL,21,194,56
2020-10-28,FL,20,204,46
2020-10-27,FL,20,223,16
2020-10-26,FL,20,221,15
2020-10-25,FL,20,240,8
2020-10-24,FL,20,242,8
2020-10-23,FL,21,240,11
2020-10-22,FL,21,241,9
2020-10-21,FL,22,238,10
2020-10-20,FL,24,236,10
2020-10-19,FL,24,235,9
2020-10-18,FL,27,231,8
2020-10-17,FL,26,233,8
2020-10-16,FL,27,233,9
2020-10-15,FL,25,232,8
2020-10-14,FL,25,231,9
2020-10-13,FL,25,228,9
2020-10-12,FL,25,229,9
2020-10-11,FL,25,232,8
2020-10-10,FL,24,233,8
2020-10-09,FL,26,224,15
2020-10-08,FL,27,221,17
2020-10-07,FL,27,221,17
2020-10-06,FL,27,219,17
2020-10-05,FL,27,219,17
2020-10-04,FL,24,222,16
2020-10-03,FL,24,222,16
2020-10-02,FL,23,222,17
2020-10-01,FL,23,222,16
2020-09-30,FL,27,216,17
2020-09-29,FL,28,215,17
2020-09-28,FL,23,220,17
2020-09-27,FL,24,220,16
2020-09-26,FL,23,221,16
2020-09-25,FL,24,218,18
2020-09-24,FL,24,210,26
2020-09-23,FL,23,210,27
2020-09-22,FL,24,209,27
2020-09-21,FL,25,208,27
2020-09-20,FL,26,206,26
2020-09-19,FL,28,206,26
2020-09-18,FL,27,203,30
2020-09-17,FL,28,202,30
2020-09-16,FL,27,203,30
2020-09-15,FL,31,200,29
2020-09-14,FL,29,202,29
2020-09-13,FL,29,203,28
2020-09-12,FL,27,205,28
2020-09-11,FL,29,201,30
2020-09-10,FL,31,198,31
2020-09-09,FL,31,199,31
2020-09-08,FL,30,198,33
2020-09-07,FL,30,200,30
2020-09-06,FL,35,195,31
2020-09-05,FL,35,195,34
2020-09-04,FL,36,191,37
2020-09-03,FL,33,192,39
2020-09-02,FL,26,61,177
2020-09-01,FL,26,59,179
2020-08-31,FL,25,60,178
2020-08-30,FL,27,59,177
2020-08-29,FL,28,59,176
2020-08-28,FL,20,67,176
2020-08-27,FL,21,66,176
2020-08-26,FL,20,54,189
2020-08-25,FL,19,56,189
2020-08-24,FL,19,54,191
2020-08-23,FL,18,54,192
2020-08-22,FL,17,55,192
2020-08-21,FL,9,63,192
2020-08-20,FL,10,64,190
2020-08-19,FL,12,63,189
2020-08-18,FL,9,62,193
2020-08-17,FL,10,63,185
2020-08-16,FL,10,64,184
2020-08-15,FL,11,62,185
2020-08-14,FL,12,20,226
2020-08-13,FL,13,18,227
2020-08-12,FL,10,20,228
2020-08-11,FL,10,20,228
2020-08-10,FL,12,19,227
2020-08-09,FL,11,20,227
2020-08-08,FL,11,20,227
2020-08-07,FL,11,21,227
2020-08-06,FL,9,19,231
2020-08-05,FL,11,21,227
2020-08-04,FL,10,22,227
2020-08-03,FL,9,23,227
2020-08-02,FL,8,21,229
2020-08-01,FL,8,21,230
2023-04-10,GA,6,78,39
2023-04-09,GA,8,87,41
2023-04-08,GA,8,90,41
2023-04-07,GA,8,90,41
2023-04-06,GA,8,91,44
2023-04-05,GA,8,91,45
2023-04-04,GA,9,87,45
2023-04-03,GA,8,88,46
2023-04-02,GA,7,92,46
2023-04-01,GA,8,92,46
2023-03-31,GA,7,93,46
2023-03-30,GA,8,94,45
2023-03-29,GA,8,95,44
2023-03-28,GA,8,89,46
2023-03-27,GA,7,90,45
2023-03-26,GA,7,94,45
2023-03-25,GA,7,93,45
2023-03-24,GA,7,93,45
2023-03-23,GA,7,93,45
2023-03-22,GA,7,93,45
2023-03-21,GA,8,86,47
2023-03-20,GA,7,87,47
2023-03-19,GA,8,91,47
2023-03-18,GA,8,92,46
2023-03-17,GA,8,92,47
2023-03-16,GA,9,92,46
2023-03-15,GA,8,95,44
2023-03-14,GA,8,89,46
2023-03-13,GA,8,89,46
2023-03-12,GA,8,94,46
2023-03-11,GA,8,96,44
2023-03-10,GA,8,96,45
2023-03-09,GA,8,97,44
2023-03-08,GA,8,97,45
2023-03-07,GA,9,91,45
2023-03-06,GA,9,91,45
2023-03-05,GA,9,95,45
2023-03-04,GA,9,95,45
2023-03-03,GA,9,95,45
2023-03-02,GA,9,95,45
2023-03-01,GA,9,95,45
2023-02-28,GA,9,90,45
2023-02-27,GA,8,91,45
2023-02-26,GA,8,95,46
2023-02-25,GA,10,93,45
2023-02-24,GA,9,94,45
2023-02-23,GA,8,94,46
2023-02-22,GA,9,94,45
2023-02-21,GA,9,89,45
2023-02-20,GA,9,89,45
2023-02-19,GA,9,95,45
2023-02-18,GA,8,96,45
2023-02-17,GA,9,95,45
2023-02-16,GA,9,96,45
2023-02-15,GA,9,97,44
2023-02-14,GA,9,90,45
2023-02-13,GA,9,90,45
2023-02-12,GA,10,93,45
2023-02-11,GA,10,92,46
2023-02-10,GA,10,92,46
2023-02-09,GA,10,93,45
2023-02-08,GA,10,97,41
2023-02-07,GA,10,90,45
2023-02-06,GA,9,90,46
2023-02-05,GA,9,93,46
2023-02-04,GA,9,94,45
2023-02-03,GA,10,95,44
2023-02-02,GA,9,96,44
2023-02-01,GA,9,98,42
2023-01-31,GA,17,86,41
2023-01-30,GA,20,84,41
2023-01-29,GA,20,87,43
2023-01-28,GA,20,89,42
2023-01-27,GA,24,84,43
2023-01-26,GA,24,85,42
2023-01-25,GA,23,88,39
2023-01-24,GA,25,79,42
2023-01-23,GA,25,77,43
2023-01-22,GA,18,79,52
2023-01-21,GA,17,77,55
2023-01-20,GA,25,81,43
2023-01-19,GA,26,82,41
2023-01-18,GA,25,81,42
2023-01-17,GA,25,74,44
2023-01-16,GA,23,75,45
2023-01-15,GA,21,78,51
2023-01-14,GA,20,80,52
2023-01-13,GA,27,80,45
2023-01-12,GA,27,82,43
2023-01-11,GA,27,82,42
2023-01-10,GA,23,79,43
2023-01-09,GA,25,79,43
2023-01-08,GA,21,81,50
2023-01-07,GA,21,81,50
2023-01-06,GA,27,81,44
2023-01-05,GA,27,84,41
2023-01-04,GA,28,86,37
2023-01-03,GA,26,83,36
2023-01-02,GA,26,78,41
2023-01-01,GA,23,82,45
2022-12-31,GA,22,82,45
2022-12-30,GA,26,81,41
2022-12-29,GA,29,85,36
2022-12-28,GA,31,85,34
2022-12-27,GA,29,80,36
2022-12-26,GA,24,76,45
2022-12-25,GA,22,77,52
2022-12-24,GA,24,82,45
2022-12-23,GA,25,82,44
2022-12-22,GA,27,89,35
2022-12-21,GA,28,85,37
2022-12-20,GA,24,80,43
2022-12-19,GA,8,63,77
2022-12-18,GA,8,59,86
2022-12-17,GA,9,61,84
2022-12-16,GA,11,61,83
2022-12-15,GA,12,68,75
2022-12-14,GA,29,90,35
2022-12-13,GA,27,88,34
2022-12-12,GA,27,87,34
2022-12-11,GA,24,94,36
2022-12-10,GA,24,96,36
2022-12-09,GA,30,91,36
2022-12-08,GA,30,90,36
2022-12-07,GA,28,92,36
2022-12-06,GA,29,86,34
2022-12-05,GA,28,85,34
2022-12-04,GA,28,92,34
2022-12-03,GA,27,95,34
2022-12-02,GA,30,91,35
2022-12-01,GA,27,95,34
2022-11-30,GA,27,93,34
2022-11-29,GA,27,85,34
2022-11-28,GA,26,83,34
2022-11-27,GA,26,92,34
2022-11-26,GA,24,94,34
2022-11-25,GA,26,92,34
2022-11-24,GA,26,91,34
2022-11-23,GA,26,91,34
2022-11-22,GA,27,86,34
2022-11-21,GA,26,86,34
2022-11-20,GA,25,93,34
2022-11-19,GA,26,95,34
2022-11-18,GA,28,93,34
2022-11-17,GA,29,92,34
2022-11-16,GA,28,93,34
2022-11-15,GA,29,86,34
2022-11-14,GA,28,85,34
2022-11-13,GA,27,93,34
2022-11-12,GA,26,94,34
2022-11-11,GA,30,90,34
2022-11-10,GA,29,91,34
2022-11-09,GA,28,91,34
2022-11-08,GA,28,85,35
2022-11-07,GA,27,87,35
2022-11-06,GA,24,95,35
2022-11-05,GA,26,96,35
2022-11-04,GA,30,93,35
2022-11-03,GA,28,95,35
2022-11-02,GA,29,93,35
2022-11-01,GA,28,89,35
2022-10-31,GA,29,86,35
2022-10-30,GA,26,94,35
2022-10-29,GA,26,97,35
2022-10-28,GA,30,93,35
2022-10-27,GA,31,92,35
2022-10-26,GA,29,93,35
2022-10-25,GA,28,88,35
2022-10-24,GA,28,84,35
2022-10-23,GA,25,94,36
2022-10-22,GA,24,96,37
2022-10-21,GA,30,91,36
2022-10-20,GA,27,93,37
2022-10-19,GA,29,92,36
2022-10-18,GA,28,84,38
2022-10-17,GA,28,82,38
2022-10-16,GA,19,88,49
2022-10-15,GA,22,87,48
2022-10-14,GA,31,89,37
2022-10-13,GA,31,88,38
2022-10-12,GA,27,91,39
2022-10-11,GA,29,81,39
2022-10-10,GA,29,80,39
2022-10-09,GA,25,83,48
2022-10-08,GA,18,85,54
2022-10-07,GA,30,88,39
2022-10-06,GA,32,88,37
2022-10-05,GA,30,89,38
2022-10-04,GA,30,82,37
2022-10-03,GA,30,82,36
2022-10-02,GA,23,85,48
2022-10-01,GA,22,85,49
2022-09-30,GA,30,88,38
2022-09-29,GA,32,86,38
2022-09-28,GA,29,85,42
2022-09-27,GA,28,82,39
2022-09-26,GA,29,79,41
2022-09-25,GA,22,83,50
2022-09-24,GA,20,84,52
2022-09-23,GA,28,89,39
2022-09-22,GA,30,86,39
2022-09-21,GA,28,86,41
2022-09-20,GA,29,82,38
2022-09-19,GA,29,88,41
2022-09-18,GA,24,86,52
2022-09-17,GA,26,83,53
2022-09-16,GA,33,86,44
2022-09-15,GA,35,88,40
2022-09-14,GA,28,90,37
2022-09-13,GA,31,85,35
2022-09-12,GA,30,86,36
2022-09-11,GA,30,92,34
2022-09-10,GA,29,94,34
2022-09-09,GA,33,93,34
2022-09-08,GA,32,92,35
2022-09-07,GA,31,92,35
2022-09-06,GA,31,91,34
2022-09-05,GA,29,89,34
2022-09-04,GA,29,95,34
2022-09-03,GA,31,94,34
2022-09-02,GA,31,93,35
2022-09-01,GA,32,93,34
2022-08-31,GA,32,93,34
2022-08-30,GA,32,89,34
2022-08-29,GA,30,92,34
2022-08-28,GA,28,96,35
2022-08-27,GA,27,98,35
2022-08-26,GA,31,95,34
2022-08-25,GA,32,94,34
2022-08-24,GA,30,94,34
2022-08-23,GA,30,91,34
2022-08-22,GA,31,89,34
2022-08-21,GA,27,98,35
2022-08-20,GA,26,100,35
2022-08-19,GA,30,97,34
2022-08-18,GA,32,95,34
2022-08-17,GA,30,97,34
2022-08-16,GA,33,87,35
2022-08-15,GA,33,87,34
2022-08-14,GA,31,100,35
2022-08-13,GA,30,102,35
2022-08-12,GA,33,100,34
2022-08-11,GA,34,99,34
2022-08-10,GA,34,99,34
2022-08-09,GA,33,90,34
2022-08-08,GA,33,89,34
2022-08-07,GA,31,103,34
2022-08-06,GA,31,103,35
2022-08-05,GA,33,102,34
2022-08-04,GA,34,100,34
2022-08-03,GA,33,100,35
2022-08-02,GA,32,90,34
2022-08-01,GA,33,90,34
2022-07-31,GA,32,102,34
2022-07-30,GA,30,105,34
2022-07-29,GA,34,101,34
2022-07-28,GA,35,100,34
2022-07-27,GA,32,101,34
2022-07-26,GA,31,91,34
2022-07-25,GA,31,91,34
2022-07-24,GA,31,103,34
2022-07-23,GA,31,103,35
2022-07-22,GA,33,102,34
2022-07-21,GA,35,100,34
2022-07-20,GA,34,99,34
2022-07-19,GA,33,88,35
2022-07-18,GA,34,86,35
2022-07-17,GA,30,102,36
2022-07-16,GA,32,101,36
2022-07-15,GA,32,102,35
2022-07-14,GA,35,99,35
2022-07-13,GA,33,101,35
2022-07-12,GA,34,87,35
2022-07-11,GA,33,88,35
2022-07-10,GA,30,100,36
2022-07-09,GA,31,100,36
2022-07-08,GA,34,98,35
2022-07-07,GA,33,99,35
2022-07-06,GA,31,100,35
2022-07-05,GA,32,89,35
2022-07-04,GA,29,91,36
2022-07-03,GA,29,104,36
2022-07-02,GA,31,103,36
2022-07-01,GA,34,101,35
2022-06-30,GA,34,101,35
2022-06-29,GA,33,101,35
2022-06-28,GA,34,87,35
2022-06-27,GA,34,87,35
2022-06-26,GA,32,101,35
2022-06-25,GA,33,101,35
2022-06-24,GA,35,100,34
2022-06-23,GA,35,99,35
2022-06-22,GA,34,100,35
2022-06-21,GA,33,88,35
2022-06-20,GA,33,87,35
2022-06-19,GA,32,101,35
2022-06-18,GA,32,102,35
2022-06-17,GA,34,100,35
2022-06-16,GA,34,100,35
2022-06-15,GA,34,100,35
2022-06-14,GA,36,89,35
2022-06-13,GA,34,86,35
2022-06-12,GA,30,103,35
2022-06-11,GA,30,104,35
2022-06-10,GA,35,99,35
2022-06-09,GA,35,99,35
2022-06-08,GA,35,99,35
2022-06-07,GA,33,87,35
2022-06-06,GA,34,87,34
2022-06-05,GA,33,100,35
2022-06-04,GA,34,100,35
2022-06-03,GA,33,102,34
2022-06-02,GA,33,102,34
2022-06-01,GA,33,101,35
2022-05-31,GA,34,88,34
2022-05-30,GA,31,88,36
2022-05-29,GA,34,99,35
2022-05-28,GA,34,100,35
2022-05-27,GA,35,99,35
2022-05-26,GA,36,98,35
2022-05-25,GA,35,99,35
2022-05-24,GA,34,87,35
2022-05-23,GA,33,87,35
2022-05-22,GA,33,100,35
2022-05-21,GA,33,101,35
2022-05-20,GA,35,99,35
2022-05-19,GA,35,99,35
2022-05-18,GA,35,99,35
2022-05-17,GA,34,88,35
2022-05-16,GA,33,89,35
2022-05-15,GA,33,102,35
2022-05-14,GA,33,102,35
2022-05-13,GA,35,99,36
2022-05-12,GA,36,98,36
2022-05-11,GA,35,98,36
2022-05-10,GA,35,86,36
2022-05-09,GA,35,88,35
2022-05-08,GA,34,101,35
2022-05-07,GA,36,99,35
2022-05-06,GA,35,101,34
2022-05-05,GA,34,102,34
2022-05-04,GA,33,101,35
2022-05-03,GA,32,89,35
2022-05-02,GA,34,86,36
2022-05-01,GA,33,101,35
2022-04-30,GA,35,100,35
2022-04-29,GA,36,99,35
2022-04-28,GA,35,100,35
2022-04-27,GA,35,100,35
2022-04-26,GA,35,87,35
2022-04-25,GA,36,85,35
2022-04-24,GA,35,101,35
2022-04-23,GA,35,101,35
2022-04-22,GA,38,97,36
2022-04-21,GA,38,98,35
2022-04-20,GA,37,99,35
2022-04-19,GA,34,86,37
2022-04-18,GA,34,88,35
2022-04-17,GA,33,102,35
2022-04-16,GA,32,103,35
2022-04-15,GA,38,97,35
2022-04-14,GA,37,99,34
2022-04-13,GA,35,99,35
2022-04-12,GA,36,85,35
2022-04-11,GA,35,86,35
2022-04-10,GA,35,100,35
2022-04-09,GA,35,101,35
2022-04-08,GA,35,101,35
2022-04-07,GA,36,100,35
2022-04-06,GA,34,102,35
2022-04-05,GA,35,87,35
2022-04-04,GA,35,88,35
2022-04-03,GA,36,99,35
2022-04-02,GA,37,99,35
2022-04-01,GA,36,99,36
2022-03-31,GA,37,99,35
2022-03-30,GA,36,97,35
2022-03-29,GA,36,86,35
2022-03-28,GA,35,87,35
2022-03-27,GA,33,103,34
2022-03-26,GA,33,102,35
2022-03-25,GA,34,101,35
2022-03-24,GA,35,100,35
2022-03-23,GA,32,102,35
2022-03-22,GA,34,87,35
2022-03-21,GA,34,87,35
2022-03-20,GA,33,104,34
2022-03-19,GA,34,102,35
2022-03-18,GA,34,103,34
2022-03-17,GA,35,101,35
2022-03-16,GA,35,101,35
2022-03-15,GA,36,93,39
2022-03-14,GA,35,95,38
2022-03-13,GA,36,98,38
2022-03-12,GA,36,98,38
2022-03-11,GA,37,97,38
2022-03-10,GA,37,97,38
2022-03-09,GA,35,100,35
2022-03-08,GA,36,87,35
2022-03-07,GA,37,87,35
2022-03-06,GA,36,100,35
2022-03-05,GA,37,99,35
2022-03-04,GA,39,97,35
2022-03-03,GA,38,98,35
2022-03-02,GA,41,94,35
2022-03-01,GA,41,82,35
2022-02-28,GA,39,85,34
2022-02-27,GA,42,105,31
2022-02-26,GA,43,101,35
2022-02-25,GA,45,99,35
2022-02-24,GA,45,99,35
2022-02-23,GA,40,104,35
2022-02-22,GA,40,83,35
2022-02-21,GA,41,82,35
2022-02-20,GA,39,97,35
2022-02-19,GA,40,96,35
2022-02-18,GA,41,95,35
2022-02-17,GA,41,95,35
2022-02-16,GA,43,92,35
2022-02-15,GA,42,80,35
2022-02-14,GA,41,82,35
2022-02-13,GA,43,93,35
2022-02-12,GA,43,93,35
2022-02-11,GA,45,91,35
2022-02-10,GA,44,92,35
2022-02-09,GA,44,91,35
2022-02-08,GA,44,79,34
2022-02-07,GA,46,78,35
2022-02-06,GA,43,95,34
2022-02-05,GA,44,94,34
2022-02-04,GA,46,91,35
2022-02-03,GA,45,92,35
2022-02-02,GA,47,90,34
2022-02-01,GA,45,78,35
2022-01-31,GA,44,80,35
2022-01-30,GA,43,94,35
2022-01-29,GA,43,94,35
2022-01-28,GA,42,95,35
2022-01-27,GA,46,92,34
2022-01-26,GA,43,93,35
2022-01-25,GA,43,79,35
2022-01-24,GA,42,81,34
2022-01-23,GA,41,94,35
2022-01-22,GA,42,93,35
2022-01-21,GA,45,89,36
2022-01-20,GA,43,92,35
2022-01-19,GA,43,92,35
2022-01-18,GA,45,87,25
2022-01-17,GA,45,87,25
2022-01-16,GA,44,101,26
2022-01-15,GA,44,101,26
2022-01-14,GA,46,99,26
2022-01-13,GA,44,101,26
2022-01-12,GA,42,103,26
2022-01-11,GA,42,94,21
2022-01-10,GA,43,91,23
2022-01-09,GA,42,107,22
2022-01-08,GA,41,108,22
2022-01-07,GA,44,105,22
2022-01-06,GA,42,107,22
2022-01-05,GA,42,107,22
2022-01-04,GA,41,93,22
2022-01-03,GA,39,95,22
2022-01-02,GA,38,111,21
2022-01-01,GA,40,109,21
2021-12-31,GA,41,108,21
2021-12-30,GA,41,107,22
2021-12-29,GA,41,107,22
2021-12-28,GA,41,93,22
2021-12-27,GA,41,94,21
2021-12-26,GA,39,111,21
2021-12-25,GA,41,109,21
2021-12-24,GA,41,108,22
2021-12-23,GA,41,108,22
2021-12-22,GA,40,110,21
2021-12-21,GA,40,95,22
2021-12-20,GA,41,94,22
2021-12-19,GA,40,110,21
2021-12-18,GA,39,111,21
2021-12-17,GA,41,108,22
2021-12-16,GA,41,108,22
2021-12-15,GA,40,109,22
2021-12-14,GA,40,95,21
2021-12-13,GA,42,94,22
2021-12-12,GA,41,109,21
2021-12-11,GA,40,110,21
2021-12-10,GA,42,107,22
2021-12-09,GA,42,107,22
2021-12-08,GA,42,107,22
2021-12-07,GA,42,93,22
2021-12-06,GA,42,92,22
2021-12-05,GA,41,109,22
2021-12-04,GA,38,112,22
2021-12-03,GA,42,107,23
2021-12-02,GA,43,106,23
2021-12-01,GA,41,108,23
2021-11-30,GA,39,98,21
2021-11-29,GA,42,94,22
2021-11-28,GA,40,108,21
2021-11-27,GA,41,107,21
2021-11-26,GA,39,109,21
2021-11-25,GA,42,107,20
2021-11-24,GA,42,105,22
2021-11-23,GA,40,94,22
2021-11-22,GA,43,91,22
2021-11-21,GA,39,111,21
2021-11-20,GA,41,109,22
2021-11-19,GA,41,109,22
2021-11-18,GA,43,107,22
2021-11-17,GA,43,106,23
2021-11-16,GA,41,97,22
2021-11-15,GA,40,95,22
2021-11-14,GA,41,109,21
2021-11-13,GA,43,107,21
2021-11-12,GA,44,105,22
2021-11-11,GA,43,106,22
2021-11-10,GA,41,108,22
2021-11-09,GA,41,96,22
2021-11-08,GA,41,95,22
2021-11-07,GA,41,109,21
2021-11-06,GA,39,111,21
2021-11-05,GA,42,107,22
2021-11-04,GA,41,109,21
2021-11-03,GA,38,110,22
2021-11-02,GA,36,99,22
2021-11-01,GA,36,99,22
2021-10-31,GA,37,112,21
2021-10-30,GA,37,112,21
2021-10-29,GA,40,108,22
2021-10-28,GA,40,108,22
2021-10-27,GA,38,109,22
2021-10-26,GA,39,95,22
2021-10-25,GA,39,95,22
2021-10-24,GA,39,109,21
2021-10-23,GA,40,108,21
2021-10-22,GA,42,105,22
2021-10-21,GA,42,105,22
2021-10-20,GA,42,105,22
2021-10-19,GA,43,92,22
2021-10-18,GA,42,94,22
2021-10-17,GA,43,106,21
2021-10-16,GA,42,107,21
2021-10-15,GA,42,105,23
2021-10-14,GA,43,105,22
2021-10-13,GA,42,104,22
2021-10-12,GA,40,94,22
2021-10-11,GA,41,96,21
2021-10-10,GA,41,108,21
2021-10-09,GA,42,107,21
2021-10-08,GA,43,105,22
2021-10-07,GA,43,105,22
2021-10-06,GA,42,106,22
2021-10-05,GA,41,94,22
2021-10-04,GA,42,93,22
2021-10-03,GA,41,108,21
2021-10-02,GA,43,106,21
2021-10-01,GA,43,105,22
2021-09-30,GA,43,104,23
2021-09-29,GA,41,106,23
2021-09-28,GA,41,94,23
2021-09-27,GA,42,93,23
2021-09-26,GA,44,104,22
2021-09-25,GA,45,103,22
2021-09-24,GA,44,103,23
2021-09-23,GA,44,103,23
2021-09-22,GA,47,100,23
2021-09-21,GA,44,90,23
2021-09-20,GA,46,88,23
2021-09-19,GA,48,100,22
2021-09-18,GA,45,103,22
2021-09-17,GA,45,103,23
2021-09-16,GA,47,101,23
2021-09-15,GA,45,103,23
2021-09-14,GA,44,90,24
2021-09-13,GA,44,90,24
2021-09-12,GA,43,104,23
2021-09-11,GA,43,104,23
2021-09-10,GA,46,100,24
2021-09-09,GA,44,102,24
2021-09-08,GA,47,99,24
2021-09-07,GA,45,89,24
2021-09-06,GA,43,91,23
2021-09-05,GA,43,104,23
2021-09-04,GA,45,102,23
2021-09-03,GA,43,104,23
2021-09-02,GA,45,102,23
2021-09-01,GA,44,102,23
2021-08-31,GA,41,93,23
2021-08-30,GA,43,91,24
2021-08-29,GA,44,105,21
2021-08-28,GA,44,104,22
2021-08-27,GA,43,104,23
2021-08-26,GA,41,106,23
2021-08-25,GA,44,102,23
2021-08-24,GA,43,91,23
2021-08-23,GA,42,92,23
2021-08-22,GA,43,104,23
2021-08-21,GA,43,104,23
2021-08-20,GA,40,107,23
2021-08-19,GA,39,108,23
2021-08-18,GA,41,106,23
2021-08-17,GA,39,95,23
2021-08-16,GA,39,95,23
2021-08-15,GA,40,106,23
2021-08-14,GA,41,104,23
2021-08-13,GA,41,104,23
2021-08-12,GA,38,107,23
2021-08-11,GA,39,106,23
2021-08-10,GA,35,98,23
2021-08-09,GA,36,97,23
2021-08-08,GA,35,111,23
2021-08-07,GA,35,111,23
2021-08-06,GA,35,111,23
2021-08-05,GA,34,113,23
2021-08-04,GA,35,112,23
2021-08-03,GA,33,102,23
2021-08-02,GA,32,103,23
2021-08-01,GA,31,116,23
2021-07-31,GA,30,117,23
2021-07-30,GA,29,118,23
2021-07-29,GA,30,117,23
2021-07-28,GA,30,117,23
2021-07-27,GA,30,106,23
2021-07-26,GA,30,106,23
2021-07-25,GA,30,115,23
2021-07-24,GA,29,116,23
2021-07-23,GA,29,115,24
2021-07-22,GA,29,115,24
2021-07-21,GA,30,114,24
2021-07-20,GA,28,104,24
2021-07-19,GA,29,103,23
2021-07-18,GA,28,117,23
2021-07-17,GA,29,116,23
2021-07-16,GA,28,116,24
2021-07-15,GA,29,115,24
2021-07-14,GA,30,114,24
2021-07-13,GA,28,103,24
2021-07-12,GA,27,104,24
2021-07-11,GA,29,115,23
2021-07-10,GA,30,114,23
2021-07-09,GA,28,115,24
2021-07-08,GA,30,113,24
2021-07-07,GA,29,114,24
2021-07-06,GA,27,103,24
2021-07-05,GA,27,102,24
2021-07-04,GA,28,115,23
2021-07-03,GA,27,115,24
2021-07-02,GA,28,114,24
2021-07-01,GA,28,114,24
2021-06-30,GA,29,113,24
2021-06-29,GA,27,102,23
2021-06-28,GA,28,102,24
2021-06-27,GA,27,118,23
2021-06-26,GA,26,119,23
2021-06-25,GA,27,117,24
2021-06-24,GA,28,116,24
2021-06-23,GA,29,113,24
2021-06-22,GA,27,102,24
2021-06-21,GA,27,100,24
2021-06-20,GA,28,116,24
2021-06-19,GA,28,116,24
2021-06-18,GA,28,116,24
2021-06-17,GA,30,114,24
2021-06-16,GA,29,115,24
2021-06-15,GA,27,105,24
2021-06-14,GA,31,110,15
2021-06-13,GA,31,123,14
2021-06-12,GA,30,123,14
2021-06-11,GA,31,121,15
2021-06-10,GA,33,119,15
2021-06-09,GA,30,121,15
2021-06-08,GA,33,107,15
2021-06-07,GA,31,108,15
2021-06-06,GA,31,121,15
2021-06-05,GA,32,120,15
2021-06-04,GA,31,121,15
2021-06-03,GA,32,120,15
2021-06-02,GA,33,120,14
2021-06-01,GA,32,109,14
2021-05-31,GA,31,109,14
2021-05-30,GA,31,122,14
2021-05-29,GA,31,122,14
2021-05-28,GA,32,121,14
2021-05-27,GA,34,118,15
2021-05-26,GA,32,121,14
2021-05-25,GA,33,108,16
2021-05-24,GA,32,108,16
2021-05-23,GA,30,124,16
2021-05-22,GA,31,123,16
2021-05-21,GA,32,122,16
2021-05-20,GA,32,122,15
2021-05-19,GA,32,122,15
2021-05-18,GA,30,110,15
2021-05-17,GA,31,108,15
2021-05-16,GA,30,124,15
2021-05-15,GA,31,124,14
2021-05-14,GA,30,125,15
2021-05-13,GA,31,125,15
2021-05-12,GA,32,124,15
2021-05-11,GA,31,113,17
2021-05-10,GA,32,112,17
2021-05-09,GA,31,124,16
2021-05-08,GA,31,124,17
2021-05-07,GA,32,123,17
2021-05-06,GA,31,125,15
2021-05-05,GA,33,123,15
2021-05-04,GA,33,112,16
2021-05-03,GA,30,113,15
2021-05-02,GA,29,128,14
2021-05-01,GA,31,126,14
2021-04-30,GA,33,124,14
2021-04-29,GA,31,124,15
2021-04-28,GA,33,123,14
2021-04-27,GA,31,110,15
2021-04-26,GA,33,107,15
2021-04-25,GA,31,125,14
2021-04-24,GA,31,125,14
2021-04-23,GA,32,123,15
2021-04-22,GA,32,123,15
2021-04-21,GA,32,123,15
2021-04-20,GA,33,108,15
2021-04-19,GA,33,108,15
2021-04-18,GA,31,124,15
2021-04-17,GA,31,124,15
2021-04-16,GA,32,123,15
2021-04-15,GA,33,122,15
2021-04-14,GA,34,120,15
2021-04-13,GA,33,107,15
2021-04-12,GA,35,104,15
2021-04-11,GA,34,121,15
2021-04-10,GA,35,120,15
2021-04-09,GA,37,118,15
2021-04-08,GA,36,120,14
2021-04-07,GA,36,119,15
2021-04-06,GA,36,106,15
2021-04-05,GA,36,108,15
2021-04-04,GA,34,120,15
2021-04-03,GA,34,120,15
2021-04-02,GA,37,117,15
2021-04-01,GA,37,117,15
2021-03-31,GA,36,118,15
2021-03-30,GA,35,105,15
2021-03-29,GA,35,104,15
2021-03-28,GA,34,122,14
2021-03-27,GA,33,122,15
2021-03-26,GA,36,119,15
2021-03-25,GA,36,119,15
2021-03-24,GA,36,119,15
2021-03-23,GA,35,105,15
2021-03-22,GA,36,104,15
2021-03-21,GA,35,120,15
2021-03-20,GA,34,121,15
2021-03-19,GA,36,119,15
2021-03-18,GA,38,117,15
2021-03-17,GA,37,118,15
2021-03-16,GA,36,103,15
2021-03-15,GA,38,101,15
2021-03-14,GA,37,118,15
2021-03-13,GA,36,119,15
2021-03-12,GA,38,117,15
2021-03-11,GA,38,117,15
2021-03-10,GA,38,117,15
2021-03-09,GA,37,102,15
2021-03-08,GA,38,102,15
2021-03-07,GA,37,118,15
2021-03-06,GA,39,116,15
2021-03-05,GA,41,114,15
2021-03-04,GA,40,115,15
2021-03-03,GA,14,79,14
2021-03-02,GA,13,64,14
2021-03-01,GA,12,63,14
2021-02-28,GA,37,114,15
2021-02-27,GA,37,117,15
2021-02-26,GA,36,118,15
2021-02-25,GA,36,118,15
2021-02-24,GA,39,115,15
2021-02-23,GA,38,101,15
2021-02-22,GA,38,101,15
2021-02-21,GA,36,119,15
2021-02-20,GA,38,117,15
2021-02-19,GA,40,115,15
2021-02-18,GA,43,112,15
2021-02-17,GA,44,111,15
2021-02-16,GA,43,98,15
2021-02-15,GA,44,96,15
2021-02-14,GA,45,110,15
2021-02-13,GA,45,110,15
2021-02-12,GA,43,112,15
2021-02-11,GA,46,109,15
2021-02-10,GA,45,110,15
2021-02-09,GA,45,95,15
2021-02-08,GA,45,94,15
2021-02-07,GA,46,109,15
2021-02-06,GA,47,108,15
2021-02-05,GA,47,108,15
2021-02-04,GA,48,107,15
2021-02-03,GA,49,106,15
2021-02-02,GA,49,93,15
2021-02-01,GA,47,92,15
2021-01-31,GA,48,107,15
2021-01-30,GA,48,107,15
2021-01-29,GA,49,106,15
2021-01-28,GA,49,106,15
2021-01-27,GA,47,108,15
2021-01-26,GA,49,92,15
2021-01-25,GA,47,92,15
2021-01-24,GA,48,107,15
2021-01-23,GA,49,106,15
2021-01-22,GA,50,105,15
2021-01-21,GA,49,106,15
2021-01-20,GA,44,111,15
2021-01-19,GA,47,93,15
2021-01-18,GA,47,92,15
2021-01-17,GA,48,107,15
2021-01-16,GA,48,107,15
2021-01-15,GA,48,107,15
2021-01-14,GA,48,107,15
2021-01-13,GA,49,106,15
2021-01-12,GA,48,92,15
2021-01-11,GA,45,95,15
2021-01-10,GA,47,108,15
2021-01-09,GA,45,110,15
2021-01-08,GA,46,109,15
2021-01-07,GA,48,107,15
2021-01-06,GA,48,106,15
2021-01-05,GA,47,94,15
2021-01-04,GA,47,94,15
2021-01-03,GA,45,110,15
2021-01-02,GA,44,111,15
2021-01-01,GA,44,111,15
2020-12-31,GA,47,108,15
2020-12-30,GA,48,107,15
2020-12-29,GA,45,97,15
2020-12-28,GA,47,93,15
2020-12-27,GA,45,110,15
2020-12-26,GA,45,110,15
2020-12-25,GA,44,111,15
2020-12-24,GA,45,110,15
2020-12-23,GA,46,109,15
2020-12-22,GA,43,100,15
2020-12-21,GA,42,98,16
2020-12-20,GA,42,112,16
2020-12-19,GA,43,112,15
2020-12-18,GA,43,111,16
2020-12-17,GA,43,111,16
2020-12-16,GA,43,111,16
2020-12-15,GA,41,106,19
2020-12-14,GA,42,105,19
2020-12-13,GA,43,110,16
2020-12-12,GA,43,111,16
2020-12-11,GA,43,111,16
2020-12-10,GA,42,112,16
2020-12-09,GA,43,111,16
2020-12-08,GA,42,100,16
2020-12-07,GA,42,98,16
2020-12-06,GA,43,111,16
2020-12-05,GA,43,111,16
2020-12-04,GA,42,112,16
2020-12-03,GA,41,113,16
2020-12-02,GA,41,112,16
2020-12-01,GA,43,98,16
2020-11-30,GA,42,97,16
2020-11-29,GA,41,112,17
2020-11-28,GA,41,112,17
2020-11-27,GA,41,112,17
2020-11-26,GA,41,112,17
2020-11-25,GA,41,112,17
2020-11-24,GA,41,106,17
2020-11-23,GA,40,100,18
2020-11-22,GA,40,110,19
2020-11-21,GA,40,111,19
2020-11-20,GA,39,112,19
2020-11-19,GA,40,111,19
2020-11-18,GA,40,110,20
2020-11-17,GA,40,99,18
2020-11-16,GA,39,98,18
2020-11-15,GA,39,111,20
2020-11-14,GA,39,111,21
2020-11-13,GA,39,110,22
2020-11-12,GA,41,108,22
2020-11-11,GA,40,108,22
2020-11-10,GA,40,97,21
2020-11-09,GA,39,101,21
2020-11-08,GA,39,108,23
2020-11-07,GA,41,106,24
2020-11-06,GA,40,107,24
2020-11-05,GA,41,105,25
2020-11-04,GA,39,102,29
2020-11-03,GA,36,91,29
2020-11-02,GA,37,95,24
2020-11-01,GA,39,100,30
2020-10-31,GA,39,103,27
2020-10-30,GA,41,104,24
2020-10-29,GA,42,108,19
2020-10-28,GA,40,108,21
2020-10-27,GA,44,96,27
2020-10-26,GA,45,95,26
2020-10-25,GA,44,94,31
2020-10-24,GA,45,94,31
2020-10-23,GA,47,90,31
2020-10-22,GA,46,93,23
2020-10-21,GA,45,87,29
2020-10-20,GA,45,91,21
2020-10-19,GA,44,91,23
2020-10-18,GA,43,93,24
2020-10-17,GA,45,94,22
2020-10-16,GA,46,97,18
2020-10-15,GA,45,85,31
2020-10-14,GA,44,92,23
2020-10-13,GA,45,89,25
2020-10-12,GA,43,92,24
2020-10-11,GA,41,93,26
2020-10-10,GA,40,94,28
2020-10-09,GA,36,103,22
2020-10-08,GA,35,96,29
2020-10-07,GA,33,97,29
2020-10-06,GA,33,95,31
2020-10-05,GA,32,74,54
2020-10-04,GA,32,76,52
2020-10-03,GA,31,71,58
2020-10-02,GA,32,67,61
2020-10-01,GA,30,63,67
2020-09-30,GA,29,61,70
2020-09-29,GA,29,62,70
2020-09-28,GA,31,62,69
2020-09-27,GA,41,86,24
2020-09-26,GA,42,86,24
2020-09-25,GA,43,84,25
2020-09-24,GA,43,85,24
2020-09-23,GA,43,85,24
2020-09-22,GA,41,84,25
2020-09-21,GA,38,86,25
2020-09-20,GA,37,85,25
2020-09-19,GA,36,87,26
2020-09-18,GA,38,87,25
2020-09-17,GA,38,87,25
2020-09-16,GA,38,88,24
2020-09-15,GA,39,89,23
2020-09-14,GA,39,88,22
2020-09-13,GA,38,87,24
2020-09-12,GA,42,90,25
2020-09-11,GA,42,90,25
2020-09-10,GA,42,90,24
2020-09-09,GA,41,89,24
2020-09-08,GA,42,86,24
2020-09-07,GA,42,85,24
2020-09-06,GA,44,84,25
2020-09-05,GA,44,83,26
2020-09-04,GA,44,82,27
2020-09-03,GA,44,81,27
2020-09-02,GA,45,69,37
2020-09-01,GA,45,63,42
2020-08-31,GA,42,62,43
2020-08-30,GA,43,60,43
2020-08-29,GA,44,60,43
2020-08-28,GA,44,60,43
2020-08-27,GA,44,60,41
2020-08-26,GA,45,55,44
2020-08-25,GA,47,55,44
2020-08-24,GA,47,54,46
2020-08-23,GA,46,55,46
2020-08-22,GA,45,56,46
2020-08-21,GA,44,57,46
2020-08-20,GA,44,56,46
2020-08-19,GA,43,57,46
2020-08-18,GA,42,59,46
2020-08-17,GA,42,59,44
2020-08-16,GA,43,58,44
2020-08-15,GA,45,56,44
2020-08-14,GA,45,47,53
2020-08-13,GA,45,47,53
2020-08-12,GA,45,47,53
2020-08-11,GA,45,48,53
2020-08-10,GA,44,48,53
2020-08-09,GA,45,47,53
2020-08-08,GA,45,47,53
2020-08-07,GA,45,47,53
2020-08-06,GA,45,46,54
2020-08-05,GA,45,46,54
2020-08-04,GA,45,44,53
2020-08-03,GA,47,41,53
2020-08-02,GA,43,46,52
2020-08-01,GA,43,47,52
2023-04-10,HI,3,12,4
2023-04-09,HI,3,16,4
2023-04-08,HI,3,16,4
2023-04-07,HI,3,16,4
2023-04-06,HI,3,16,4
2023-04-05,HI,3,20,0
2023-04-04,HI,3,16,4
2023-04-03,HI,3,17,4
2023-04-02,HI,3,17,4
2023-04-01,HI,3,17,4
2023-03-31,HI,3,17,4
2023-03-30,HI,3,17,4
2023-03-29,HI,3,20,1
2023-03-28,HI,3,17,4
2023-03-27,HI,3,17,4
2023-03-26,HI,3,16,5
2023-03-25,HI,3,17,4
2023-03-24,HI,3,17,4
2023-03-23,HI,3,17,4
2023-03-22,HI,3,21,0
2023-03-21,HI,3,17,4
2023-03-20,HI,3,17,4
2023-03-19,HI,3,17,4
2023-03-18,HI,3,17,4
2023-03-17,HI,3,17,4
2023-03-16,HI,3,17,4
2023-03-15,HI,3,21,0
2023-03-14,HI,3,17,4
2023-03-13,HI,3,17,4
2023-03-12,HI,3,17,4
2023-03-11,HI,3,17,4
2023-03-10,HI,3,17,4
2023-03-09,HI,3,17,4
2023-03-08,HI,3,21,0
2023-03-07,HI,3,17,4
2023-03-06,HI,3,17,4
2023-03-05,HI,3,17,4
2023-03-04,HI,3,17,4
2023-03-03,HI,3,17,4
2023-03-02,HI,3,17,4
2023-03-01,HI,3,21,0
2023-02-28,HI,3,17,4
2023-02-27,HI,3,16,5
2023-02-26,HI,3,17,4
2023-02-25,HI,3,17,4
2023-02-24,HI,3,17,4
2023-02-23,HI,3,17,4
2023-02-22,HI,3,21,0
2023-02-21,HI,3,17,4
2023-02-20,HI,3,17,4
2023-02-19,HI,3,17,4
2023-02-18,HI,3,17,4
2023-02-17,HI,3,16,5
2023-02-16,HI,4,16,4
2023-02-15,HI,3,21,0
2023-02-14,HI,3,17,4
2023-02-13,HI,3,17,4
2023-02-12,HI,3,17,4
2023-02-11,HI,3,17,4
2023-02-10,HI,3,16,5
2023-02-09,HI,3,17,4
2023-02-08,HI,3,21,0
2023-02-07,HI,3,17,4
2023-02-06,HI,3,17,4
2023-02-05,HI,3,17,4
2023-02-04,HI,3,17,4
2023-02-03,HI,3,17,4
2023-02-02,HI,3,17,4
2023-02-01,HI,3,21,0
2023-01-31,HI,3,16,5
2023-01-30,HI,3,17,4
2023-01-29,HI,3,17,4
2023-01-28,HI,3,17,4
2023-01-27,HI,3,16,5
2023-01-26,HI,3,17,4
2023-01-25,HI,3,20,1
2023-01-24,HI,3,16,5
2023-01-23,HI,3,17,4
2023-01-22,HI,3,17,4
2023-01-21,HI,3,17,4
2023-01-20,HI,3,17,4
2023-01-19,HI,3,17,4
2023-01-18,HI,4,20,0
2023-01-17,HI,4,15,5
2023-01-16,HI,3,17,4
2023-01-15,HI,3,17,4
2023-01-14,HI,3,17,4
2023-01-13,HI,4,16,4
2023-01-12,HI,3,17,4
2023-01-11,HI,3,21,0
2023-01-10,HI,3,17,4
2023-01-09,HI,3,17,4
2023-01-08,HI,3,17,4
2023-01-07,HI,3,17,4
2023-01-06,HI,3,17,4
2023-01-05,HI,3,17,4
2023-01-04,HI,3,21,0
2023-01-03,HI,3,17,4
2023-01-02,HI,3,17,4
2023-01-01,HI,3,17,4
2022-12-31,HI,3,17,4
2022-12-30,HI,3,17,4
2022-12-29,HI,3,17,4
2022-12-28,HI,3,21,0
2022-12-27,HI,3,17,4
2022-12-26,HI,3,17,4
2022-12-25,HI,3,17,4
2022-12-24,HI,3,17,4
2022-12-23,HI,3,17,4
2022-12-22,HI,3,17,4
2022-12-21,HI,3,21,0
2022-12-20,HI,3,17,4
2022-12-19,HI,3,18,4
2022-12-18,HI,3,18,4
2022-12-17,HI,3,18,4
2022-12-16,HI,3,18,4
2022-12-15,HI,3,18,4
2022-12-14,HI,3,21,0
2022-12-13,HI,3,17,4
2022-12-12,HI,3,17,4
2022-12-11,HI,3,17,4
2022-12-10,HI,3,17,4
2022-12-09,HI,3,17,4
2022-12-08,HI,3,17,4
2022-12-07,HI,3,21,0
2022-12-06,HI,3,17,4
2022-12-05,HI,3,17,4
2022-12-04,HI,3,17,4
2022-12-03,HI,3,17,4
2022-12-02,HI,3,17,4
2022-12-01,HI,3,17,4
2022-11-30,HI,3,21,0
2022-11-29,HI,3,17,4
2022-11-28,HI,3,20,1
2022-11-27,HI,3,17,4
2022-11-26,HI,3,17,4
2022-11-25,HI,3,17,4
2022-11-24,HI,3,17,4
2022-11-23,HI,3,21,0
2022-11-22,HI,3,17,4
2022-11-21,HI,3,17,4
2022-11-20,HI,3,17,4
2022-11-19,HI,3,17,4
2022-11-18,HI,3,17,4
2022-11-17,HI,3,17,4
2022-11-16,HI,3,21,0
2022-11-15,HI,3,17,4
2022-11-14,HI,3,17,4
2022-11-13,HI,3,17,4
2022-11-12,HI,3,17,4
2022-11-11,HI,3,17,4
2022-11-10,HI,3,17,4
2022-11-09,HI,3,21,0
2022-11-08,HI,3,17,4
2022-11-07,HI,3,17,4
2022-11-06,HI,3,17,4
2022-11-05,HI,3,17,4
2022-11-04,HI,3,16,4
2022-11-03,HI,3,16,4
2022-11-02,HI,3,20,0
2022-11-01,HI,3,16,4
2022-10-31,HI,3,17,4
2022-10-30,HI,3,17,4
2022-10-29,HI,3,17,4
2022-10-28,HI,3,17,4
2022-10-27,HI,3,17,4
2022-10-26,HI,3,21,0
2022-10-25,HI,3,17,4
2022-10-24,HI,3,17,4
2022-10-23,HI,3,18,4
2022-10-22,HI,3,18,4
2022-10-21,HI,3,18,4
2022-10-20,HI,3,18,4
2022-10-19,HI,3,22,0
2022-10-18,HI,3,17,4
2022-10-17,HI,3,17,4
2022-10-16,HI,3,17,4
2022-10-15,HI,3,17,4
2022-10-14,HI,3,17,4
2022-10-13,HI,3,17,4
2022-10-12,HI,3,21,0
2022-10-11,HI,3,18,4
2022-10-10,HI,3,18,4
2022-10-09,HI,3,18,4
2022-10-08,HI,3,18,4
2022-10-07,HI,3,18,4
2022-10-06,HI,3,17,4
2022-10-05,HI,3,21,0
2022-10-04,HI,3,17,4
2022-10-03,HI,3,17,4
2022-10-02,HI,3,17,4
2022-10-01,HI,3,17,4
2022-09-30,HI,3,17,4
2022-09-29,HI,3,17,4
2022-09-28,HI,3,21,0
2022-09-27,HI,3,17,4
2022-09-26,HI,3,17,4
2022-09-25,HI,3,17,4
2022-09-24,HI,3,17,4
2022-09-23,HI,3,17,4
2022-09-22,HI,3,17,4
2022-09-21,HI,3,21,0
2022-09-20,HI,3,17,4
2022-09-19,HI,3,17,4
2022-09-18,HI,3,17,4
2022-09-17,HI,3,17,4
2022-09-16,HI,3,17,4
2022-09-15,HI,3,17,4
2022-09-14,HI,3,21,0
2022-09-13,HI,3,17,4
2022-09-12,HI,3,17,4
2022-09-11,HI,3,17,4
2022-09-10,HI,3,17,4
2022-09-09,HI,3,17,4
2022-09-08,HI,3,17,4
2022-09-07,HI,4,20,0
2022-09-06,HI,3,17,4
2022-09-05,HI,3,17,4
2022-09-04,HI,3,17,4
2022-09-03,HI,3,17,4
2022-09-02,HI,3,17,4
2022-09-01,HI,3,17,4
2022-08-31,HI,3,21,0
2022-08-30,HI,3,17,4
2022-08-29,HI,3,17,4
2022-08-28,HI,3,17,4
2022-08-27,HI,3,17,4
2022-08-26,HI,3,17,4
2022-08-25,HI,3,17,4
2022-08-24,HI,3,21,0
2022-08-23,HI,3,17,4
2022-08-22,HI,3,17,4
2022-08-21,HI,3,19,4
2022-08-20,HI,3,19,4
2022-08-19,HI,3,19,4
2022-08-18,HI,3,19,4
2022-08-17,HI,3,23,0
2022-08-16,HI,3,17,4
2022-08-15,HI,3,17,4
2022-08-14,HI,3,19,4
2022-08-13,HI,3,19,4
2022-08-12,HI,3,19,4
2022-08-11,HI,3,19,4
2022-08-10,HI,3,23,0
2022-08-09,HI,3,17,4
2022-08-08,HI,3,17,4
2022-08-07,HI,3,19,4
2022-08-06,HI,3,19,4
2022-08-05,HI,3,19,4
2022-08-04,HI,3,19,4
2022-08-03,HI,3,23,0
2022-08-02,HI,3,17,4
2022-08-01,HI,3,17,4
2022-07-31,HI,3,19,4
2022-07-30,HI,3,19,4
2022-07-29,HI,3,19,4
2022-07-28,HI,3,19,4
2022-07-27,HI,3,23,0
2022-07-26,HI,3,17,4
2022-07-25,HI,3,17,4
2022-07-24,HI,3,19,4
2022-07-23,HI,3,19,4
2022-07-22,HI,3,19,4
2022-07-21,HI,3,19,4
2022-07-20,HI,3,23,0
2022-07-19,HI,3,17,4
2022-07-18,HI,3,17,4
2022-07-17,HI,4,18,4
2022-07-16,HI,4,18,4
2022-07-15,HI,3,19,4
2022-07-14,HI,3,19,4
2022-07-13,HI,3,23,0
2022-07-12,HI,3,17,4
2022-07-11,HI,3,17,4
2022-07-10,HI,3,19,4
2022-07-09,HI,3,19,4
2022-07-08,HI,3,19,4
2022-07-07,HI,3,19,4
2022-07-06,HI,3,23,0
2022-07-05,HI,3,17,4
2022-07-04,HI,3,17,4
2022-07-03,HI,3,19,4
2022-07-02,HI,3,19,4
2022-07-01,HI,3,19,4
2022-06-30,HI,3,23,0
2022-06-29,HI,3,23,0
2022-06-28,HI,3,21,0
2022-06-27,HI,3,20,1
2022-06-26,HI,3,20,3
2022-06-25,HI,3,19,4
2022-06-24,HI,3,19,4
2022-06-23,HI,3,19,4
2022-06-22,HI,4,22,0
2022-06-21,HI,3,17,4
2022-06-20,HI,3,17,4
2022-06-19,HI,3,19,4
2022-06-18,HI,3,19,4
2022-06-17,HI,3,19,4
2022-06-16,HI,3,19,4
2022-06-15,HI,3,23,0
2022-06-14,HI,3,17,4
2022-06-13,HI,3,17,4
2022-06-12,HI,3,19,4
2022-06-11,HI,3,19,4
2022-06-10,HI,3,19,4
2022-06-09,HI,3,19,4
2022-06-08,HI,3,23,0
2022-06-07,HI,3,17,4
2022-06-06,HI,3,17,4
2022-06-05,HI,3,19,4
2022-06-04,HI,3,19,4
2022-06-03,HI,3,19,4
2022-06-02,HI,3,19,4
2022-06-01,HI,3,23,0
2022-05-31,HI,3,17,4
2022-05-30,HI,4,16,4
2022-05-29,HI,4,18,4
2022-05-28,HI,4,18,4
2022-05-27,HI,4,18,4
2022-05-26,HI,3,19,4
2022-05-25,HI,3,23,0
2022-05-24,HI,3,18,4
2022-05-23,HI,3,18,4
2022-05-22,HI,3,19,4
2022-05-21,HI,3,19,4
2022-05-20,HI,3,19,4
2022-05-19,HI,3,19,4
2022-05-18,HI,3,23,0
2022-05-17,HI,3,17,4
2022-05-16,HI,3,20,1
2022-05-15,HI,3,19,4
2022-05-14,HI,3,19,4
2022-05-13,HI,3,19,4
2022-05-12,HI,3,19,4
2022-05-11,HI,3,23,0
2022-05-10,HI,3,17,4
2022-05-09,HI,4,16,4
2022-05-08,HI,4,18,4
2022-05-07,HI,4,18,4
2022-05-06,HI,3,19,4
2022-05-05,HI,3,19,4
2022-05-04,HI,3,23,0
2022-05-03,HI,3,17,4
2022-05-02,HI,3,17,4
2022-05-01,HI,3,19,4
2022-04-30,HI,3,19,4
2022-04-29,HI,3,19,4
2022-04-28,HI,3,19,4
2022-04-27,HI,3,23,0
2022-04-26,HI,3,17,4
2022-04-25,HI,3,18,4
2022-04-24,HI,3,19,4
2022-04-23,HI,3,19,4
2022-04-22,HI,3,19,4
2022-04-21,HI,3,19,4
2022-04-20,HI,3,23,0
2022-04-19,HI,3,17,4
2022-04-18,HI,3,17,4
2022-04-17,HI,3,19,4
2022-04-16,HI,3,19,4
2022-04-15,HI,3,19,4
2022-04-14,HI,3,19,4
2022-04-13,HI,3,23,0
2022-04-12,HI,3,17,4
2022-04-11,HI,3,17,4
2022-04-10,HI,3,19,4
2022-04-09,HI,3,19,4
2022-04-08,HI,3,19,4
2022-04-07,HI,3,19,4
2022-04-06,HI,3,23,0
2022-04-05,HI,3,17,4
2022-04-04,HI,3,17,4
2022-04-03,HI,3,19,4
2022-04-02,HI,3,19,4
2022-04-01,HI,3,19,4
2022-03-31,HI,3,19,4
2022-03-30,HI,3,23,0
2022-03-29,HI,3,17,4
2022-03-28,HI,3,17,4
2022-03-27,HI,3,19,4
2022-03-26,HI,3,19,4
2022-03-25,HI,3,19,4
2022-03-24,HI,3,19,4
2022-03-23,HI,3,23,0
2022-03-22,HI,3,17,4
2022-03-21,HI,3,18,4
2022-03-20,HI,3,19,4
2022-03-19,HI,3,19,4
2022-03-18,HI,3,19,4
2022-03-17,HI,3,19,4
2022-03-16,HI,3,23,0
2022-03-15,HI,3,18,4
2022-03-14,HI,3,18,4
2022-03-13,HI,3,19,4
2022-03-12,HI,3,19,4
2022-03-11,HI,3,19,4
2022-03-10,HI,3,19,4
2022-03-09,HI,3,23,0
2022-03-08,HI,3,18,4
2022-03-07,HI,3,18,4
2022-03-06,HI,3,19,4
2022-03-05,HI,3,19,4
2022-03-04,HI,3,19,4
2022-03-03,HI,3,19,4
2022-03-02,HI,3,23,0
2022-03-01,HI,3,18,4
2022-02-28,HI,3,18,4
2022-02-27,HI,3,19,4
2022-02-26,HI,4,18,4
2022-02-25,HI,3,19,4
2022-02-24,HI,3,19,4
2022-02-23,HI,3,23,0
2022-02-22,HI,3,18,4
2022-02-21,HI,3,18,4
2022-02-20,HI,4,18,4
2022-02-19,HI,4,18,4
2022-02-18,HI,3,19,4
2022-02-17,HI,3,19,4
2022-02-16,HI,3,23,0
2022-02-15,HI,3,18,4
2022-02-14,HI,3,18,4
2022-02-13,HI,3,19,4
2022-02-12,HI,3,19,4
2022-02-11,HI,3,19,4
2022-02-10,HI,3,19,4
2022-02-09,HI,3,23,0
2022-02-08,HI,3,18,4
2022-02-07,HI,3,18,4
2022-02-06,HI,3,19,4
2022-02-05,HI,3,19,4
2022-02-04,HI,3,19,4
2022-02-03,HI,3,19,4
2022-02-02,HI,3,23,0
2022-02-01,HI,3,18,4
2022-01-31,HI,3,18,4
2022-01-30,HI,4,18,4
2022-01-29,HI,4,18,4
2022-01-28,HI,3,19,4
2022-01-27,HI,3,19,4
2022-01-26,HI,3,23,0
2022-01-25,HI,3,18,4
2022-01-24,HI,3,18,4
2022-01-23,HI,3,19,4
2022-01-22,HI,3,19,4
2022-01-21,HI,4,18,4
2022-01-20,HI,4,18,4
2022-01-19,HI,3,23,0
2022-01-18,HI,3,18,4
2022-01-17,HI,4,17,4
2022-01-16,HI,6,16,4
2022-01-15,HI,6,16,4
2022-01-14,HI,4,18,4
2022-01-13,HI,4,18,4
2022-01-12,HI,6,20,0
2022-01-11,HI,6,15,4
2022-01-10,HI,8,13,4
2022-01-09,HI,5,17,4
2022-01-08,HI,4,18,4
2022-01-07,HI,4,18,4
2022-01-06,HI,4,18,4
2022-01-05,HI,4,22,0
2022-01-04,HI,4,21,0
2022-01-03,HI,3,18,4
2022-01-02,HI,4,18,4
2022-01-01,HI,4,18,4
2021-12-31,HI,3,19,4
2021-12-30,HI,3,19,4
2021-12-29,HI,3,23,0
2021-12-28,HI,3,18,4
2021-12-27,HI,3,18,4
2021-12-26,HI,3,19,4
2021-12-25,HI,3,19,4
2021-12-24,HI,3,19,4
2021-12-23,HI,3,19,4
2021-12-22,HI,4,22,0
2021-12-21,HI,3,18,4
2021-12-20,HI,3,18,4
2021-12-19,HI,4,18,4
2021-12-18,HI,4,18,4
2021-12-17,HI,3,19,4
2021-12-16,HI,3,19,4
2021-12-15,HI,3,23,0
2021-12-14,HI,3,18,4
2021-12-13,HI,3,18,4
2021-12-12,HI,3,19,4
2021-12-11,HI,3,19,4
2021-12-10,HI,3,19,4
2021-12-09,HI,3,19,4
2021-12-08,HI,3,23,0
2021-12-07,HI,3,18,4
2021-12-06,HI,3,18,4
2021-12-05,HI,3,19,4
2021-12-04,HI,3,19,4
2021-12-03,HI,3,19,4
2021-12-02,HI,4,18,4
2021-12-01,HI,3,23,0
2021-11-30,HI,3,18,4
2021-11-29,HI,3,18,4
2021-11-28,HI,3,19,4
2021-11-27,HI,3,19,4
2021-11-26,HI,3,19,4
2021-11-25,HI,3,19,4
2021-11-24,HI,3,23,0
2021-11-23,HI,3,18,4
2021-11-22,HI,3,18,4
2021-11-21,HI,4,18,4
2021-11-20,HI,4,18,4
2021-11-19,HI,3,19,4
2021-11-18,HI,3,19,4
2021-11-17,HI,3,23,0
2021-11-16,HI,3,18,4
2021-11-15,HI,3,18,4
2021-11-14,HI,3,19,4
2021-11-13,HI,3,19,4
2021-11-12,HI,3,19,4
2021-11-11,HI,4,18,4
2021-11-10,HI,3,23,0
2021-11-09,HI,3,18,4
2021-11-08,HI,3,18,4
2021-11-07,HI,5,17,4
2021-11-06,HI,5,17,4
2021-11-05,HI,3,19,4
2021-11-04,HI,3,19,4
2021-11-03,HI,3,23,0
2021-11-02,HI,3,18,4
2021-11-01,HI,3,18,4
2021-10-31,HI,4,18,4
2021-10-30,HI,4,18,4
2021-10-29,HI,3,19,4
2021-10-28,HI,3,19,4
2021-10-27,HI,4,22,0
2021-10-26,HI,3,18,4
2021-10-25,HI,4,17,4
2021-10-24,HI,5,17,4
2021-10-23,HI,4,18,4
2021-10-22,HI,4,18,4
2021-10-21,HI,4,18,4
2021-10-20,HI,4,22,0
2021-10-19,HI,4,17,4
2021-10-18,HI,4,17,4
2021-10-17,HI,3,19,4
2021-10-16,HI,3,19,4
2021-10-15,HI,3,19,4
2021-10-14,HI,3,19,4
2021-10-13,HI,3,23,0
2021-10-12,HI,3,18,4
2021-10-11,HI,4,17,4
2021-10-10,HI,3,19,4
2021-10-09,HI,3,19,4
2021-10-08,HI,4,18,4
2021-10-07,HI,3,19,4
2021-10-06,HI,3,23,0
2021-10-05,HI,3,18,4
2021-10-04,HI,3,18,4
2021-10-03,HI,4,18,4
2021-10-02,HI,4,18,4
2021-10-01,HI,4,18,4
2021-09-30,HI,3,19,4
2021-09-29,HI,3,23,0
2021-09-28,HI,3,18,4
2021-09-27,HI,3,18,4
2021-09-26,HI,3,19,4
2021-09-25,HI,3,19,4
2021-09-24,HI,4,18,4
2021-09-23,HI,4,18,4
2021-09-22,HI,3,23,0
2021-09-21,HI,4,17,4
2021-09-20,HI,5,16,4
2021-09-19,HI,5,17,4
2021-09-18,HI,5,17,4
2021-09-17,HI,5,17,4
2021-09-16,HI,4,18,4
2021-09-15,HI,7,19,0
2021-09-14,HI,4,17,4
2021-09-13,HI,5,16,4
2021-09-12,HI,5,17,4
2021-09-11,HI,5,17,4
2021-09-10,HI,4,18,4
2021-09-09,HI,5,17,4
2021-09-08,HI,5,21,0
2021-09-07,HI,4,16,4
2021-09-06,HI,4,16,4
2021-09-05,HI,4,18,4
2021-09-04,HI,4,18,4
2021-09-03,HI,6,16,4
2021-09-02,HI,4,18,4
2021-09-01,HI,3,23,0
2021-08-31,HI,4,16,4
2021-08-30,HI,4,16,4
2021-08-29,HI,4,18,4
2021-08-28,HI,5,17,4
2021-08-27,HI,3,19,4
2021-08-26,HI,6,16,4
2021-08-25,HI,6,20,0
2021-08-24,HI,3,17,4
2021-08-23,HI,3,17,4
2021-08-22,HI,5,17,4
2021-08-21,HI,5,17,4
2021-08-20,HI,3,19,4
2021-08-19,HI,3,19,4
2021-08-18,HI,3,23,0
2021-08-17,HI,0,17,7
2021-08-16,HI,2,18,4
2021-08-15,HI,2,20,4
2021-08-14,HI,2,20,4
2021-08-13,HI,2,20,4
2021-08-12,HI,3,19,4
2021-08-11,HI,2,24,0
2021-08-10,HI,2,18,4
2021-08-09,HI,3,17,4
2021-08-08,HI,3,19,4
2021-08-07,HI,3,19,4
2021-08-06,HI,3,19,4
2021-08-05,HI,2,20,4
2021-08-04,HI,2,24,0
2021-08-03,HI,2,18,4
2021-08-02,HI,2,18,4
2021-08-01,HI,1,21,4
2021-07-31,HI,2,20,4
2021-07-30,HI,2,20,4
2021-07-29,HI,1,21,4
2021-07-28,HI,2,24,0
2021-07-27,HI,2,18,4
2021-07-26,HI,2,18,4
2021-07-25,HI,2,20,4
2021-07-24,HI,3,19,4
2021-07-23,HI,2,20,4
2021-07-22,HI,2,20,4
2021-07-21,HI,1,25,0
2021-07-20,HI,2,18,4
2021-07-19,HI,2,18,4
2021-07-18,HI,1,21,4
2021-07-17,HI,1,21,4
2021-07-16,HI,2,20,4
2021-07-15,HI,3,19,4
2021-07-14,HI,2,24,0
2021-07-13,HI,2,18,4
2021-07-12,HI,2,18,4
2021-07-11,HI,1,21,4
2021-07-10,HI,1,21,4
2021-07-09,HI,2,20,4
2021-07-08,HI,2,20,4
2021-07-07,HI,2,24,0
2021-07-06,HI,2,18,4
2021-07-05,HI,1,19,4
2021-07-04,HI,1,21,4
2021-07-03,HI,2,20,4
2021-07-02,HI,2,20,4
2021-07-01,HI,1,21,4
2021-06-30,HI,2,24,0
2021-06-29,HI,2,18,4
2021-06-28,HI,2,18,4
2021-06-27,HI,1,21,4
2021-06-26,HI,1,21,4
2021-06-25,HI,3,19,4
2021-06-24,HI,2,20,4
2021-06-23,HI,2,24,0
2021-06-22,HI,2,18,4
2021-06-21,HI,3,17,4
2021-06-20,HI,1,21,4
2021-06-19,HI,1,21,4
2021-06-18,HI,2,20,4
2021-06-17,HI,2,20,4
2021-06-16,HI,2,24,0
2021-06-15,HI,1,19,4
2021-06-14,HI,2,18,4
2021-06-13,HI,1,21,4
2021-06-12,HI,1,21,4
2021-06-11,HI,1,21,4
2021-06-10,HI,2,20,4
2021-06-09,HI,2,24,0
2021-06-08,HI,2,18,4
2021-06-07,HI,2,18,4
2021-06-06,HI,2,20,4
2021-06-05,HI,2,20,4
2021-06-04,HI,2,20,4
2021-06-03,HI,2,20,4
2021-06-02,HI,2,24,0
2021-06-01,HI,1,19,4
2021-05-31,HI,1,19,4
2021-05-30,HI,1,21,4
2021-05-29,HI,1,21,4
2021-05-28,HI,2,20,4
2021-05-27,HI,2,20,4
2021-05-26,HI,2,24,0
2021-05-25,HI,1,19,4
2021-05-24,HI,2,18,4
2021-05-23,HI,1,21,4
2021-05-22,HI,1,21,4
2021-05-21,HI,2,20,4
2021-05-20,HI,1,21,4
2021-05-19,HI,3,23,0
2021-05-18,HI,2,18,4
2021-05-17,HI,2,18,4
2021-05-16,HI,1,21,4
2021-05-15,HI,1,21,4
2021-05-14,HI,3,19,4
2021-05-13,HI,2,20,4
2021-05-12,HI,2,24,0
2021-05-11,HI,2,18,4
2021-05-10,HI,2,18,4
2021-05-09,HI,3,19,4
2021-05-08,HI,1,21,4
2021-05-07,HI,2,20,4
2021-05-06,HI,2,20,4
2021-05-05,HI,2,24,0
2021-05-04,HI,2,18,4
2021-05-03,HI,2,18,4
2021-05-02,HI,1,21,4
2021-05-01,HI,1,21,4
2021-04-30,HI,2,20,4
2021-04-29,HI,2,20,4
2021-04-28,HI,2,24,0
2021-04-27,HI,2,18,4
2021-04-26,HI,3,17,4
2021-04-25,HI,1,21,4
2021-04-24,HI,3,19,4
2021-04-23,HI,2,20,4
2021-04-22,HI,3,19,4
2021-04-21,HI,3,23,0
2021-04-20,HI,2,18,4
2021-04-19,HI,2,18,4
2021-04-18,HI,1,21,4
2021-04-17,HI,1,21,4
2021-04-16,HI,3,19,4
2021-04-15,HI,2,20,4
2021-04-14,HI,2,24,0
2021-04-13,HI,2,18,4
2021-04-12,HI,2,18,4
2021-04-11,HI,1,21,4
2021-04-10,HI,1,21,4
2021-04-09,HI,2,20,4
2021-04-08,HI,2,20,4
2021-04-07,HI,2,24,0
2021-04-06,HI,2,18,4
2021-04-05,HI,2,18,4
2021-04-04,HI,1,21,4
2021-04-03,HI,1,21,4
2021-04-02,HI,1,21,4
2021-04-01,HI,2,24,0
2021-03-31,HI,2,24,0
2021-03-30,HI,3,17,4
2021-03-29,HI,2,18,4
2021-03-28,HI,1,21,4
2021-03-27,HI,2,20,4
2021-03-26,HI,1,21,4
2021-03-25,HI,3,23,0
2021-03-24,HI,2,24,0
2021-03-23,HI,2,22,0
2021-03-22,HI,2,22,0
2021-03-21,HI,1,25,0
2021-03-20,HI,1,25,0
2021-03-19,HI,2,24,0
2021-03-18,HI,1,25,0
2021-03-17,HI,2,24,0
2021-03-16,HI,2,22,0
2021-03-15,HI,2,22,0
2021-03-14,HI,1,21,4
2021-03-13,HI,1,25,0
2021-03-12,HI,2,24,0
2021-03-11,HI,2,24,0
2021-03-10,HI,2,24,0
2021-03-09,HI,2,22,0
2021-03-08,HI,2,22,0
2021-03-07,HI,1,25,0
2021-03-06,HI,2,24,0
2021-03-05,HI,2,24,0
2021-03-04,HI,2,24,0
2021-03-03,HI,1,25,0
2021-03-02,HI,2,22,0
2021-03-01,HI,2,22,0
2021-02-28,HI,1,25,0
2021-02-27,HI,1,25,0
2021-02-26,HI,2,24,0
2021-02-25,HI,2,24,0
2021-02-24,HI,2,24,0
2021-02-23,HI,2,22,0
2021-02-22,HI,3,21,0
2021-02-21,HI,3,23,0
2021-02-20,HI,3,23,0
2021-02-19,HI,3,23,0
2021-02-18,HI,3,23,0
2021-02-17,HI,3,23,0
2021-02-16,HI,2,22,0
2021-02-15,HI,2,22,0
2021-02-14,HI,2,24,0
2021-02-13,HI,2,24,0
2021-02-12,HI,3,23,0
2021-02-11,HI,2,24,0
2021-02-10,HI,3,23,0
2021-02-09,HI,3,21,0
2021-02-08,HI,3,21,0
2021-02-07,HI,4,22,0
2021-02-06,HI,3,23,0
2021-02-05,HI,2,24,0
2021-02-04,HI,2,24,0
2021-02-03,HI,4,22,0
2021-02-02,HI,3,21,0
2021-02-01,HI,3,21,0
2021-01-31,HI,2,24,0
2021-01-30,HI,2,24,0
2021-01-29,HI,3,23,0
2021-01-28,HI,3,23,0
2021-01-27,HI,3,23,0
2021-01-26,HI,3,21,0
2021-01-25,HI,3,21,0
2021-01-24,HI,2,24,0
2021-01-23,HI,3,23,0
2021-01-22,HI,3,23,0
2021-01-21,HI,3,23,0
2021-01-20,HI,3,22,1
2021-01-19,HI,3,21,0
2021-01-18,HI,3,21,0
2021-01-17,HI,3,23,0
2021-01-16,HI,3,23,0
2021-01-15,HI,3,23,0
2021-01-14,HI,2,24,0
2021-01-13,HI,2,24,0
2021-01-12,HI,2,22,0
2021-01-11,HI,2,22,0
2021-01-10,HI,2,24,0
2021-01-09,HI,2,24,0
2021-01-08,HI,2,24,0
2021-01-07,HI,3,23,0
2021-01-06,HI,3,23,0
2021-01-05,HI,3,21,0
2021-01-04,HI,2,22,0
2021-01-03,HI,2,24,0
2021-01-02,HI,2,24,0
2021-01-01,HI,2,24,0
2020-12-31,HI,2,24,0
2020-12-30,HI,2,24,0
2020-12-29,HI,2,22,0
2020-12-28,HI,3,21,0
2020-12-27,HI,3,23,0
2020-12-26,HI,3,23,0
2020-12-25,HI,3,23,0
2020-12-24,HI,2,24,0
2020-12-23,HI,2,24,0
2020-12-22,HI,2,22,0
2020-12-21,HI,2,22,0
2020-12-20,HI,2,24,0
2020-12-19,HI,2,24,0
2020-12-18,HI,2,24,0
2020-12-17,HI,2,24,0
2020-12-16,HI,2,24,0
2020-12-15,HI,2,22,0
2020-12-14,HI,2,22,0
2020-12-13,HI,2,24,0
2020-12-12,HI,2,24,0
2020-12-11,HI,2,24,0
2020-12-10,HI,3,23,0
2020-12-09,HI,3,23,0
2020-12-08,HI,3,21,0
2020-12-07,HI,3,21,0
2020-12-06,HI,3,23,0
2020-12-05,HI,3,23,0
2020-12-04,HI,3,23,0
2020-12-03,HI,2,24,0
2020-12-02,HI,2,24,0
2020-12-01,HI,2,22,0
2020-11-30,HI,2,22,0
2020-11-29,HI,3,23,0
2020-11-28,HI,3,23,0
2020-11-27,HI,2,24,0
2020-11-26,HI,2,24,0
2020-11-25,HI,2,23,0
2020-11-24,HI,2,21,0
2020-11-23,HI,2,21,0
2020-11-22,HI,2,23,0
2020-11-21,HI,3,22,0
2020-11-20,HI,2,23,0
2020-11-19,HI,2,23,0
2020-11-18,HI,2,23,0
2020-11-17,HI,2,21,0
2020-11-16,HI,2,21,0
2020-11-15,HI,3,21,0
2020-11-14,HI,3,22,0
2020-11-13,HI,2,23,0
2020-11-12,HI,2,23,0
2020-11-11,HI,3,22,0
2020-11-10,HI,2,21,0
2020-11-09,HI,2,20,0
2020-11-08,HI,3,22,0
2020-11-07,HI,3,22,0
2020-11-06,HI,3,22,0
2020-11-05,HI,2,23,0
2020-11-04,HI,2,23,0
2020-11-03,HI,3,20,0
2020-11-02,HI,3,20,0
2020-11-01,HI,3,20,1
2020-10-31,HI,3,20,2
2020-10-30,HI,2,21,2
2020-10-29,HI,2,21,2
2020-10-28,HI,3,20,2
2020-10-27,HI,2,20,1
2020-10-26,HI,3,19,2
2020-10-25,HI,2,21,1
2020-10-24,HI,2,21,1
2020-10-23,HI,2,21,1
2020-10-22,HI,2,21,1
2020-10-21,HI,2,21,0
2020-10-20,HI,2,21,7
2020-10-19,HI,2,21,7
2020-10-18,HI,2,20,8
2020-10-17,HI,2,19,9
2020-10-16,HI,1,20,9
2020-10-15,HI,1,21,8
2020-10-14,HI,1,19,10
2020-10-13,HI,1,20,9
2020-10-12,HI,1,20,9
2020-10-11,HI,1,16,13
2020-10-10,HI,1,14,15
2020-10-09,HI,1,15,14
2020-10-08,HI,2,13,15
2020-10-07,HI,2,15,13
2020-10-06,HI,2,14,14
2020-10-05,HI,3,11,16
2020-10-04,HI,2,11,17
2020-10-03,HI,3,6,21
2020-10-02,HI,3,13,14
2020-10-01,HI,3,13,14
2020-09-30,HI,3,10,17
2020-09-29,HI,3,14,13
2020-09-28,HI,2,11,17
2020-09-27,HI,2,8,20
2020-09-26,HI,2,10,18
2020-09-25,HI,2,8,20
2020-09-24,HI,2,14,14
2020-09-23,HI,3,14,13
2020-09-22,HI,3,13,14
2020-09-21,HI,3,13,14
2020-09-20,HI,2,9,19
2020-09-19,HI,2,11,17
2020-09-18,HI,3,8,19
2020-09-17,HI,3,12,15
2020-09-16,HI,3,13,14
2020-09-15,HI,2,14,14
2020-09-14,HI,3,13,14
2020-09-13,HI,2,10,18
2020-09-12,HI,2,9,19
2020-09-11,HI,2,8,20
2020-09-10,HI,3,12,15
2020-09-09,HI,3,12,15
2020-09-08,HI,3,13,14
2020-09-07,HI,2,11,17
2020-09-06,HI,2,11,17
2020-09-05,HI,2,11,17
2020-09-04,HI,3,13,14
2020-09-03,HI,3,14,13
2020-09-02,HI,3,13,14
2020-09-01,HI,3,13,14
2020-08-31,HI,4,12,14
2020-08-30,HI,3,9,18
2020-08-29,HI,3,10,17
2020-08-28,HI,4,12,14
2020-08-27,HI,4,12,14
2020-08-26,HI,4,11,15
2020-08-25,HI,4,12,14
2020-08-24,HI,3,13,14
2020-08-23,HI,1,8,20
2020-08-22,HI,1,10,18
2020-08-21,HI,2,8,19
2020-08-20,HI,2,11,16
2020-08-19,HI,3,10,16
2020-08-18,HI,3,14,13
2020-08-17,HI,2,13,15
2020-08-16,HI,1,7,22
2020-08-15,HI,1,9,20
2020-08-14,HI,2,11,17
2020-08-13,HI,2,12,16
2020-08-12,HI,1,14,15
2020-08-11,HI,1,14,15
2020-08-10,HI,1,13,16
2020-08-09,HI,0,9,21
2020-08-08,HI,0,10,20
2020-08-07,HI,2,11,17
2020-08-06,HI,2,12,16
2020-08-05,HI,2,11,17
2020-08-04,HI,1,14,15
2020-08-03,HI,0,15,15
2020-08-02,HI,0,9,21
2020-08-01,HI,0,11,19
2023-04-10,IA,1,68,40
2023-04-09,IA,2,68,41
2023-04-08,IA,2,69,41
2023-04-07,IA,2,70,40
2023-04-06,IA,3,70,41
2023-04-05,IA,4,68,43
2023-04-04,IA,3,68,44
2023-04-03,IA,2,71,43
2023-04-02,IA,2,71,44
2023-04-01,IA,2,72,44
2023-03-31,IA,2,71,45
2023-03-30,IA,3,71,44
2023-03-29,IA,3,72,43
2023-03-28,IA,3,72,43
2023-03-27,IA,3,72,42
2023-03-26,IA,2,73,42
2023-03-25,IA,2,72,43
2023-03-24,IA,2,71,44
2023-03-23,IA,3,71,43
2023-03-22,IA,3,70,44
2023-03-21,IA,3,72,42
2023-03-20,IA,3,72,42
2023-03-19,IA,3,71,43
2023-03-18,IA,2,71,44
2023-03-17,IA,2,71,44
2023-03-16,IA,3,71,43
2023-03-15,IA,2,72,43
2023-03-14,IA,2,72,43
2023-03-13,IA,2,72,43
2023-03-12,IA,2,72,43
2023-03-11,IA,2,72,43
2023-03-10,IA,2,71,44
2023-03-09,IA,1,71,45
2023-03-08,IA,2,71,44
2023-03-07,IA,3,71,43
2023-03-06,IA,1,73,43
2023-03-05,IA,2,72,43
2023-03-04,IA,2,73,42
2023-03-03,IA,3,70,44
2023-03-02,IA,2,72,43
2023-03-01,IA,2,72,43
2023-02-28,IA,3,73,41
2023-02-27,IA,2,71,44
2023-02-26,IA,2,72,43
2023-02-25,IA,1,72,44
2023-02-24,IA,2,71,44
2023-02-23,IA,3,71,43
2023-02-22,IA,4,70,43
2023-02-21,IA,2,71,44
2023-02-20,IA,4,69,44
2023-02-19,IA,3,71,43
2023-02-18,IA,3,71,43
2023-02-17,IA,3,71,43
2023-02-16,IA,3,71,43
2023-02-15,IA,4,70,43
2023-02-14,IA,4,69,44
2023-02-13,IA,2,72,43
2023-02-12,IA,2,71,44
2023-02-11,IA,2,73,42
2023-02-10,IA,3,72,42
2023-02-09,IA,3,71,43
2023-02-08,IA,2,71,44
2023-02-07,IA,2,72,43
2023-02-06,IA,2,72,43
2023-02-05,IA,3,70,44
2023-02-04,IA,3,71,43
2023-02-03,IA,3,70,44
2023-02-02,IA,4,71,42
2023-02-01,IA,4,72,41
2023-01-31,IA,4,70,43
2023-01-30,IA,4,70,43
2023-01-29,IA,2,72,43
2023-01-28,IA,2,72,43
2023-01-27,IA,3,72,42
2023-01-26,IA,3,71,43
2023-01-25,IA,3,74,40
2023-01-24,IA,3,71,43
2023-01-23,IA,3,72,42
2023-01-22,IA,3,71,43
2023-01-21,IA,3,71,43
2023-01-20,IA,4,70,43
2023-01-19,IA,4,70,43
2023-01-18,IA,4,70,43
2023-01-17,IA,3,71,43
2023-01-16,IA,4,70,43
2023-01-15,IA,2,72,43
2023-01-14,IA,3,71,43
2023-01-13,IA,3,71,43
2023-01-12,IA,4,70,43
2023-01-11,IA,2,76,39
2023-01-10,IA,2,72,43
2023-01-09,IA,3,72,42
2023-01-08,IA,3,73,42
2023-01-07,IA,2,73,43
2023-01-06,IA,3,72,43
2023-01-05,IA,6,69,43
2023-01-04,IA,3,75,40
2023-01-03,IA,4,72,41
2023-01-02,IA,3,72,42
2023-01-01,IA,3,72,42
2022-12-31,IA,3,73,39
2022-12-30,IA,2,72,41
2022-12-29,IA,2,72,43
2022-12-28,IA,3,71,43
2022-12-27,IA,2,73,42
2022-12-26,IA,1,73,43
2022-12-25,IA,2,73,42
2022-12-24,IA,2,74,41
2022-12-23,IA,2,73,42
2022-12-22,IA,4,71,42
2022-12-21,IA,3,72,42
2022-12-20,IA,4,70,43
2022-12-19,IA,2,70,45
2022-12-18,IA,1,73,45
2022-12-17,IA,1,74,44
2022-12-16,IA,2,74,43
2022-12-15,IA,3,74,42
2022-12-14,IA,3,82,33
2022-12-13,IA,3,81,33
2022-12-12,IA,2,83,32
2022-12-11,IA,2,84,32
2022-12-10,IA,2,84,32
2022-12-09,IA,4,82,32
2022-12-08,IA,1,87,30
2022-12-07,IA,3,85,30
2022-12-06,IA,2,83,32
2022-12-05,IA,2,84,32
2022-12-04,IA,1,87,30
2022-12-03,IA,1,86,31
2022-12-02,IA,2,84,32
2022-12-01,IA,1,86,31
2022-11-30,IA,2,87,29
2022-11-29,IA,1,86,31
2022-11-28,IA,0,88,30
2022-11-27,IA,2,88,28
2022-11-26,IA,2,89,27
2022-11-25,IA,2,88,28
2022-11-24,IA,2,90,26
2022-11-23,IA,2,95,21
2022-11-22,IA,2,98,18
2022-11-21,IA,1,107,10
2022-11-20,IA,1,107,10
2022-11-19,IA,1,107,10
2022-11-18,IA,2,80,36
2022-11-17,IA,2,82,34
2022-11-16,IA,2,84,32
2022-11-15,IA,2,81,35
2022-11-14,IA,2,82,34
2022-11-13,IA,2,83,33
2022-11-12,IA,3,82,34
2022-11-11,IA,4,81,34
2022-11-10,IA,2,81,36
2022-11-09,IA,3,84,32
2022-11-08,IA,4,79,36
2022-11-07,IA,2,82,35
2022-11-06,IA,2,83,34
2022-11-05,IA,2,83,34
2022-11-04,IA,3,82,34
2022-11-03,IA,2,84,33
2022-11-02,IA,3,84,32
2022-11-01,IA,5,79,35
2022-10-31,IA,3,83,33
2022-10-30,IA,3,84,32
2022-10-29,IA,3,84,32
2022-10-28,IA,3,80,36
2022-10-27,IA,2,86,31
2022-10-26,IA,2,89,28
2022-10-25,IA,3,83,33
2022-10-24,IA,0,87,31
2022-10-23,IA,2,85,31
2022-10-22,IA,2,84,32
2022-10-21,IA,1,84,33
2022-10-20,IA,2,82,34
2022-10-19,IA,2,83,33
2022-10-18,IA,2,81,35
2022-10-17,IA,2,82,34
2022-10-16,IA,1,83,34
2022-10-15,IA,1,84,33
2022-10-14,IA,1,83,34
2022-10-13,IA,1,83,34
2022-10-12,IA,0,83,35
2022-10-11,IA,1,82,35
2022-10-10,IA,1,83,34
2022-10-09,IA,1,86,33
2022-10-08,IA,1,86,33
2022-10-07,IA,3,85,33
2022-10-06,IA,2,85,34
2022-10-05,IA,2,93,26
2022-10-04,IA,3,81,35
2022-10-03,IA,2,83,35
2022-10-02,IA,3,85,31
2022-10-01,IA,3,85,31
2022-09-30,IA,2,83,34
2022-09-29,IA,2,86,31
2022-09-28,IA,2,88,29
2022-09-27,IA,1,93,25
2022-09-26,IA,1,86,32
2022-09-25,IA,1,85,33
2022-09-24,IA,1,86,32
2022-09-23,IA,2,82,35
2022-09-22,IA,2,84,33
2022-09-21,IA,3,84,32
2022-09-20,IA,1,82,36
2022-09-19,IA,2,84,33
2022-09-18,IA,1,90,29
2022-09-17,IA,2,90,28
2022-09-16,IA,3,82,35
2022-09-15,IA,0,85,35
2022-09-14,IA,1,86,33
2022-09-13,IA,3,81,35
2022-09-12,IA,3,81,35
2022-09-11,IA,2,85,33
2022-09-10,IA,2,86,32
2022-09-09,IA,4,83,34
2022-09-08,IA,1,90,30
2022-09-07,IA,3,85,33
2022-09-06,IA,1,85,34
2022-09-05,IA,3,86,31
2022-09-04,IA,3,87,32
2022-09-03,IA,3,88,31
2022-09-02,IA,3,83,36
2022-09-01,IA,3,84,35
2022-08-31,IA,2,88,32
2022-08-30,IA,4,82,34
2022-08-29,IA,2,84,34
2022-08-28,IA,3,86,32
2022-08-27,IA,2,87,32
2022-08-26,IA,2,85,34
2022-08-25,IA,3,84,34
2022-08-24,IA,3,86,32
2022-08-23,IA,1,86,33
2022-08-22,IA,2,83,35
2022-08-21,IA,1,92,32
2022-08-20,IA,1,91,33
2022-08-19,IA,1,89,35
2022-08-18,IA,1,89,35
2022-08-17,IA,2,88,35
2022-08-16,IA,1,85,34
2022-08-15,IA,2,84,34
2022-08-14,IA,2,91,33
2022-08-13,IA,3,89,34
2022-08-12,IA,3,92,31
2022-08-11,IA,3,88,35
2022-08-10,IA,2,90,34
2022-08-09,IA,1,85,34
2022-08-08,IA,1,87,32
2022-08-07,IA,2,93,31
2022-08-06,IA,3,91,32
2022-08-05,IA,2,89,35
2022-08-04,IA,2,89,35
2022-08-03,IA,2,91,33
2022-08-02,IA,1,84,35
2022-08-01,IA,1,84,35
2022-07-31,IA,1,92,33
2022-07-30,IA,1,92,33
2022-07-29,IA,2,91,33
2022-07-28,IA,2,89,35
2022-07-27,IA,3,92,31
2022-07-26,IA,2,85,34
2022-07-25,IA,2,84,35
2022-07-24,IA,2,91,33
2022-07-23,IA,2,92,32
2022-07-22,IA,4,87,35
2022-07-21,IA,3,89,34
2022-07-20,IA,4,88,34
2022-07-19,IA,2,84,35
2022-07-18,IA,2,86,34
2022-07-17,IA,0,95,31
2022-07-16,IA,1,92,33
2022-07-15,IA,2,90,34
2022-07-14,IA,2,90,34
2022-07-13,IA,2,99,25
2022-07-12,IA,3,83,35
2022-07-11,IA,3,83,35
2022-07-10,IA,3,89,34
2022-07-09,IA,3,89,34
2022-07-08,IA,2,89,35
2022-07-07,IA,1,90,35
2022-07-06,IA,2,102,22
2022-07-05,IA,2,83,35
2022-07-04,IA,2,86,32
2022-07-03,IA,2,90,33
2022-07-02,IA,3,89,33
2022-07-01,IA,3,88,34
2022-06-30,IA,3,88,34
2022-06-29,IA,4,88,33
2022-06-28,IA,2,83,36
2022-06-27,IA,3,84,34
2022-06-26,IA,2,92,31
2022-06-25,IA,2,92,31
2022-06-24,IA,2,88,35
2022-06-23,IA,1,90,34
2022-06-22,IA,2,89,34
2022-06-21,IA,1,84,35
2022-06-20,IA,2,86,33
2022-06-19,IA,2,92,32
2022-06-18,IA,3,90,33
2022-06-17,IA,3,88,35
2022-06-16,IA,4,88,34
2022-06-15,IA,4,89,33
2022-06-14,IA,2,87,33
2022-06-13,IA,1,86,34
2022-06-12,IA,2,92,32
2022-06-11,IA,2,93,31
2022-06-10,IA,2,90,34
2022-06-09,IA,3,88,35
2022-06-08,IA,2,94,30
2022-06-07,IA,3,84,34
2022-06-06,IA,2,85,34
2022-06-05,IA,2,93,31
2022-06-04,IA,2,91,33
2022-06-03,IA,3,88,35
2022-06-02,IA,1,90,35
2022-06-01,IA,3,92,31
2022-05-31,IA,2,85,34
2022-05-30,IA,2,87,33
2022-05-29,IA,1,92,33
2022-05-28,IA,3,90,33
2022-05-27,IA,3,89,34
2022-05-26,IA,3,89,34
2022-05-25,IA,3,90,33
2022-05-24,IA,2,85,35
2022-05-23,IA,2,85,35
2022-05-22,IA,2,90,34
2022-05-21,IA,2,90,34
2022-05-20,IA,3,88,35
2022-05-19,IA,3,88,35
2022-05-18,IA,2,91,33
2022-05-17,IA,3,84,34
2022-05-16,IA,1,84,36
2022-05-15,IA,3,90,33
2022-05-14,IA,4,90,32
2022-05-13,IA,4,87,35
2022-05-12,IA,2,90,34
2022-05-11,IA,3,88,35
2022-05-10,IA,2,86,34
2022-05-09,IA,3,84,35
2022-05-08,IA,1,92,33
2022-05-07,IA,2,91,33
2022-05-06,IA,3,88,35
2022-05-05,IA,2,88,35
2022-05-04,IA,2,88,35
2022-05-03,IA,2,85,34
2022-05-02,IA,2,85,34
2022-05-01,IA,2,90,33
2022-04-30,IA,2,90,33
2022-04-29,IA,2,87,36
2022-04-28,IA,3,87,35
2022-04-27,IA,2,88,35
2022-04-26,IA,2,84,35
2022-04-25,IA,3,84,34
2022-04-24,IA,2,91,32
2022-04-23,IA,2,90,33
2022-04-22,IA,2,88,35
2022-04-21,IA,2,88,35
2022-04-20,IA,2,88,35
2022-04-19,IA,3,83,35
2022-04-18,IA,3,83,35
2022-04-17,IA,2,89,34
2022-04-16,IA,2,89,34
2022-04-15,IA,2,89,34
2022-04-14,IA,2,88,35
2022-04-13,IA,3,88,34
2022-04-12,IA,3,84,34
2022-04-11,IA,3,84,35
2022-04-10,IA,2,91,33
2022-04-09,IA,3,90,33
2022-04-08,IA,4,87,35
2022-04-07,IA,3,87,36
2022-04-06,IA,4,89,33
2022-04-05,IA,3,90,29
2022-04-04,IA,3,86,33
2022-04-03,IA,3,90,33
2022-04-02,IA,2,92,32
2022-04-01,IA,2,91,33
2022-03-31,IA,4,88,34
2022-03-30,IA,3,89,34
2022-03-29,IA,3,84,35
2022-03-28,IA,3,83,36
2022-03-27,IA,3,90,33
2022-03-26,IA,3,89,34
2022-03-25,IA,3,87,36
2022-03-24,IA,4,87,35
2022-03-23,IA,4,93,29
2022-03-22,IA,3,85,34
2022-03-21,IA,4,88,30
2022-03-20,IA,4,91,31
2022-03-19,IA,3,92,31
2022-03-18,IA,4,89,33
2022-03-17,IA,3,88,35
2022-03-16,IA,3,89,34
2022-03-15,IA,3,84,35
2022-03-14,IA,3,85,34
2022-03-13,IA,3,89,34
2022-03-12,IA,3,90,33
2022-03-11,IA,5,88,33
2022-03-10,IA,5,88,33
2022-03-09,IA,5,87,34
2022-03-08,IA,5,85,32
2022-03-07,IA,5,83,34
2022-03-06,IA,5,89,32
2022-03-05,IA,5,89,32
2022-03-04,IA,4,88,34
2022-03-03,IA,5,87,34
2022-03-02,IA,4,91,31
2022-03-01,IA,4,87,31
2022-02-28,IA,5,83,33
2022-02-27,IA,3,90,32
2022-02-26,IA,2,89,34
2022-02-25,IA,3,88,34
2022-02-24,IA,5,84,36
2022-02-23,IA,5,92,28
2022-02-22,IA,4,94,24
2022-02-21,IA,4,114,4
2022-02-20,IA,5,116,5
2022-02-19,IA,4,117,5
2022-02-18,IA,8,79,39
2022-02-17,IA,5,73,48
2022-02-16,IA,6,73,47
2022-02-15,IA,6,23,93
2022-02-14,IA,7,21,94
2022-02-13,IA,6,19,101
2022-02-12,IA,6,20,100
2022-02-11,IA,6,18,102
2022-02-10,IA,7,22,97
2022-02-09,IA,9,39,78
2022-02-08,IA,8,17,97
2022-02-07,IA,7,17,98
2022-02-06,IA,6,18,102
2022-02-05,IA,6,20,100
2022-02-04,IA,8,22,96
2022-02-03,IA,7,17,102
2022-02-02,IA,9,29,88
2022-02-01,IA,7,19,96
2022-01-31,IA,9,18,95
2022-01-30,IA,8,15,103
2022-01-29,IA,7,19,100
2022-01-28,IA,9,19,98
2022-01-27,IA,9,21,96
2022-01-26,IA,11,39,76
2022-01-25,IA,10,19,93
2022-01-24,IA,9,22,91
2022-01-23,IA,6,19,101
2022-01-22,IA,6,20,100
2022-01-21,IA,6,21,99
2022-01-20,IA,12,21,93
2022-01-19,IA,19,36,71
2022-01-18,IA,11,20,91
2022-01-17,IA,10,18,94
2022-01-16,IA,10,18,98
2022-01-15,IA,9,17,100
2022-01-14,IA,9,21,96
2022-01-13,IA,9,21,96
2022-01-12,IA,14,41,71
2022-01-11,IA,11,21,90
2022-01-10,IA,11,19,92
2022-01-09,IA,8,18,100
2022-01-08,IA,8,18,100
2022-01-07,IA,13,20,93
2022-01-06,IA,10,23,93
2022-01-05,IA,16,43,67
2022-01-04,IA,10,22,90
2022-01-03,IA,10,23,89
2022-01-02,IA,8,17,101
2022-01-01,IA,6,21,99
2021-12-31,IA,7,18,101
2021-12-30,IA,11,20,95
2021-12-29,IA,12,39,75
2021-12-28,IA,9,21,92
2021-12-27,IA,8,23,91
2021-12-26,IA,7,21,98
2021-12-25,IA,8,19,99
2021-12-24,IA,8,23,95
2021-12-23,IA,11,23,92
2021-12-22,IA,15,40,71
2021-12-21,IA,10,20,92
2021-12-20,IA,11,20,91
2021-12-19,IA,9,19,98
2021-12-18,IA,10,18,98
2021-12-17,IA,9,24,93
2021-12-16,IA,9,24,93
2021-12-15,IA,15,41,70
2021-12-14,IA,8,22,92
2021-12-13,IA,7,22,93
2021-12-12,IA,6,18,102
2021-12-11,IA,8,22,96
2021-12-10,IA,8,24,94
2021-12-09,IA,7,20,99
2021-12-08,IA,13,42,71
2021-12-07,IA,8,22,92
2021-12-06,IA,9,21,92
2021-12-05,IA,8,19,99
2021-12-04,IA,9,20,97
2021-12-03,IA,10,21,95
2021-12-02,IA,11,20,95
2021-12-01,IA,14,45,67
2021-11-30,IA,7,22,93
2021-11-29,IA,10,19,94
2021-11-28,IA,7,19,100
2021-11-27,IA,4,19,103
2021-11-26,IA,8,21,97
2021-11-25,IA,6,20,100
2021-11-24,IA,9,41,76
2021-11-23,IA,8,20,94
2021-11-22,IA,9,22,91
2021-11-21,IA,7,20,99
2021-11-20,IA,9,20,97
2021-11-19,IA,10,21,95
2021-11-18,IA,9,24,93
2021-11-17,IA,10,47,69
2021-11-16,IA,10,19,93
2021-11-15,IA,9,18,95
2021-11-14,IA,8,23,95
2021-11-13,IA,9,22,95
2021-11-12,IA,8,21,97
2021-11-11,IA,10,20,96
2021-11-10,IA,12,45,69
2021-11-09,IA,8,25,89
2021-11-08,IA,9,23,90
2021-11-07,IA,9,19,98
2021-11-06,IA,10,19,97
2021-11-05,IA,10,23,93
2021-11-04,IA,9,28,89
2021-11-03,IA,14,43,69
2021-11-02,IA,10,22,90
2021-11-01,IA,10,24,88
2021-10-31,IA,9,24,93
2021-10-30,IA,10,25,91
2021-10-29,IA,10,25,91
2021-10-28,IA,10,24,92
2021-10-27,IA,12,47,67
2021-10-26,IA,10,22,90
2021-10-25,IA,8,22,92
2021-10-24,IA,11,19,96
2021-10-23,IA,10,22,94
2021-10-22,IA,10,23,93
2021-10-21,IA,9,26,91
2021-10-20,IA,9,50,67
2021-10-19,IA,9,19,94
2021-10-18,IA,10,20,92
2021-10-17,IA,10,20,96
2021-10-16,IA,10,21,95
2021-10-15,IA,10,23,93
2021-10-14,IA,10,23,93
2021-10-13,IA,9,47,70
2021-10-12,IA,10,23,89
2021-10-11,IA,8,22,92
2021-10-10,IA,11,22,93
2021-10-09,IA,9,25,92
2021-10-08,IA,9,22,95
2021-10-07,IA,10,24,92
2021-10-06,IA,12,52,62
2021-10-05,IA,11,22,90
2021-10-04,IA,9,20,93
2021-10-03,IA,8,23,95
2021-10-02,IA,8,24,94
2021-10-01,IA,7,22,97
2021-09-30,IA,7,24,95
2021-09-29,IA,8,54,64
2021-09-28,IA,6,26,90
2021-09-27,IA,6,24,92
2021-09-26,IA,5,26,95
2021-09-25,IA,6,20,100
2021-09-24,IA,7,21,98
2021-09-23,IA,7,26,93
2021-09-22,IA,7,57,62
2021-09-21,IA,6,25,91
2021-09-20,IA,5,23,94
2021-09-19,IA,4,23,99
2021-09-18,IA,5,25,96
2021-09-17,IA,6,27,93
2021-09-16,IA,5,27,94
2021-09-15,IA,7,48,71
2021-09-14,IA,5,25,92
2021-09-13,IA,4,24,94
2021-09-12,IA,5,24,97
2021-09-11,IA,5,24,97
2021-09-10,IA,5,27,94
2021-09-09,IA,4,26,96
2021-09-08,IA,6,55,65
2021-09-07,IA,4,23,95
2021-09-06,IA,3,24,95
2021-09-05,IA,3,24,99
2021-09-04,IA,3,26,97
2021-09-03,IA,3,28,95
2021-09-02,IA,4,31,91
2021-09-01,IA,5,57,64
2021-08-31,IA,3,25,94
2021-08-30,IA,3,27,92
2021-08-29,IA,0,25,101
2021-08-28,IA,4,27,95
2021-08-27,IA,3,30,93
2021-08-26,IA,3,29,94
2021-08-25,IA,3,56,67
2021-08-24,IA,2,27,93
2021-08-23,IA,3,28,91
2021-08-22,IA,2,31,93
2021-08-21,IA,2,29,95
2021-08-20,IA,4,29,93
2021-08-19,IA,4,26,96
2021-08-18,IA,4,58,64
2021-08-17,IA,3,25,94
2021-08-16,IA,3,24,95
2021-08-15,IA,2,23,101
2021-08-14,IA,3,25,98
2021-08-13,IA,3,23,100
2021-08-12,IA,2,25,99
2021-08-11,IA,2,53,71
2021-08-10,IA,2,24,96
2021-08-09,IA,1,20,101
2021-08-08,IA,1,17,107
2021-08-07,IA,2,23,100
2021-08-06,IA,2,24,99
2021-08-05,IA,1,26,98
2021-08-04,IA,2,57,66
2021-08-03,IA,3,23,96
2021-08-02,IA,3,24,95
2021-08-01,IA,1,30,94
2021-07-31,IA,1,26,98
2021-07-30,IA,2,29,94
2021-07-29,IA,2,26,97
2021-07-28,IA,1,56,68
2021-07-27,IA,1,25,96
2021-07-26,IA,1,24,97
2021-07-25,IA,1,27,97
2021-07-24,IA,2,26,97
2021-07-23,IA,2,30,93
2021-07-22,IA,1,23,101
2021-07-21,IA,1,50,74
2021-07-20,IA,1,28,92
2021-07-19,IA,1,25,95
2021-07-18,IA,1,22,102
2021-07-17,IA,1,24,100
2021-07-16,IA,2,26,97
2021-07-15,IA,3,29,93
2021-07-14,IA,3,57,65
2021-07-13,IA,2,23,96
2021-07-12,IA,4,22,95
2021-07-11,IA,0,25,100
2021-07-10,IA,1,26,98
2021-07-09,IA,1,25,99
2021-07-08,IA,0,30,95
2021-07-07,IA,0,57,68
2021-07-06,IA,1,29,91
2021-07-05,IA,1,22,98
2021-07-04,IA,0,29,97
2021-07-03,IA,2,27,97
2021-07-02,IA,2,27,97
2021-07-01,IA,1,29,96
2021-06-30,IA,0,59,67
2021-06-29,IA,2,27,93
2021-06-28,IA,2,23,97
2021-06-27,IA,0,21,105
2021-06-26,IA,0,22,104
2021-06-25,IA,2,24,100
2021-06-24,IA,2,24,100
2021-06-23,IA,1,53,72
2021-06-22,IA,0,29,93
2021-06-21,IA,1,26,95
2021-06-20,IA,0,26,100
2021-06-19,IA,0,24,102
2021-06-18,IA,1,32,93
2021-06-17,IA,1,30,95
2021-06-16,IA,1,55,70
2021-06-15,IA,1,28,93
2021-06-14,IA,1,29,92
2021-06-13,IA,2,25,99
2021-06-12,IA,3,27,96
2021-06-11,IA,2,34,90
2021-06-10,IA,1,33,92
2021-06-09,IA,0,58,68
2021-06-08,IA,1,30,91
2021-06-07,IA,1,28,93
2021-06-06,IA,0,28,98
2021-06-05,IA,0,30,96
2021-06-04,IA,0,31,95
2021-06-03,IA,0,39,87
2021-06-02,IA,1,64,61
2021-06-01,IA,0,36,86
2021-05-31,IA,1,29,92
2021-05-30,IA,0,32,94
2021-05-29,IA,0,36,90
2021-05-28,IA,1,36,89
2021-05-27,IA,1,37,88
2021-05-26,IA,0,62,64
2021-05-25,IA,0,34,88
2021-05-24,IA,1,33,88
2021-05-23,IA,1,31,94
2021-05-22,IA,1,31,94
2021-05-21,IA,0,34,92
2021-05-20,IA,0,36,90
2021-05-19,IA,1,65,60
2021-05-18,IA,2,31,89
2021-05-17,IA,0,35,87
2021-05-16,IA,0,36,90
2021-05-15,IA,0,38,88
2021-05-14,IA,0,41,85
2021-05-13,IA,1,36,89
2021-05-12,IA,1,62,63
2021-05-11,IA,0,35,87
2021-05-10,IA,0,39,83
2021-05-09,IA,1,36,89
2021-05-08,IA,1,35,90
2021-05-07,IA,0,39,87
2021-05-06,IA,0,38,88
2021-05-05,IA,1,63,62
2021-05-04,IA,0,37,85
2021-05-03,IA,1,37,84
2021-05-02,IA,1,38,87
2021-05-01,IA,2,41,83
2021-04-30,IA,1,38,87
2021-04-29,IA,0,41,85
2021-04-28,IA,1,62,63
2021-04-27,IA,1,39,82
2021-04-26,IA,0,40,82
2021-04-25,IA,0,37,89
2021-04-24,IA,0,44,82
2021-04-23,IA,0,47,79
2021-04-22,IA,1,42,83
2021-04-21,IA,1,66,59
2021-04-20,IA,1,40,81
2021-04-19,IA,1,37,84
2021-04-18,IA,1,40,85
2021-04-17,IA,1,39,86
2021-04-16,IA,0,43,83
2021-04-15,IA,1,44,81
2021-04-14,IA,0,65,61
2021-04-13,IA,1,41,80
2021-04-12,IA,1,42,79
2021-04-11,IA,2,39,85
2021-04-10,IA,2,42,82
2021-04-09,IA,2,42,82
2021-04-08,IA,1,41,84
2021-04-07,IA,2,70,54
2021-04-06,IA,2,44,77
2021-04-05,IA,1,46,76
2021-04-04,IA,2,39,85
2021-04-03,IA,2,49,75
2021-04-02,IA,3,52,71
2021-04-01,IA,2,41,83
2021-03-31,IA,2,69,55
2021-03-30,IA,1,40,81
2021-03-29,IA,1,41,80
2021-03-28,IA,1,42,83
2021-03-27,IA,1,38,87
2021-03-26,IA,1,44,81
2021-03-25,IA,1,45,80
2021-03-24,IA,2,69,55
2021-03-23,IA,1,42,79
2021-03-22,IA,1,41,80
2021-03-21,IA,1,41,84
2021-03-20,IA,1,42,83
2021-03-19,IA,1,45,80
2021-03-18,IA,2,43,81
2021-03-17,IA,1,68,57
2021-03-16,IA,1,40,81
2021-03-15,IA,1,44,77
2021-03-14,IA,1,41,84
2021-03-13,IA,1,41,84
2021-03-12,IA,1,43,82
2021-03-11,IA,3,44,79
2021-03-10,IA,2,70,54
2021-03-09,IA,2,47,73
2021-03-08,IA,2,45,75
2021-03-07,IA,3,47,76
2021-03-06,IA,3,46,77
2021-03-05,IA,3,49,74
2021-03-04,IA,3,49,74
2021-03-03,IA,3,74,49
2021-03-02,IA,2,43,77
2021-03-01,IA,2,45,75
2021-02-28,IA,2,44,80
2021-02-27,IA,2,45,79
2021-02-26,IA,2,49,75
2021-02-25,IA,2,47,77
2021-02-24,IA,2,75,49
2021-02-23,IA,2,39,81
2021-02-22,IA,2,41,79
2021-02-21,IA,3,58,65
2021-02-20,IA,4,47,75
2021-02-19,IA,3,47,76
2021-02-18,IA,3,46,77
2021-02-17,IA,5,72,49
2021-02-16,IA,2,41,79
2021-02-15,IA,2,57,63
2021-02-14,IA,3,49,74
2021-02-13,IA,2,47,77
2021-02-12,IA,2,59,65
2021-02-11,IA,3,57,66
2021-02-10,IA,3,77,46
2021-02-09,IA,2,44,76
2021-02-08,IA,3,55,64
2021-02-07,IA,4,54,68
2021-02-06,IA,4,56,66
2021-02-05,IA,5,60,61
2021-02-04,IA,4,60,62
2021-02-03,IA,5,73,48
2021-02-02,IA,2,57,63
2021-02-01,IA,2,60,60
2021-01-31,IA,3,46,77
2021-01-30,IA,3,60,63
2021-01-29,IA,4,56,66
2021-01-28,IA,4,61,61
2021-01-27,IA,3,75,48
2021-01-26,IA,3,56,63
2021-01-25,IA,3,57,62
2021-01-24,IA,4,60,62
2021-01-23,IA,5,46,75
2021-01-22,IA,4,64,58
2021-01-21,IA,5,63,58
2021-01-20,IA,5,72,49
2021-01-19,IA,4,57,61
2021-01-18,IA,7,62,53
2021-01-17,IA,5,50,71
2021-01-16,IA,5,63,58
2021-01-15,IA,6,52,68
2021-01-14,IA,11,59,56
2021-01-13,IA,7,74,45
2021-01-12,IA,5,61,56
2021-01-11,IA,5,61,56
2021-01-10,IA,5,61,60
2021-01-09,IA,6,57,63
2021-01-08,IA,4,66,56
2021-01-07,IA,7,67,52
2021-01-06,IA,6,77,43
2021-01-05,IA,6,59,57
2021-01-04,IA,5,63,54
2021-01-03,IA,6,62,58
2021-01-02,IA,4,62,60
2021-01-01,IA,5,63,58
2020-12-31,IA,5,68,53
2020-12-30,IA,5,82,39
2020-12-29,IA,5,68,49
2020-12-28,IA,7,67,48
2020-12-27,IA,7,69,50
2020-12-26,IA,7,67,52
2020-12-25,IA,5,69,52
2020-12-24,IA,5,72,49
2020-12-23,IA,6,84,36
2020-12-22,IA,6,66,51
2020-12-21,IA,5,65,52
2020-12-20,IA,5,70,51
2020-12-19,IA,5,73,48
2020-12-18,IA,6,71,49
2020-12-17,IA,5,70,51
2020-12-16,IA,6,90,30
2020-12-15,IA,6,70,46
2020-12-14,IA,6,70,46
2020-12-13,IA,5,75,46
2020-12-12,IA,4,79,43
2020-12-11,IA,6,78,42
2020-12-10,IA,6,73,47
2020-12-09,IA,4,89,33
2020-12-08,IA,6,73,43
2020-12-07,IA,7,72,43
2020-12-06,IA,8,74,44
2020-12-05,IA,8,75,43
2020-12-04,IA,7,71,48
2020-12-03,IA,6,80,40
2020-12-02,IA,7,88,31
2020-12-01,IA,10,70,42
2020-11-30,IA,10,70,42
2020-11-29,IA,11,73,42
2020-11-28,IA,10,72,44
2020-11-27,IA,10,71,45
2020-11-26,IA,12,70,44
2020-11-25,IA,14,90,22
2020-11-24,IA,14,69,39
2020-11-23,IA,10,77,35
2020-11-22,IA,11,75,40
2020-11-21,IA,11,80,35
2020-11-20,IA,10,79,37
2020-11-19,IA,10,79,37
2020-11-18,IA,13,88,25
2020-11-17,IA,11,71,40
2020-11-16,IA,16,76,30
2020-11-15,IA,13,81,32
2020-11-14,IA,13,82,31
2020-11-13,IA,13,82,31
2020-11-12,IA,11,83,32
2020-11-11,IA,14,90,22
2020-11-10,IA,12,80,31
2020-11-09,IA,11,80,32
2020-11-08,IA,11,89,25
2020-11-07,IA,10,94,21
2020-11-06,IA,10,90,25
2020-11-05,IA,10,100,15
2020-11-04,IA,11,112,2
2020-11-03,IA,9,111,2
2020-11-02,IA,11,109,2
2020-11-01,IA,11,112,2
2020-10-31,IA,13,110,2
2020-10-30,IA,11,112,2
2020-10-29,IA,11,112,2
2020-10-28,IA,8,115,2
2020-10-27,IA,10,110,2
2020-10-26,IA,8,112,2
2020-10-25,IA,9,114,2
2020-10-24,IA,9,114,2
2020-10-23,IA,8,115,2
2020-10-22,IA,6,117,2
2020-10-21,IA,6,117,2
2020-10-20,IA,7,114,2
2020-10-19,IA,7,114,2
2020-10-18,IA,9,112,2
2020-10-17,IA,7,114,2
2020-10-16,IA,8,113,2
2020-10-15,IA,8,113,2
2020-10-14,IA,8,113,2
2020-10-13,IA,9,112,2
2020-10-12,IA,7,114,2
2020-10-11,IA,9,112,2
2020-10-10,IA,7,114,2
2020-10-09,IA,8,113,2
2020-10-08,IA,8,113,2
2020-10-07,IA,6,115,2
2020-10-06,IA,5,116,2
2020-10-05,IA,5,116,2
2020-10-04,IA,6,115,2
2020-10-03,IA,6,115,2
2020-10-02,IA,6,115,2
2020-10-01,IA,5,116,2
2020-09-30,IA,7,114,2
2020-09-29,IA,6,115,2
2020-09-28,IA,6,115,2
2020-09-27,IA,6,115,2
2020-09-26,IA,7,114,2
2020-09-25,IA,6,115,2
2020-09-24,IA,8,113,2
2020-09-23,IA,8,113,2
2020-09-22,IA,8,113,2
2020-09-21,IA,6,115,2
2020-09-20,IA,6,115,2
2020-09-19,IA,6,115,2
2020-09-18,IA,6,115,2
2020-09-17,IA,6,115,2
2020-09-16,IA,6,115,2
2020-09-15,IA,6,115,2
2020-09-14,IA,6,115,2
2020-09-13,IA,6,115,2
2020-09-12,IA,6,115,2
2020-09-11,IA,5,116,2
2020-09-10,IA,6,115,2
2020-09-09,IA,5,116,2
2020-09-08,IA,6,115,2
2020-09-07,IA,5,116,2
2020-09-06,IA,6,115,2
2020-09-05,IA,5,116,2
2020-09-04,IA,5,116,2
2020-09-03,IA,7,114,2
2020-09-02,IA,7,114,2
2020-09-01,IA,9,112,2
2020-08-31,IA,9,112,2
2020-08-30,IA,8,113,2
2020-08-29,IA,7,114,2
2020-08-28,IA,7,114,2
2020-08-27,IA,7,114,2
2020-08-26,IA,6,115,2
2020-08-25,IA,7,114,2
2020-08-24,IA,7,114,2
2020-08-23,IA,7,114,2
2020-08-22,IA,8,113,2
2020-08-21,IA,7,114,2
2020-08-20,IA,8,113,2
2020-08-19,IA,6,115,2
2020-08-18,IA,5,116,2
2020-08-17,IA,6,115,0
2020-08-16,IA,5,116,0
2020-08-15,IA,7,114,0
2020-08-14,IA,7,114,0
2020-08-13,IA,5,116,0
2020-08-12,IA,6,115,0
2020-08-11,IA,4,116,1
2020-08-10,IA,5,118,0
2020-08-09,IA,4,119,0
2020-08-08,IA,5,118,0
2020-08-07,IA,6,117,0
2020-08-06,IA,7,116,0
2020-08-05,IA,6,117,0
2020-08-04,IA,5,118,0
2020-08-03,IA,4,119,0
2020-08-02,IA,3,120,0
2020-08-01,IA,3,119,0
2023-04-10,ID,2,37,4
2023-04-09,ID,2,37,4
2023-04-08,ID,2,38,4
2023-04-07,ID,2,38,4
2023-04-06,ID,2,38,5
2023-04-05,ID,2,38,5
2023-04-04,ID,2,37,6
2023-04-03,ID,2,37,6
2023-04-02,ID,2,38,6
2023-04-01,ID,1,38,6
2023-03-31,ID,3,39,5
2023-03-30,ID,3,39,5
2023-03-29,ID,3,39,5
2023-03-28,ID,4,37,5
2023-03-27,ID,3,37,6
2023-03-26,ID,3,37,7
2023-03-25,ID,2,38,7
2023-03-24,ID,2,39,6
2023-03-23,ID,2,39,6
2023-03-22,ID,2,39,6
2023-03-21,ID,2,38,6
2023-03-20,ID,2,39,5
2023-03-19,ID,2,40,6
2023-03-18,ID,3,39,6
2023-03-17,ID,2,41,5
2023-03-16,ID,2,40,6
2023-03-15,ID,2,41,5
2023-03-14,ID,2,39,5
2023-03-13,ID,2,39,5
2023-03-12,ID,2,40,6
2023-03-11,ID,3,39,6
2023-03-10,ID,2,40,6
2023-03-09,ID,2,41,5
2023-03-08,ID,2,40,6
2023-03-07,ID,2,38,6
2023-03-06,ID,2,39,5
2023-03-05,ID,3,40,6
2023-03-04,ID,3,40,6
2023-03-03,ID,3,40,6
2023-03-02,ID,3,41,5
2023-03-01,ID,3,41,5
2023-02-28,ID,3,38,5
2023-02-27,ID,2,38,6
2023-02-26,ID,3,40,6
2023-02-25,ID,3,40,6
2023-02-24,ID,2,41,6
2023-02-23,ID,2,41,6
2023-02-22,ID,2,42,5
2023-02-21,ID,2,38,6
2023-02-20,ID,2,38,6
2023-02-19,ID,3,39,7
2023-02-18,ID,3,39,7
2023-02-17,ID,3,40,6
2023-02-16,ID,3,41,5
2023-02-15,ID,3,41,5
2023-02-14,ID,1,39,6
2023-02-13,ID,1,38,7
2023-02-12,ID,3,40,6
2023-02-11,ID,3,40,6
2023-02-10,ID,3,40,6
2023-02-09,ID,3,41,5
2023-02-08,ID,3,40,6
2023-02-07,ID,3,37,6
2023-02-06,ID,3,38,5
2023-02-05,ID,4,38,7
2023-02-04,ID,4,38,7
2023-02-03,ID,4,39,6
2023-02-02,ID,4,39,6
2023-02-01,ID,4,40,5
2023-01-31,ID,3,37,6
2023-01-30,ID,4,37,5
2023-01-29,ID,2,41,6
2023-01-28,ID,3,40,6
2023-01-27,ID,2,42,5
2023-01-26,ID,2,42,5
2023-01-25,ID,2,42,5
2023-01-24,ID,2,37,7
2023-01-23,ID,2,38,6
2023-01-22,ID,3,40,6
2023-01-21,ID,2,41,6
2023-01-20,ID,2,41,6
2023-01-19,ID,2,41,6
2023-01-18,ID,2,41,6
2023-01-17,ID,3,37,6
2023-01-16,ID,2,40,5
2023-01-15,ID,2,41,6
2023-01-14,ID,1,41,7
2023-01-13,ID,2,42,5
2023-01-12,ID,2,41,6
2023-01-11,ID,2,41,5
2023-01-10,ID,1,39,6
2023-01-09,ID,1,40,6
2023-01-08,ID,0,42,7
2023-01-07,ID,1,42,6
2023-01-06,ID,2,42,5
2023-01-05,ID,3,40,6
2023-01-04,ID,2,41,5
2023-01-03,ID,2,39,5
2023-01-02,ID,2,39,6
2023-01-01,ID,3,40,6
2022-12-31,ID,3,41,5
2022-12-30,ID,3,41,5
2022-12-29,ID,3,39,7
2022-12-28,ID,1,42,5
2022-12-27,ID,2,39,5
2022-12-26,ID,1,41,5
2022-12-25,ID,1,43,5
2022-12-24,ID,1,43,5
2022-12-23,ID,1,43,5
2022-12-22,ID,2,41,6
2022-12-21,ID,2,40,6
2022-12-20,ID,2,39,6
2022-12-19,ID,2,41,5
2022-12-18,ID,1,42,5
2022-12-17,ID,1,41,6
2022-12-16,ID,2,40,6
2022-12-15,ID,2,39,7
2022-12-14,ID,2,40,5
2022-12-13,ID,2,37,7
2022-12-12,ID,2,39,5
2022-12-11,ID,3,37,7
2022-12-10,ID,3,37,7
2022-12-09,ID,4,38,5
2022-12-08,ID,3,39,5
2022-12-07,ID,3,39,5
2022-12-06,ID,2,39,5
2022-12-05,ID,2,39,5
2022-12-04,ID,2,41,5
2022-12-03,ID,2,41,5
2022-12-02,ID,3,40,5
2022-12-01,ID,3,40,5
2022-11-30,ID,3,40,5
2022-11-29,ID,3,38,5
2022-11-28,ID,2,39,5
2022-11-27,ID,3,38,5
2022-11-26,ID,2,39,5
2022-11-25,ID,2,39,5
2022-11-24,ID,2,39,5
2022-11-23,ID,3,38,5
2022-11-22,ID,3,38,5
2022-11-21,ID,3,38,5
2022-11-20,ID,2,40,5
2022-11-19,ID,2,40,5
2022-11-18,ID,3,40,5
2022-11-17,ID,3,40,5
2022-11-16,ID,3,40,5
2022-11-15,ID,3,39,5
2022-11-14,ID,3,39,5
2022-11-13,ID,1,40,6
2022-11-12,ID,1,41,5
2022-11-11,ID,2,40,5
2022-11-10,ID,3,39,5
2022-11-09,ID,3,39,5
2022-11-08,ID,3,38,5
2022-11-07,ID,3,39,5
2022-11-06,ID,2,41,5
2022-11-05,ID,2,41,5
2022-11-04,ID,3,40,5
2022-11-03,ID,3,40,5
2022-11-02,ID,3,39,5
2022-11-01,ID,3,38,5
2022-10-31,ID,3,38,5
2022-10-30,ID,2,40,5
2022-10-29,ID,3,40,5
2022-10-28,ID,3,40,5
2022-10-27,ID,3,40,5
2022-10-26,ID,3,40,5
2022-10-25,ID,2,40,5
2022-10-24,ID,3,38,5
2022-10-23,ID,3,39,5
2022-10-22,ID,3,40,5
2022-10-21,ID,3,40,5
2022-10-20,ID,3,40,5
2022-10-19,ID,3,40,5
2022-10-18,ID,3,39,5
2022-10-17,ID,3,38,5
2022-10-16,ID,1,41,5
2022-10-15,ID,3,39,5
2022-10-14,ID,3,39,5
2022-10-13,ID,3,39,5
2022-10-12,ID,3,39,5
2022-10-11,ID,3,38,5
2022-10-10,ID,3,38,5
2022-10-09,ID,2,40,5
2022-10-08,ID,3,39,6
2022-10-07,ID,3,39,6
2022-10-06,ID,3,39,6
2022-10-05,ID,3,40,5
2022-10-04,ID,4,38,5
2022-10-03,ID,4,37,5
2022-10-02,ID,4,37,6
2022-10-01,ID,4,38,5
2022-09-30,ID,4,39,4
2022-09-29,ID,4,39,4
2022-09-28,ID,4,39,4
2022-09-27,ID,3,38,5
2022-09-26,ID,3,39,5
2022-09-25,ID,3,38,7
2022-09-24,ID,3,39,6
2022-09-23,ID,4,38,6
2022-09-22,ID,4,37,7
2022-09-21,ID,4,39,5
2022-09-20,ID,4,38,5
2022-09-19,ID,4,39,5
2022-09-18,ID,4,37,6
2022-09-17,ID,5,37,6
2022-09-16,ID,5,37,6
2022-09-15,ID,5,37,6
2022-09-14,ID,5,38,5
2022-09-13,ID,5,37,5
2022-09-12,ID,4,37,5
2022-09-11,ID,4,38,5
2022-09-10,ID,4,38,5
2022-09-09,ID,4,38,6
2022-09-08,ID,4,39,5
2022-09-07,ID,4,39,5
2022-09-06,ID,4,38,5
2022-09-05,ID,1,41,5
2022-09-04,ID,3,40,5
2022-09-03,ID,3,40,5
2022-09-02,ID,3,39,6
2022-09-01,ID,3,40,5
2022-08-31,ID,3,40,5
2022-08-30,ID,3,39,5
2022-08-29,ID,3,40,5
2022-08-28,ID,2,41,5
2022-08-27,ID,3,40,5
2022-08-26,ID,3,40,5
2022-08-25,ID,3,40,5
2022-08-24,ID,3,40,5
2022-08-23,ID,3,40,5
2022-08-22,ID,2,41,5
2022-08-21,ID,4,44,5
2022-08-20,ID,4,44,5
2022-08-19,ID,3,45,5
2022-08-18,ID,4,44,5
2022-08-17,ID,3,45,5
2022-08-16,ID,3,40,5
2022-08-15,ID,3,40,5
2022-08-14,ID,4,43,5
2022-08-13,ID,4,43,5
2022-08-12,ID,4,43,5
2022-08-11,ID,4,43,5
2022-08-10,ID,4,43,5
2022-08-09,ID,3,40,5
2022-08-08,ID,3,41,5
2022-08-07,ID,4,42,6
2022-08-06,ID,4,42,6
2022-08-05,ID,4,43,6
2022-08-04,ID,4,43,6
2022-08-03,ID,4,42,6
2022-08-02,ID,3,40,6
2022-08-01,ID,3,40,6
2022-07-31,ID,4,43,6
2022-07-30,ID,4,41,8
2022-07-29,ID,4,43,6
2022-07-28,ID,4,43,6
2022-07-27,ID,3,44,6
2022-07-26,ID,3,39,6
2022-07-25,ID,3,38,7
2022-07-24,ID,4,43,6
2022-07-23,ID,4,43,6
2022-07-22,ID,4,42,7
2022-07-21,ID,4,43,6
2022-07-20,ID,4,43,6
2022-07-19,ID,3,39,6
2022-07-18,ID,3,39,6
2022-07-17,ID,3,44,6
2022-07-16,ID,4,43,6
2022-07-15,ID,4,45,4
2022-07-14,ID,4,43,6
2022-07-13,ID,4,43,6
2022-07-12,ID,3,38,7
2022-07-11,ID,3,39,7
2022-07-10,ID,4,43,6
2022-07-09,ID,4,43,6
2022-07-08,ID,4,43,6
2022-07-07,ID,3,44,6
2022-07-06,ID,4,43,6
2022-07-05,ID,3,39,6
2022-07-04,ID,2,40,6
2022-07-03,ID,2,45,6
2022-07-02,ID,3,42,8
2022-07-01,ID,3,43,7
2022-06-30,ID,4,42,7
2022-06-29,ID,3,43,7
2022-06-28,ID,3,38,7
2022-06-27,ID,3,37,8
2022-06-26,ID,4,41,8
2022-06-25,ID,4,40,9
2022-06-24,ID,4,42,7
2022-06-23,ID,4,43,6
2022-06-22,ID,3,44,6
2022-06-21,ID,3,39,6
2022-06-20,ID,2,40,6
2022-06-19,ID,3,42,7
2022-06-18,ID,3,42,7
2022-06-17,ID,4,41,7
2022-06-16,ID,4,42,6
2022-06-15,ID,4,42,6
2022-06-14,ID,3,39,6
2022-06-13,ID,4,38,6
2022-06-12,ID,4,42,6
2022-06-11,ID,4,41,7
2022-06-10,ID,4,41,7
2022-06-09,ID,3,42,7
2022-06-08,ID,4,42,6
2022-06-07,ID,3,39,6
2022-06-06,ID,2,39,7
2022-06-05,ID,4,40,8
2022-06-04,ID,4,40,8
2022-06-03,ID,3,41,8
2022-06-02,ID,4,41,7
2022-06-01,ID,4,42,6
2022-05-31,ID,3,39,6
2022-05-30,ID,2,39,7
2022-05-29,ID,4,41,7
2022-05-28,ID,4,41,7
2022-05-27,ID,3,42,7
2022-05-26,ID,3,43,6
2022-05-25,ID,4,42,6
2022-05-24,ID,3,39,6
2022-05-23,ID,3,38,7
2022-05-22,ID,3,43,7
2022-05-21,ID,4,42,7
2022-05-20,ID,4,43,6
2022-05-19,ID,4,43,6
2022-05-18,ID,4,43,6
2022-05-17,ID,3,40,6
2022-05-16,ID,3,39,6
2022-05-15,ID,4,43,6
2022-05-14,ID,4,43,6
2022-05-13,ID,4,43,6
2022-05-12,ID,4,43,6
2022-05-11,ID,4,43,6
2022-05-10,ID,3,39,6
2022-05-09,ID,3,40,6
2022-05-08,ID,4,43,6
2022-05-07,ID,4,43,6
2022-05-06,ID,4,43,6
2022-05-05,ID,4,43,6
2022-05-04,ID,3,44,6
2022-05-03,ID,3,39,6
2022-05-02,ID,3,39,6
2022-05-01,ID,4,43,6
2022-04-30,ID,4,43,6
2022-04-29,ID,3,44,6
2022-04-28,ID,4,43,6
2022-04-27,ID,4,43,6
2022-04-26,ID,3,39,6
2022-04-25,ID,3,39,6
2022-04-24,ID,4,42,6
2022-04-23,ID,3,43,6
2022-04-22,ID,3,43,6
2022-04-21,ID,4,42,6
2022-04-20,ID,3,43,6
2022-04-19,ID,3,39,6
2022-04-18,ID,3,39,6
2022-04-17,ID,4,43,6
2022-04-16,ID,4,43,6
2022-04-15,ID,4,43,6
2022-04-14,ID,4,43,6
2022-04-13,ID,4,43,6
2022-04-12,ID,3,39,6
2022-04-11,ID,2,40,6
2022-04-10,ID,4,42,6
2022-04-09,ID,4,42,6
2022-04-08,ID,4,42,6
2022-04-07,ID,4,42,6
2022-04-06,ID,4,42,6
2022-04-05,ID,3,39,6
2022-04-04,ID,3,39,6
2022-04-03,ID,4,42,6
2022-04-02,ID,5,41,6
2022-04-01,ID,5,42,5
2022-03-31,ID,5,41,6
2022-03-30,ID,5,41,6
2022-03-29,ID,4,38,6
2022-03-28,ID,4,38,6
2022-03-27,ID,5,41,6
2022-03-26,ID,5,41,6
2022-03-25,ID,5,41,6
2022-03-24,ID,5,41,6
2022-03-23,ID,5,41,6
2022-03-22,ID,4,40,6
2022-03-21,ID,4,39,6
2022-03-20,ID,5,42,6
2022-03-19,ID,5,42,6
2022-03-18,ID,5,42,6
2022-03-17,ID,5,41,6
2022-03-16,ID,4,44,4
2022-03-15,ID,4,40,4
2022-03-14,ID,3,41,4
2022-03-13,ID,3,46,4
2022-03-12,ID,5,44,4
2022-03-11,ID,4,45,4
2022-03-10,ID,5,44,4
2022-03-09,ID,4,45,4
2022-03-08,ID,4,40,4
2022-03-07,ID,3,41,4
2022-03-06,ID,3,45,4
2022-03-05,ID,4,44,4
2022-03-04,ID,4,44,4
2022-03-03,ID,4,44,4
2022-03-02,ID,6,42,4
2022-03-01,ID,3,41,4
2022-02-28,ID,4,40,4
2022-02-27,ID,6,43,4
2022-02-26,ID,6,43,4
2022-02-25,ID,7,42,4
2022-02-24,ID,6,43,4
2022-02-23,ID,7,42,4
2022-02-22,ID,6,38,4
2022-02-21,ID,5,38,4
2022-02-20,ID,5,43,4
2022-02-19,ID,5,43,4
2022-02-18,ID,7,41,4
2022-02-17,ID,6,42,4
2022-02-16,ID,6,42,4
2022-02-15,ID,6,38,4
2022-02-14,ID,6,38,4
2022-02-13,ID,6,43,4
2022-02-12,ID,5,44,4
2022-02-11,ID,7,42,4
2022-02-10,ID,7,42,4
2022-02-09,ID,7,42,4
2022-02-08,ID,6,38,4
2022-02-07,ID,5,40,4
2022-02-06,ID,5,44,4
2022-02-05,ID,6,43,4
2022-02-04,ID,6,43,4
2022-02-03,ID,7,42,4
2022-02-02,ID,7,41,4
2022-02-01,ID,6,40,3
2022-01-31,ID,6,39,3
2022-01-30,ID,6,44,3
2022-01-29,ID,5,45,3
2022-01-28,ID,6,44,3
2022-01-27,ID,6,44,3
2022-01-26,ID,6,44,3
2022-01-25,ID,6,40,3
2022-01-24,ID,5,41,3
2022-01-23,ID,7,43,3
2022-01-22,ID,7,43,3
2022-01-21,ID,7,43,3
2022-01-20,ID,7,43,3
2022-01-19,ID,6,44,3
2022-01-18,ID,4,42,3
2022-01-17,ID,5,41,3
2022-01-16,ID,6,43,3
2022-01-15,ID,6,43,3
2022-01-14,ID,6,43,3
2022-01-13,ID,6,43,3
2022-01-12,ID,6,43,3
2022-01-11,ID,4,41,3
2022-01-10,ID,4,41,3
2022-01-09,ID,4,45,3
2022-01-08,ID,5,44,3
2022-01-07,ID,6,43,3
2022-01-06,ID,5,44,3
2022-01-05,ID,5,44,3
2022-01-04,ID,3,42,3
2022-01-03,ID,3,42,3
2022-01-02,ID,4,46,3
2022-01-01,ID,4,46,3
2021-12-31,ID,4,46,3
2021-12-30,ID,4,46,3
2021-12-29,ID,4,46,3
2021-12-28,ID,3,43,3
2021-12-27,ID,3,43,3
2021-12-26,ID,4,45,3
2021-12-25,ID,4,45,3
2021-12-24,ID,4,45,3
2021-12-23,ID,4,45,3
2021-12-22,ID,4,45,3
2021-12-21,ID,3,42,3
2021-12-20,ID,3,42,3
2021-12-19,ID,3,47,3
2021-12-18,ID,3,47,3
2021-12-17,ID,4,46,3
2021-12-16,ID,4,46,3
2021-12-15,ID,4,46,3
2021-12-14,ID,3,43,3
2021-12-13,ID,3,43,3
2021-12-12,ID,4,46,3
2021-12-11,ID,4,46,3
2021-12-10,ID,4,46,3
2021-12-09,ID,4,46,3
2021-12-08,ID,4,46,3
2021-12-07,ID,3,42,3
2021-12-06,ID,3,43,3
2021-12-05,ID,4,45,3
2021-12-04,ID,3,46,3
2021-12-03,ID,4,45,3
2021-12-02,ID,4,45,3
2021-12-01,ID,4,45,3
2021-11-30,ID,3,43,3
2021-11-29,ID,3,42,3
2021-11-28,ID,4,46,3
2021-11-27,ID,4,46,3
2021-11-26,ID,4,46,3
2021-11-25,ID,4,46,3
2021-11-24,ID,4,46,3
2021-11-23,ID,3,43,3
2021-11-22,ID,3,43,3
2021-11-21,ID,4,46,3
2021-11-20,ID,4,46,3
2021-11-19,ID,4,46,3
2021-11-18,ID,4,46,3
2021-11-17,ID,4,45,3
2021-11-16,ID,4,42,3
2021-11-15,ID,4,42,3
2021-11-14,ID,5,45,3
2021-11-13,ID,5,45,3
2021-11-12,ID,5,45,3
2021-11-11,ID,5,45,3
2021-11-10,ID,5,45,3
2021-11-09,ID,4,41,3
2021-11-08,ID,4,41,3
2021-11-07,ID,5,44,3
2021-11-06,ID,6,43,3
2021-11-05,ID,6,43,3
2021-11-04,ID,6,43,3
2021-11-03,ID,6,43,3
2021-11-02,ID,4,43,3
2021-11-01,ID,3,44,3
2021-10-31,ID,4,46,3
2021-10-30,ID,5,45,3
2021-10-29,ID,5,45,3
2021-10-28,ID,6,44,3
2021-10-27,ID,5,45,3
2021-10-26,ID,4,43,3
2021-10-25,ID,4,43,3
2021-10-24,ID,5,45,3
2021-10-23,ID,6,44,3
2021-10-22,ID,6,44,3
2021-10-21,ID,6,44,3
2021-10-20,ID,7,43,3
2021-10-19,ID,4,41,3
2021-10-18,ID,5,41,3
2021-10-17,ID,5,45,3
2021-10-16,ID,5,45,3
2021-10-15,ID,5,45,3
2021-10-14,ID,6,44,3
2021-10-13,ID,6,44,3
2021-10-12,ID,6,40,3
2021-10-11,ID,6,40,3
2021-10-10,ID,6,44,3
2021-10-09,ID,6,44,3
2021-10-08,ID,6,44,3
2021-10-07,ID,5,45,3
2021-10-06,ID,6,44,3
2021-10-05,ID,5,40,3
2021-10-04,ID,5,41,3
2021-10-03,ID,6,44,3
2021-10-02,ID,7,43,3
2021-10-01,ID,7,43,3
2021-09-30,ID,9,41,3
2021-09-29,ID,8,42,3
2021-09-28,ID,6,40,3
2021-09-27,ID,5,42,3
2021-09-26,ID,6,44,3
2021-09-25,ID,6,44,3
2021-09-24,ID,6,44,3
2021-09-23,ID,5,45,3
2021-09-22,ID,7,43,3
2021-09-21,ID,5,41,3
2021-09-20,ID,5,34,10
2021-09-19,ID,7,36,10
2021-09-18,ID,7,36,10
2021-09-17,ID,8,35,10
2021-09-16,ID,7,36,10
2021-09-15,ID,8,42,3
2021-09-14,ID,4,35,10
2021-09-13,ID,4,35,10
2021-09-12,ID,5,38,10
2021-09-11,ID,5,38,10
2021-09-10,ID,5,38,10
2021-09-09,ID,5,38,10
2021-09-08,ID,5,45,3
2021-09-07,ID,4,35,10
2021-09-06,ID,4,35,10
2021-09-05,ID,5,38,10
2021-09-04,ID,5,38,10
2021-09-03,ID,5,38,10
2021-09-02,ID,5,38,10
2021-09-01,ID,5,45,3
2021-08-31,ID,4,34,10
2021-08-30,ID,4,34,10
2021-08-29,ID,6,37,10
2021-08-28,ID,6,37,10
2021-08-27,ID,6,37,10
2021-08-26,ID,6,37,10
2021-08-25,ID,6,44,3
2021-08-24,ID,4,35,10
2021-08-23,ID,5,34,10
2021-08-22,ID,5,38,10
2021-08-21,ID,4,39,10
2021-08-20,ID,4,39,10
2021-08-19,ID,4,39,10
2021-08-18,ID,3,47,3
2021-08-17,ID,4,35,10
2021-08-16,ID,4,35,10
2021-08-15,ID,5,38,10
2021-08-14,ID,5,38,10
2021-08-13,ID,5,38,10
2021-08-12,ID,5,38,10
2021-08-11,ID,5,45,3
2021-08-10,ID,4,36,9
2021-08-09,ID,5,35,9
2021-08-08,ID,6,38,9
2021-08-07,ID,5,39,9
2021-08-06,ID,6,37,10
2021-08-05,ID,5,38,10
2021-08-04,ID,5,45,3
2021-08-03,ID,4,34,10
2021-08-02,ID,4,35,10
2021-08-01,ID,4,39,10
2021-07-31,ID,5,38,10
2021-07-30,ID,5,38,10
2021-07-29,ID,5,38,10
2021-07-28,ID,5,45,3
2021-07-27,ID,3,36,10
2021-07-26,ID,3,36,10
2021-07-25,ID,4,39,10
2021-07-24,ID,4,39,10
2021-07-23,ID,4,39,10
2021-07-22,ID,4,39,10
2021-07-21,ID,4,46,3
2021-07-20,ID,3,35,10
2021-07-19,ID,3,35,10
2021-07-18,ID,3,40,10
2021-07-17,ID,4,39,10
2021-07-16,ID,4,39,10
2021-07-15,ID,4,39,10
2021-07-14,ID,4,46,3
2021-07-13,ID,3,35,10
2021-07-12,ID,3,35,10
2021-07-11,ID,4,39,10
2021-07-10,ID,4,39,10
2021-07-09,ID,4,39,10
2021-07-08,ID,4,39,10
2021-07-07,ID,4,46,3
2021-07-06,ID,3,35,10
2021-07-05,ID,3,35,10
2021-07-04,ID,3,40,10
2021-07-03,ID,4,39,10
2021-07-02,ID,4,39,10
2021-07-01,ID,4,39,10
2021-06-30,ID,4,46,3
2021-06-29,ID,3,34,10
2021-06-28,ID,3,35,10
2021-06-27,ID,4,39,10
2021-06-26,ID,4,39,10
2021-06-25,ID,4,39,10
2021-06-24,ID,4,39,10
2021-06-23,ID,4,45,3
2021-06-22,ID,3,35,10
2021-06-21,ID,3,36,10
2021-06-20,ID,4,39,10
2021-06-19,ID,4,39,10
2021-06-18,ID,4,39,10
2021-06-17,ID,4,39,10
2021-06-16,ID,4,46,3
2021-06-15,ID,3,35,10
2021-06-14,ID,3,37,8
2021-06-13,ID,4,41,8
2021-06-12,ID,4,41,8
2021-06-11,ID,4,41,8
2021-06-10,ID,4,41,8
2021-06-09,ID,6,46,1
2021-06-08,ID,5,36,8
2021-06-07,ID,5,36,8
2021-06-06,ID,6,39,8
2021-06-05,ID,6,39,8
2021-06-04,ID,6,39,8
2021-06-03,ID,6,38,8
2021-06-02,ID,6,45,1
2021-06-01,ID,5,35,8
2021-05-31,ID,5,35,8
2021-05-30,ID,7,38,8
2021-05-29,ID,7,38,8
2021-05-28,ID,6,39,8
2021-05-27,ID,6,39,8
2021-05-26,ID,6,46,1
2021-05-25,ID,5,35,8
2021-05-24,ID,5,35,8
2021-05-23,ID,6,39,8
2021-05-22,ID,6,39,8
2021-05-21,ID,6,39,8
2021-05-20,ID,6,39,8
2021-05-19,ID,6,46,1
2021-05-18,ID,3,37,8
2021-05-17,ID,3,38,8
2021-05-16,ID,4,41,8
2021-05-15,ID,4,41,8
2021-05-14,ID,4,41,8
2021-05-13,ID,4,41,8
2021-05-12,ID,4,47,1
2021-05-11,ID,3,37,8
2021-05-10,ID,3,37,8
2021-05-09,ID,3,41,8
2021-05-08,ID,2,42,8
2021-05-07,ID,3,41,8
2021-05-06,ID,3,41,8
2021-05-05,ID,3,48,1
2021-05-04,ID,3,37,8
2021-05-03,ID,3,38,8
2021-05-02,ID,4,40,8
2021-05-01,ID,4,40,8
2021-04-30,ID,4,40,8
2021-04-29,ID,4,40,8
2021-04-28,ID,4,46,1
2021-04-27,ID,3,37,8
2021-04-26,ID,3,37,8
2021-04-25,ID,4,40,8
2021-04-24,ID,4,40,8
2021-04-23,ID,4,40,8
2021-04-22,ID,4,40,8
2021-04-21,ID,4,47,1
2021-04-20,ID,3,37,8
2021-04-19,ID,3,37,8
2021-04-18,ID,4,40,8
2021-04-17,ID,4,40,8
2021-04-16,ID,4,40,8
2021-04-15,ID,4,40,8
2021-04-14,ID,3,48,1
2021-04-13,ID,3,37,8
2021-04-12,ID,3,38,8
2021-04-11,ID,4,40,8
2021-04-10,ID,4,40,8
2021-04-09,ID,4,40,8
2021-04-08,ID,3,41,8
2021-04-07,ID,4,46,1
2021-04-06,ID,3,38,8
2021-04-05,ID,3,38,8
2021-04-04,ID,4,40,8
2021-04-03,ID,4,40,8
2021-04-02,ID,4,40,8
2021-04-01,ID,4,40,8
2021-03-31,ID,4,47,1
2021-03-30,ID,3,37,8
2021-03-29,ID,3,37,8
2021-03-28,ID,4,40,8
2021-03-27,ID,4,40,8
2021-03-26,ID,4,40,8
2021-03-25,ID,4,40,8
2021-03-24,ID,4,47,1
2021-03-23,ID,3,37,8
2021-03-22,ID,2,38,8
2021-03-21,ID,3,41,8
2021-03-20,ID,3,41,8
2021-03-19,ID,3,41,8
2021-03-18,ID,4,40,8
2021-03-17,ID,4,47,1
2021-03-16,ID,3,37,8
2021-03-15,ID,2,38,8
2021-03-14,ID,5,39,8
2021-03-13,ID,5,39,8
2021-03-12,ID,5,39,8
2021-03-11,ID,5,39,8
2021-03-10,ID,5,46,1
2021-03-09,ID,3,37,8
2021-03-08,ID,4,37,8
2021-03-07,ID,4,40,8
2021-03-06,ID,4,40,8
2021-03-05,ID,4,40,8
2021-03-04,ID,4,40,8
2021-03-03,ID,4,47,1
2021-03-02,ID,3,37,8
2021-03-01,ID,3,37,8
2021-02-28,ID,4,40,8
2021-02-27,ID,4,40,8
2021-02-26,ID,4,40,8
2021-02-25,ID,4,40,8
2021-02-24,ID,4,47,1
2021-02-23,ID,3,37,8
2021-02-22,ID,3,37,8
2021-02-21,ID,3,41,8
2021-02-20,ID,4,40,8
2021-02-19,ID,4,40,8
2021-02-18,ID,4,40,8
2021-02-17,ID,4,47,1
2021-02-16,ID,3,37,8
2021-02-15,ID,3,37,8
2021-02-14,ID,5,39,8
2021-02-13,ID,5,39,8
2021-02-12,ID,5,39,8
2021-02-11,ID,5,39,8
2021-02-10,ID,5,46,1
2021-02-09,ID,3,37,8
2021-02-08,ID,3,37,8
2021-02-07,ID,4,40,8
2021-02-06,ID,5,39,8
2021-02-05,ID,5,39,8
2021-02-04,ID,5,39,8
2021-02-03,ID,5,46,1
2021-02-02,ID,3,37,8
2021-02-01,ID,3,37,8
2021-01-31,ID,5,39,8
2021-01-30,ID,5,39,8
2021-01-29,ID,5,39,8
2021-01-28,ID,5,39,8
2021-01-27,ID,5,46,1
2021-01-26,ID,3,37,8
2021-01-25,ID,3,37,8
2021-01-24,ID,5,39,8
2021-01-23,ID,5,39,8
2021-01-22,ID,5,39,8
2021-01-21,ID,5,39,8
2021-01-20,ID,5,46,1
2021-01-19,ID,3,37,8
2021-01-18,ID,3,37,8
2021-01-17,ID,5,39,8
2021-01-16,ID,5,39,8
2021-01-15,ID,5,39,8
2021-01-14,ID,5,40,7
2021-01-13,ID,5,46,1
2021-01-12,ID,3,37,8
2021-01-11,ID,4,36,8
2021-01-10,ID,6,38,8
2021-01-09,ID,6,45,1
2021-01-08,ID,6,38,8
2021-01-07,ID,6,45,1
2021-01-06,ID,6,45,1
2021-01-05,ID,4,43,1
2021-01-04,ID,5,42,1
2021-01-03,ID,7,44,1
2021-01-02,ID,7,44,1
2021-01-01,ID,6,45,1
2020-12-31,ID,8,43,1
2020-12-30,ID,9,42,1
2020-12-29,ID,8,39,1
2020-12-28,ID,7,40,1
2020-12-27,ID,8,43,1
2020-12-26,ID,8,43,1
2020-12-25,ID,7,44,1
2020-12-24,ID,9,42,1
2020-12-23,ID,9,42,1
2020-12-22,ID,7,41,1
2020-12-21,ID,8,39,1
2020-12-20,ID,9,42,1
2020-12-19,ID,9,42,1
2020-12-18,ID,10,41,1
2020-12-17,ID,9,42,1
2020-12-16,ID,8,43,1
2020-12-15,ID,6,42,1
2020-12-14,ID,8,40,1
2020-12-13,ID,7,44,1
2020-12-12,ID,8,43,1
2020-12-11,ID,8,43,1
2020-12-10,ID,8,43,1
2020-12-09,ID,8,43,1
2020-12-08,ID,6,41,1
2020-12-07,ID,6,41,1
2020-12-06,ID,8,42,1
2020-12-05,ID,8,42,1
2020-12-04,ID,9,41,1
2020-12-03,ID,8,42,1
2020-12-02,ID,8,42,1
2020-12-01,ID,6,41,1
2020-11-30,ID,6,41,1
2020-11-29,ID,9,41,1
2020-11-28,ID,8,42,1
2020-11-27,ID,9,41,1
2020-11-26,ID,9,41,1
2020-11-25,ID,9,41,1
2020-11-24,ID,7,40,1
2020-11-23,ID,8,39,1
2020-11-22,ID,11,39,1
2020-11-21,ID,10,40,1
2020-11-20,ID,12,38,1
2020-11-19,ID,12,38,1
2020-11-18,ID,11,39,1
2020-11-17,ID,10,37,1
2020-11-16,ID,8,39,1
2020-11-15,ID,10,40,1
2020-11-14,ID,9,41,1
2020-11-13,ID,7,43,1
2020-11-12,ID,7,43,1
2020-11-11,ID,7,43,1
2020-11-10,ID,6,42,1
2020-11-09,ID,6,42,1
2020-11-08,ID,6,44,1
2020-11-07,ID,7,43,1
2020-11-06,ID,7,43,1
2020-11-05,ID,6,44,1
2020-11-04,ID,4,46,1
2020-11-03,ID,4,44,1
2020-11-02,ID,5,44,1
2020-11-01,ID,5,45,1
2020-10-31,ID,5,45,1
2020-10-30,ID,5,45,1
2020-10-29,ID,5,45,1
2020-10-28,ID,3,45,1
2020-10-27,ID,3,44,2
2020-10-26,ID,2,45,2
2020-10-25,ID,3,46,2
2020-10-24,ID,3,46,2
2020-10-23,ID,3,46,2
2020-10-22,ID,3,46,2
2020-10-21,ID,3,46,2
2020-10-20,ID,2,46,1
2020-10-19,ID,3,46,1
2020-10-18,ID,3,46,1
2020-10-17,ID,3,46,1
2020-10-16,ID,3,46,1
2020-10-15,ID,3,46,1
2020-10-14,ID,3,45,2
2020-10-13,ID,2,45,3
2020-10-12,ID,4,44,2
2020-10-11,ID,4,44,2
2020-10-10,ID,4,44,2
2020-10-09,ID,4,44,2
2020-10-08,ID,4,44,2
2020-10-07,ID,4,44,2
2020-10-06,ID,4,44,2
2020-10-05,ID,3,45,2
2020-10-04,ID,3,45,2
2020-10-03,ID,3,45,2
2020-10-02,ID,3,45,2
2020-10-01,ID,3,45,2
2020-09-30,ID,4,44,3
2020-09-29,ID,4,43,3
2020-09-28,ID,4,43,3
2020-09-27,ID,4,43,3
2020-09-26,ID,4,43,3
2020-09-25,ID,4,43,3
2020-09-24,ID,4,43,3
2020-09-23,ID,4,43,3
2020-09-22,ID,4,43,3
2020-09-21,ID,4,43,3
2020-09-20,ID,4,43,3
2020-09-19,ID,4,43,3
2020-09-18,ID,4,43,2
2020-09-17,ID,4,43,3
2020-09-16,ID,4,43,3
2020-09-15,ID,3,44,3
2020-09-14,ID,3,44,3
2020-09-13,ID,3,44,3
2020-09-12,ID,4,44,2
2020-09-11,ID,4,44,2
2020-09-10,ID,4,43,3
2020-09-09,ID,4,42,4
2020-09-08,ID,4,42,4
2020-09-07,ID,4,41,4
2020-09-06,ID,4,42,4
2020-09-05,ID,4,42,4
2020-09-04,ID,4,42,4
2020-09-03,ID,4,42,4
2020-09-02,ID,4,42,4
2020-09-01,ID,5,41,4
2020-08-31,ID,5,40,4
2020-08-30,ID,5,40,4
2020-08-29,ID,5,40,4
2020-08-28,ID,5,40,4
2020-08-27,ID,5,40,4
2020-08-26,ID,5,39,5
2020-08-25,ID,4,39,5
2020-08-24,ID,4,39,5
2020-08-23,ID,5,40,5
2020-08-22,ID,5,40,5
2020-08-21,ID,6,40,4
2020-08-20,ID,6,40,4
2020-08-19,ID,6,40,4
2020-08-18,ID,6,39,4
2020-08-17,ID,7,38,3
2020-08-16,ID,7,39,2
2020-08-15,ID,7,39,2
2020-08-14,ID,7,37,4
2020-08-13,ID,6,37,4
2020-08-12,ID,6,37,4
2020-08-11,ID,7,37,4
2020-08-10,ID,5,38,4
2020-08-09,ID,6,38,4
2020-08-08,ID,6,38,4
2020-08-07,ID,6,38,4
2020-08-06,ID,6,38,4
2020-08-05,ID,7,37,4
2020-08-04,ID,7,36,5
2020-08-03,ID,14,29,5
2020-08-02,ID,13,29,5
2020-08-01,ID,13,29,5
2023-04-10,IL,6,113,26
2023-04-09,IL,8,121,31
2023-04-08,IL,9,122,31
2023-04-07,IL,9,122,31
2023-04-06,IL,9,121,37
2023-04-05,IL,9,126,35
2023-04-04,IL,8,128,37
2023-04-03,IL,7,129,38
2023-04-02,IL,8,130,39
2023-04-01,IL,8,130,40
2023-03-31,IL,9,131,39
2023-03-30,IL,8,133,39
2023-03-29,IL,10,134,37
2023-03-28,IL,12,130,39
2023-03-27,IL,9,132,40
2023-03-26,IL,10,132,40
2023-03-25,IL,11,131,40
2023-03-24,IL,12,130,40
2023-03-23,IL,8,133,41
2023-03-22,IL,10,134,38
2023-03-21,IL,10,131,40
2023-03-20,IL,11,130,40
2023-03-19,IL,10,132,41
2023-03-18,IL,12,132,39
2023-03-17,IL,8,135,40
2023-03-16,IL,14,130,39
2023-03-15,IL,11,135,37
2023-03-14,IL,9,132,40
2023-03-13,IL,9,133,39
2023-03-12,IL,8,133,42
2023-03-11,IL,10,133,40
2023-03-10,IL,12,131,41
2023-03-09,IL,10,133,42
2023-03-08,IL,10,136,39
2023-03-07,IL,11,131,40
2023-03-06,IL,9,133,40
2023-03-05,IL,9,135,41
2023-03-04,IL,9,134,43
2023-03-03,IL,10,134,42
2023-03-02,IL,11,134,41
2023-03-01,IL,10,137,39
2023-02-28,IL,9,136,39
2023-02-27,IL,9,134,41
2023-02-26,IL,10,133,43
2023-02-25,IL,10,133,43
2023-02-24,IL,13,133,40
2023-02-23,IL,10,137,39
2023-02-22,IL,10,139,37
2023-02-21,IL,11,135,39
2023-02-20,IL,10,133,42
2023-02-19,IL,10,135,42
2023-02-18,IL,10,135,42
2023-02-17,IL,12,134,41
2023-02-16,IL,12,132,42
2023-02-15,IL,12,137,37
2023-02-14,IL,11,132,40
2023-02-13,IL,10,134,39
2023-02-12,IL,9,136,40
2023-02-11,IL,8,138,39
2023-02-10,IL,9,135,41
2023-02-09,IL,8,135,42
2023-02-08,IL,10,138,37
2023-02-07,IL,9,134,40
2023-02-06,IL,10,133,40
2023-02-05,IL,10,134,41
2023-02-04,IL,10,134,41
2023-02-03,IL,12,133,40
2023-02-02,IL,10,135,40
2023-02-01,IL,10,136,39
2023-01-31,IL,10,133,40
2023-01-30,IL,9,135,39
2023-01-29,IL,9,136,40
2023-01-28,IL,10,135,40
2023-01-27,IL,12,132,41
2023-01-26,IL,11,133,41
2023-01-25,IL,10,137,38
2023-01-24,IL,9,133,41
2023-01-23,IL,8,134,41
2023-01-22,IL,9,136,40
2023-01-21,IL,10,135,40
2023-01-20,IL,10,138,37
2023-01-19,IL,10,137,38
2023-01-18,IL,10,138,37
2023-01-17,IL,11,141,31
2023-01-16,IL,11,141,31
2023-01-15,IL,11,142,32
2023-01-14,IL,12,142,31
2023-01-13,IL,12,142,31
2023-01-12,IL,14,132,39
2023-01-11,IL,16,141,28
2023-01-10,IL,14,138,31
2023-01-09,IL,14,138,31
2023-01-08,IL,13,140,32
2023-01-07,IL,15,138,32
2023-01-06,IL,15,138,32
2023-01-05,IL,13,140,32
2023-01-04,IL,11,144,30
2023-01-03,IL,13,138,32
2023-01-02,IL,14,138,31
2023-01-01,IL,15,138,32
2022-12-31,IL,13,140,27
2022-12-30,IL,15,137,28
2022-12-29,IL,15,139,30
2022-12-28,IL,15,139,30
2022-12-27,IL,13,137,32
2022-12-26,IL,13,138,32
2022-12-25,IL,13,139,33
2022-12-24,IL,14,138,33
2022-12-23,IL,12,141,32
2022-12-22,IL,15,140,30
2022-12-21,IL,14,142,28
2022-12-20,IL,15,139,28
2022-12-19,IL,13,140,30
2022-12-18,IL,14,142,31
2022-12-17,IL,13,141,33
2022-12-16,IL,15,141,31
2022-12-15,IL,15,143,29
2022-12-14,IL,17,141,26
2022-12-13,IL,17,141,25
2022-12-12,IL,14,145,25
2022-12-11,IL,12,148,26
2022-12-10,IL,15,145,26
2022-12-09,IL,15,145,26
2022-12-08,IL,15,145,26
2022-12-07,IL,15,146,26
2022-12-06,IL,15,145,25
2022-12-05,IL,12,148,25
2022-12-04,IL,14,148,26
2022-12-03,IL,14,148,26
2022-12-02,IL,15,147,26
2022-12-01,IL,15,147,26
2022-11-30,IL,15,147,26
2022-11-29,IL,15,144,25
2022-11-28,IL,14,145,25
2022-11-27,IL,13,148,26
2022-11-26,IL,13,149,26
2022-11-25,IL,15,147,26
2022-11-24,IL,14,148,26
2022-11-23,IL,14,148,26
2022-11-22,IL,15,145,25
2022-11-21,IL,13,146,25
2022-11-20,IL,14,146,26
2022-11-19,IL,14,146,26
2022-11-18,IL,13,147,26
2022-11-17,IL,15,143,27
2022-11-16,IL,14,145,26
2022-11-15,IL,16,142,25
2022-11-14,IL,14,145,25
2022-11-13,IL,13,147,26
2022-11-12,IL,14,146,26
2022-11-11,IL,14,146,26
2022-11-10,IL,14,146,26
2022-11-09,IL,13,147,26
2022-11-08,IL,14,146,24
2022-11-07,IL,14,146,24
2022-11-06,IL,11,151,25
2022-11-05,IL,15,147,25
2022-11-04,IL,14,148,25
2022-11-03,IL,13,149,25
2022-11-02,IL,14,148,25
2022-11-01,IL,14,145,24
2022-10-31,IL,13,145,24
2022-10-30,IL,13,146,25
2022-10-29,IL,14,145,25
2022-10-28,IL,15,144,25
2022-10-27,IL,17,142,25
2022-10-26,IL,16,143,25
2022-10-25,IL,16,142,24
2022-10-24,IL,14,144,24
2022-10-23,IL,14,144,25
2022-10-22,IL,13,145,25
2022-10-21,IL,13,146,25
2022-10-20,IL,13,146,25
2022-10-19,IL,14,146,24
2022-10-18,IL,14,144,24
2022-10-17,IL,13,145,24
2022-10-16,IL,13,148,25
2022-10-15,IL,13,148,25
2022-10-14,IL,15,146,25
2022-10-13,IL,14,147,25
2022-10-12,IL,14,147,25
2022-10-11,IL,13,144,24
2022-10-10,IL,16,142,24
2022-10-09,IL,14,148,25
2022-10-08,IL,16,147,25
2022-10-07,IL,17,145,26
2022-10-06,IL,14,148,26
2022-10-05,IL,15,146,26
2022-10-04,IL,16,141,25
2022-10-03,IL,15,143,24
2022-10-02,IL,15,145,25
2022-10-01,IL,16,144,25
2022-09-30,IL,16,144,25
2022-09-29,IL,17,143,25
2022-09-28,IL,15,145,25
2022-09-27,IL,14,144,24
2022-09-26,IL,14,144,24
2022-09-25,IL,13,147,25
2022-09-24,IL,13,147,25
2022-09-23,IL,13,147,25
2022-09-22,IL,15,146,25
2022-09-21,IL,19,142,25
2022-09-20,IL,17,142,24
2022-09-19,IL,14,145,24
2022-09-18,IL,14,147,25
2022-09-17,IL,15,146,25
2022-09-16,IL,16,144,26
2022-09-15,IL,18,142,26
2022-09-14,IL,13,147,26
2022-09-13,IL,16,142,25
2022-09-12,IL,15,143,25
2022-09-11,IL,14,146,26
2022-09-10,IL,13,147,26
2022-09-09,IL,15,148,26
2022-09-08,IL,16,147,26
2022-09-07,IL,15,148,26
2022-09-06,IL,13,148,25
2022-09-05,IL,15,146,25
2022-09-04,IL,13,151,26
2022-09-03,IL,13,151,26
2022-09-02,IL,13,151,26
2022-09-01,IL,14,150,26
2022-08-31,IL,13,151,26
2022-08-30,IL,13,148,25
2022-08-29,IL,13,148,25
2022-08-28,IL,13,152,26
2022-08-27,IL,14,151,26
2022-08-26,IL,16,149,26
2022-08-25,IL,17,148,26
2022-08-24,IL,18,148,25
2022-08-23,IL,13,147,25
2022-08-22,IL,13,147,25
2022-08-21,IL,15,159,26
2022-08-20,IL,15,159,26
2022-08-19,IL,17,158,25
2022-08-18,IL,15,160,25
2022-08-17,IL,16,159,25
2022-08-16,IL,14,146,25
2022-08-15,IL,15,145,25
2022-08-14,IL,15,161,25
2022-08-13,IL,15,161,25
2022-08-12,IL,16,159,26
2022-08-11,IL,15,160,26
2022-08-10,IL,14,162,25
2022-08-09,IL,14,147,24
2022-08-08,IL,14,146,25
2022-08-07,IL,13,162,26
2022-08-06,IL,14,161,26
2022-08-05,IL,15,162,26
2022-08-04,IL,17,160,26
2022-08-03,IL,15,162,26
2022-08-02,IL,16,146,25
2022-08-01,IL,14,148,25
2022-07-31,IL,16,163,26
2022-07-30,IL,15,164,26
2022-07-29,IL,16,163,26
2022-07-28,IL,15,164,26
2022-07-27,IL,15,165,25
2022-07-26,IL,16,147,25
2022-07-25,IL,16,148,25
2022-07-24,IL,15,164,26
2022-07-23,IL,16,163,26
2022-07-22,IL,16,163,26
2022-07-21,IL,17,162,26
2022-07-20,IL,16,162,26
2022-07-19,IL,16,146,25
2022-07-18,IL,18,143,25
2022-07-17,IL,16,162,26
2022-07-16,IL,16,162,26
2022-07-15,IL,15,163,26
2022-07-14,IL,15,164,26
2022-07-13,IL,12,167,26
2022-07-12,IL,15,147,25
2022-07-11,IL,15,149,25
2022-07-10,IL,14,165,26
2022-07-09,IL,14,166,26
2022-07-08,IL,17,163,26
2022-07-07,IL,15,165,26
2022-07-06,IL,16,163,26
2022-07-05,IL,14,149,25
2022-07-04,IL,14,149,25
2022-07-03,IL,14,164,26
2022-07-02,IL,13,165,26
2022-07-01,IL,16,162,26
2022-06-30,IL,16,162,26
2022-06-29,IL,15,162,26
2022-06-28,IL,16,146,25
2022-06-27,IL,14,148,25
2022-06-26,IL,13,164,26
2022-06-25,IL,14,163,26
2022-06-24,IL,17,160,26
2022-06-23,IL,19,158,26
2022-06-22,IL,18,159,26
2022-06-21,IL,15,149,25
2022-06-20,IL,16,148,25
2022-06-19,IL,15,164,26
2022-06-18,IL,14,165,26
2022-06-17,IL,17,162,26
2022-06-16,IL,17,161,26
2022-06-15,IL,17,161,26
2022-06-14,IL,16,146,25
2022-06-13,IL,18,145,25
2022-06-12,IL,14,165,26
2022-06-11,IL,15,164,26
2022-06-10,IL,17,162,26
2022-06-09,IL,17,162,26
2022-06-08,IL,15,163,26
2022-06-07,IL,15,147,25
2022-06-06,IL,17,146,25
2022-06-05,IL,16,164,26
2022-06-04,IL,17,163,26
2022-06-03,IL,16,164,26
2022-06-02,IL,16,164,26
2022-06-01,IL,15,164,26
2022-05-31,IL,15,147,25
2022-05-30,IL,14,150,25
2022-05-29,IL,16,164,26
2022-05-28,IL,15,165,26
2022-05-27,IL,16,164,26
2022-05-26,IL,18,162,26
2022-05-25,IL,17,162,26
2022-05-24,IL,16,146,25
2022-05-23,IL,17,146,25
2022-05-22,IL,15,164,26
2022-05-21,IL,15,164,26
2022-05-20,IL,18,161,26
2022-05-19,IL,17,162,26
2022-05-18,IL,17,161,26
2022-05-17,IL,20,143,25
2022-05-16,IL,18,145,25
2022-05-15,IL,17,163,26
2022-05-14,IL,12,168,26
2022-05-13,IL,17,163,26
2022-05-12,IL,17,163,26
2022-05-11,IL,16,163,26
2022-05-10,IL,16,146,25
2022-05-09,IL,16,148,25
2022-05-08,IL,14,167,26
2022-05-07,IL,15,166,26
2022-05-06,IL,15,166,26
2022-05-05,IL,14,167,26
2022-05-04,IL,16,164,26
2022-05-03,IL,20,142,25
2022-05-02,IL,15,148,25
2022-05-01,IL,15,164,26
2022-04-30,IL,17,162,26
2022-04-29,IL,16,163,26
2022-04-28,IL,17,162,26
2022-04-27,IL,15,163,26
2022-04-26,IL,18,144,25
2022-04-25,IL,20,143,25
2022-04-24,IL,16,163,26
2022-04-23,IL,19,161,26
2022-04-22,IL,17,163,26
2022-04-21,IL,17,163,26
2022-04-20,IL,17,162,26
2022-04-19,IL,19,144,25
2022-04-18,IL,19,143,25
2022-04-17,IL,19,163,26
2022-04-16,IL,19,163,26
2022-04-15,IL,16,166,26
2022-04-14,IL,19,163,26
2022-04-13,IL,18,164,26
2022-04-12,IL,20,142,25
2022-04-11,IL,23,141,25
2022-04-10,IL,18,163,26
2022-04-09,IL,17,164,26
2022-04-08,IL,19,162,26
2022-04-07,IL,19,162,26
2022-04-06,IL,18,163,26
2022-04-05,IL,21,141,25
2022-04-04,IL,19,143,25
2022-04-03,IL,19,161,26
2022-04-02,IL,19,161,26
2022-04-01,IL,18,162,26
2022-03-31,IL,19,161,26
2022-03-30,IL,20,160,26
2022-03-29,IL,21,142,25
2022-03-28,IL,20,143,25
2022-03-27,IL,18,163,26
2022-03-26,IL,19,162,26
2022-03-25,IL,20,161,26
2022-03-24,IL,20,160,26
2022-03-23,IL,19,161,26
2022-03-22,IL,18,145,25
2022-03-21,IL,19,144,25
2022-03-20,IL,19,161,26
2022-03-19,IL,20,160,26
2022-03-18,IL,19,161,26
2022-03-17,IL,18,162,26
2022-03-16,IL,20,159,26
2022-03-15,IL,19,142,25
2022-03-14,IL,19,144,25
2022-03-13,IL,16,164,26
2022-03-12,IL,18,162,26
2022-03-11,IL,21,159,26
2022-03-10,IL,19,161,26
2022-03-09,IL,17,161,26
2022-03-08,IL,20,142,25
2022-03-07,IL,23,139,25
2022-03-06,IL,21,157,26
2022-03-05,IL,20,158,26
2022-03-04,IL,20,158,26
2022-03-03,IL,19,159,26
2022-03-02,IL,16,162,26
2022-03-01,IL,16,144,25
2022-02-28,IL,17,145,25
2022-02-27,IL,17,162,26
2022-02-26,IL,17,162,26
2022-02-25,IL,17,162,26
2022-02-24,IL,18,161,26
2022-02-23,IL,21,157,26
2022-02-22,IL,21,142,25
2022-02-21,IL,21,143,25
2022-02-20,IL,18,162,26
2022-02-19,IL,16,164,26
2022-02-18,IL,21,159,26
2022-02-17,IL,24,156,26
2022-02-16,IL,23,156,26
2022-02-15,IL,21,141,25
2022-02-14,IL,21,142,25
2022-02-13,IL,19,161,26
2022-02-12,IL,16,164,26
2022-02-11,IL,20,160,26
2022-02-10,IL,19,160,26
2022-02-09,IL,26,154,24
2022-02-08,IL,22,138,25
2022-02-07,IL,21,140,25
2022-02-06,IL,23,154,26
2022-02-05,IL,23,154,26
2022-02-04,IL,24,153,26
2022-02-03,IL,19,158,26
2022-02-02,IL,29,147,26
2022-02-01,IL,20,141,25
2022-01-31,IL,23,140,25
2022-01-30,IL,24,154,26
2022-01-29,IL,24,154,26
2022-01-28,IL,26,152,26
2022-01-27,IL,27,151,26
2022-01-26,IL,29,151,24
2022-01-25,IL,28,135,25
2022-01-24,IL,28,135,25
2022-01-23,IL,28,151,26
2022-01-22,IL,30,149,26
2022-01-21,IL,30,149,26
2022-01-20,IL,27,150,26
2022-01-19,IL,32,147,24
2022-01-18,IL,25,138,25
2022-01-17,IL,25,140,25
2022-01-16,IL,23,157,26
2022-01-15,IL,26,154,26
2022-01-14,IL,28,152,26
2022-01-13,IL,32,148,26
2022-01-12,IL,33,148,24
2022-01-11,IL,32,130,25
2022-01-10,IL,28,132,27
2022-01-09,IL,19,158,28
2022-01-08,IL,22,156,28
2022-01-07,IL,18,161,27
2022-01-06,IL,19,160,27
2022-01-05,IL,21,158,27
2022-01-04,IL,16,146,25
2022-01-03,IL,15,148,25
2022-01-02,IL,17,163,27
2022-01-01,IL,19,161,27
2021-12-31,IL,17,163,27
2021-12-30,IL,18,163,26
2021-12-29,IL,19,160,27
2021-12-28,IL,16,146,26
2021-12-27,IL,15,147,27
2021-12-26,IL,16,161,28
2021-12-25,IL,17,161,28
2021-12-24,IL,14,164,28
2021-12-23,IL,16,162,28
2021-12-22,IL,16,162,28
2021-12-21,IL,13,148,28
2021-12-20,IL,14,149,27
2021-12-19,IL,11,167,28
2021-12-18,IL,10,168,28
2021-12-17,IL,12,166,28
2021-12-16,IL,15,162,28
2021-12-15,IL,14,162,27
2021-12-14,IL,10,149,27
2021-12-13,IL,10,149,27
2021-12-12,IL,11,167,28
2021-12-11,IL,12,167,28
2021-12-10,IL,12,168,28
2021-12-09,IL,10,170,28
2021-12-08,IL,14,166,28
2021-12-07,IL,10,151,27
2021-12-06,IL,10,152,27
2021-12-05,IL,9,169,28
2021-12-04,IL,9,169,28
2021-12-03,IL,11,167,28
2021-12-02,IL,12,166,28
2021-12-01,IL,12,167,27
2021-11-30,IL,11,151,27
2021-11-29,IL,9,153,27
2021-11-28,IL,9,170,28
2021-11-27,IL,10,169,28
2021-11-26,IL,9,170,28
2021-11-25,IL,10,169,28
2021-11-24,IL,12,167,28
2021-11-23,IL,12,149,27
2021-11-22,IL,12,151,27
2021-11-21,IL,13,167,28
2021-11-20,IL,11,169,28
2021-11-19,IL,10,170,28
2021-11-18,IL,11,169,28
2021-11-17,IL,11,167,28
2021-11-16,IL,13,148,27
2021-11-15,IL,10,151,27
2021-11-14,IL,8,170,28
2021-11-13,IL,10,167,28
2021-11-12,IL,11,166,28
2021-11-11,IL,11,166,28
2021-11-10,IL,12,166,27
2021-11-09,IL,11,149,27
2021-11-08,IL,10,150,27
2021-11-07,IL,10,169,28
2021-11-06,IL,11,168,28
2021-11-05,IL,11,168,28
2021-11-04,IL,9,171,27
2021-11-03,IL,11,169,27
2021-11-02,IL,9,151,27
2021-11-01,IL,9,152,27
2021-10-31,IL,12,166,28
2021-10-30,IL,15,164,28
2021-10-29,IL,10,169,28
2021-10-28,IL,10,169,28
2021-10-27,IL,10,169,27
2021-10-26,IL,8,154,27
2021-10-25,IL,9,156,27
2021-10-24,IL,11,167,28
2021-10-23,IL,13,165,28
2021-10-22,IL,10,168,28
2021-10-21,IL,9,168,28
2021-10-20,IL,10,165,27
2021-10-19,IL,8,153,26
2021-10-18,IL,9,153,26
2021-10-17,IL,11,166,28
2021-10-16,IL,11,166,28
2021-10-15,IL,9,168,28
2021-10-14,IL,9,169,27
2021-10-13,IL,11,166,27
2021-10-12,IL,9,151,26
2021-10-11,IL,7,154,26
2021-10-10,IL,12,167,27
2021-10-09,IL,12,167,27
2021-10-08,IL,9,170,27
2021-10-07,IL,9,170,27
2021-10-06,IL,9,170,26
2021-10-05,IL,12,149,26
2021-10-04,IL,9,153,26
2021-10-03,IL,10,168,27
2021-10-02,IL,9,169,27
2021-10-01,IL,8,170,27
2021-09-30,IL,7,171,27
2021-09-29,IL,8,169,27
2021-09-28,IL,7,153,26
2021-09-27,IL,7,153,26
2021-09-26,IL,8,171,27
2021-09-25,IL,7,172,27
2021-09-24,IL,10,169,27
2021-09-23,IL,9,170,27
2021-09-22,IL,9,170,27
2021-09-21,IL,8,152,26
2021-09-20,IL,10,150,26
2021-09-19,IL,10,169,27
2021-09-18,IL,13,166,27
2021-09-17,IL,8,171,27
2021-09-16,IL,11,168,27
2021-09-15,IL,13,166,27
2021-09-14,IL,14,147,26
2021-09-13,IL,12,149,26
2021-09-12,IL,14,164,27
2021-09-11,IL,15,163,27
2021-09-10,IL,11,167,27
2021-09-09,IL,13,165,27
2021-09-08,IL,14,164,27
2021-09-07,IL,9,151,26
2021-09-06,IL,11,149,26
2021-09-05,IL,11,168,27
2021-09-04,IL,11,168,27
2021-09-03,IL,11,168,27
2021-09-02,IL,10,169,27
2021-09-01,IL,10,169,27
2021-08-31,IL,10,150,26
2021-08-30,IL,11,149,26
2021-08-29,IL,12,167,27
2021-08-28,IL,12,167,27
2021-08-27,IL,11,168,27
2021-08-26,IL,13,166,27
2021-08-25,IL,12,167,27
2021-08-24,IL,15,148,24
2021-08-23,IL,12,150,26
2021-08-22,IL,9,168,27
2021-08-21,IL,11,166,27
2021-08-20,IL,11,166,27
2021-08-19,IL,14,163,27
2021-08-18,IL,12,165,27
2021-08-17,IL,12,149,26
2021-08-16,IL,11,153,24
2021-08-15,IL,12,167,27
2021-08-14,IL,12,167,27
2021-08-13,IL,12,169,25
2021-08-12,IL,13,166,27
2021-08-11,IL,14,167,25
2021-08-10,IL,12,150,26
2021-08-09,IL,17,147,24
2021-08-08,IL,10,170,27
2021-08-07,IL,12,168,27
2021-08-06,IL,15,167,25
2021-08-05,IL,15,164,27
2021-08-04,IL,15,166,25
2021-08-03,IL,10,152,26
2021-08-02,IL,12,152,24
2021-08-01,IL,8,172,27
2021-07-31,IL,7,173,27
2021-07-30,IL,12,170,25
2021-07-29,IL,10,170,27
2021-07-28,IL,8,172,27
2021-07-27,IL,11,153,24
2021-07-26,IL,9,154,26
2021-07-25,IL,7,171,27
2021-07-24,IL,7,171,27
2021-07-23,IL,12,166,27
2021-07-22,IL,13,167,25
2021-07-21,IL,12,165,27
2021-07-20,IL,15,148,24
2021-07-19,IL,14,150,24
2021-07-18,IL,9,171,27
2021-07-17,IL,10,170,27
2021-07-16,IL,11,171,25
2021-07-15,IL,9,171,27
2021-07-14,IL,13,169,25
2021-07-13,IL,12,151,24
2021-07-12,IL,12,151,24
2021-07-11,IL,11,171,25
2021-07-10,IL,12,170,25
2021-07-09,IL,13,169,25
2021-07-08,IL,10,170,27
2021-07-07,IL,12,172,23
2021-07-06,IL,9,157,22
2021-07-05,IL,10,157,22
2021-07-04,IL,10,172,25
2021-07-03,IL,11,171,25
2021-07-02,IL,9,173,25
2021-07-01,IL,10,174,23
2021-06-30,IL,10,171,25
2021-06-29,IL,8,157,24
2021-06-28,IL,7,159,24
2021-06-27,IL,10,172,25
2021-06-26,IL,10,172,25
2021-06-25,IL,9,173,25
2021-06-24,IL,10,171,25
2021-06-23,IL,10,170,25
2021-06-22,IL,10,152,24
2021-06-21,IL,9,155,22
2021-06-20,IL,12,168,25
2021-06-19,IL,12,168,25
2021-06-18,IL,12,170,23
2021-06-17,IL,9,171,25
2021-06-16,IL,9,174,22
2021-06-15,IL,9,155,22
2021-06-14,IL,8,155,24
2021-06-13,IL,11,169,25
2021-06-12,IL,10,172,23
2021-06-11,IL,9,173,23
2021-06-10,IL,11,169,25
2021-06-09,IL,13,167,24
2021-06-08,IL,12,152,22
2021-06-07,IL,12,153,22
2021-06-06,IL,11,170,23
2021-06-05,IL,12,169,23
2021-06-04,IL,10,172,23
2021-06-03,IL,12,168,25
2021-06-02,IL,13,169,23
2021-06-01,IL,13,151,24
2021-05-31,IL,10,156,22
2021-05-30,IL,10,171,25
2021-05-29,IL,9,174,23
2021-05-28,IL,12,171,23
2021-05-27,IL,11,168,25
2021-05-26,IL,9,172,23
2021-05-25,IL,12,152,22
2021-05-24,IL,11,154,22
2021-05-23,IL,10,170,25
2021-05-22,IL,11,171,23
2021-05-21,IL,9,173,23
2021-05-20,IL,12,168,25
2021-05-19,IL,11,170,23
2021-05-18,IL,13,151,22
2021-05-17,IL,11,155,22
2021-05-16,IL,11,170,23
2021-05-15,IL,10,171,23
2021-05-14,IL,8,171,25
2021-05-13,IL,11,170,23
2021-05-12,IL,9,170,23
2021-05-11,IL,9,155,23
2021-05-10,IL,10,154,22
2021-05-09,IL,13,168,23
2021-05-08,IL,14,167,23
2021-05-07,IL,12,169,23
2021-05-06,IL,13,168,23
2021-05-05,IL,11,170,23
2021-05-04,IL,13,151,22
2021-05-03,IL,10,154,22
2021-05-02,IL,11,168,25
2021-05-01,IL,14,168,23
2021-04-30,IL,12,168,25
2021-04-29,IL,12,170,23
2021-04-28,IL,12,170,23
2021-04-27,IL,10,155,22
2021-04-26,IL,10,155,22
2021-04-25,IL,11,171,23
2021-04-24,IL,11,170,24
2021-04-23,IL,10,172,23
2021-04-22,IL,11,171,23
2021-04-21,IL,13,169,23
2021-04-20,IL,11,154,22
2021-04-19,IL,11,155,23
2021-04-18,IL,13,169,23
2021-04-17,IL,11,171,23
2021-04-16,IL,12,170,23
2021-04-15,IL,13,169,23
2021-04-14,IL,9,171,24
2021-04-13,IL,9,154,24
2021-04-12,IL,10,156,22
2021-04-11,IL,12,167,25
2021-04-10,IL,13,166,25
2021-04-09,IL,10,171,23
2021-04-08,IL,12,169,23
2021-04-07,IL,11,169,23
2021-04-06,IL,11,156,22
2021-04-05,IL,11,156,22
2021-04-04,IL,11,172,23
2021-04-03,IL,9,172,25
2021-04-02,IL,10,173,23
2021-04-01,IL,10,173,23
2021-03-31,IL,10,172,23
2021-03-30,IL,8,157,23
2021-03-29,IL,15,151,23
2021-03-28,IL,15,165,25
2021-03-27,IL,14,166,25
2021-03-26,IL,13,168,24
2021-03-25,IL,14,166,24
2021-03-24,IL,12,168,24
2021-03-23,IL,9,155,24
2021-03-22,IL,11,155,22
2021-03-21,IL,10,171,25
2021-03-20,IL,11,170,25
2021-03-19,IL,9,174,23
2021-03-18,IL,10,173,23
2021-03-17,IL,10,172,23
2021-03-16,IL,11,155,22
2021-03-15,IL,11,153,23
2021-03-14,IL,11,170,25
2021-03-13,IL,12,171,23
2021-03-12,IL,11,172,23
2021-03-11,IL,12,171,23
2021-03-10,IL,12,171,23
2021-03-09,IL,10,155,22
2021-03-08,IL,9,156,22
2021-03-07,IL,12,168,25
2021-03-06,IL,12,168,25
2021-03-05,IL,11,171,23
2021-03-04,IL,11,169,25
2021-03-03,IL,11,171,23
2021-03-02,IL,11,154,22
2021-03-01,IL,12,152,23
2021-02-28,IL,13,167,25
2021-02-27,IL,12,170,23
2021-02-26,IL,10,172,23
2021-02-25,IL,12,170,23
2021-02-24,IL,10,173,23
2021-02-23,IL,10,156,22
2021-02-22,IL,11,156,22
2021-02-21,IL,10,171,25
2021-02-20,IL,10,173,23
2021-02-19,IL,11,172,23
2021-02-18,IL,13,168,25
2021-02-17,IL,11,172,23
2021-02-16,IL,14,150,24
2021-02-15,IL,16,149,23
2021-02-14,IL,16,165,25
2021-02-13,IL,14,169,23
2021-02-12,IL,13,170,23
2021-02-11,IL,14,167,25
2021-02-10,IL,12,171,23
2021-02-09,IL,13,151,24
2021-02-08,IL,14,152,22
2021-02-07,IL,13,168,25
2021-02-06,IL,13,168,25
2021-02-05,IL,14,167,25
2021-02-04,IL,13,168,25
2021-02-03,IL,12,169,25
2021-02-02,IL,13,151,24
2021-02-01,IL,12,154,24
2021-01-31,IL,13,168,25
2021-01-30,IL,13,168,25
2021-01-29,IL,12,169,25
2021-01-28,IL,13,168,25
2021-01-27,IL,11,169,25
2021-01-26,IL,11,155,23
2021-01-25,IL,15,152,23
2021-01-24,IL,19,170,17
2021-01-23,IL,15,176,15
2021-01-22,IL,18,171,17
2021-01-21,IL,17,172,17
2021-01-20,IL,20,169,17
2021-01-19,IL,15,156,16
2021-01-18,IL,17,154,16
2021-01-17,IL,18,171,17
2021-01-16,IL,21,168,17
2021-01-15,IL,17,172,17
2021-01-14,IL,20,169,17
2021-01-13,IL,17,175,14
2021-01-12,IL,20,153,17
2021-01-11,IL,21,152,17
2021-01-10,IL,21,166,18
2021-01-09,IL,22,166,17
2021-01-08,IL,22,168,15
2021-01-07,IL,23,167,15
2021-01-06,IL,25,165,15
2021-01-05,IL,17,155,16
2021-01-04,IL,14,161,16
2021-01-03,IL,17,173,17
2021-01-02,IL,18,172,17
2021-01-01,IL,17,174,16
2020-12-31,IL,21,171,15
2020-12-30,IL,22,170,15
2020-12-29,IL,23,153,15
2020-12-28,IL,37,138,14
2020-12-27,IL,33,156,17
2020-12-26,IL,35,154,17
2020-12-25,IL,36,153,17
2020-12-24,IL,36,155,15
2020-12-23,IL,37,154,15
2020-12-22,IL,39,137,14
2020-12-21,IL,41,134,15
2020-12-20,IL,38,151,15
2020-12-19,IL,38,151,15
2020-12-18,IL,41,148,15
2020-12-17,IL,42,147,15
2020-12-16,IL,41,148,15
2020-12-15,IL,42,132,17
2020-12-14,IL,40,135,15
2020-12-13,IL,42,146,15
2020-12-12,IL,41,145,17
2020-12-11,IL,41,145,17
2020-12-10,IL,40,146,17
2020-12-09,IL,44,144,15
2020-12-08,IL,42,130,17
2020-12-07,IL,43,130,17
2020-12-06,IL,44,138,17
2020-12-05,IL,43,141,15
2020-12-04,IL,46,138,15
2020-12-03,IL,46,138,15
2020-12-02,IL,43,141,15
2020-12-01,IL,46,129,14
2020-11-30,IL,47,129,14
2020-11-29,IL,44,141,15
2020-11-28,IL,47,138,15
2020-11-27,IL,47,139,15
2020-11-26,IL,46,140,15
2020-11-25,IL,45,140,16
2020-11-24,IL,43,135,16
2020-11-23,IL,44,131,15
2020-11-22,IL,41,142,16
2020-11-21,IL,43,140,16
2020-11-20,IL,43,142,16
2020-11-19,IL,43,142,15
2020-11-18,IL,43,143,14
2020-11-17,IL,43,134,15
2020-11-16,IL,40,137,15
2020-11-15,IL,38,148,14
2020-11-14,IL,37,149,14
2020-11-13,IL,37,148,16
2020-11-12,IL,38,147,16
2020-11-11,IL,35,152,14
2020-11-10,IL,35,138,16
2020-11-09,IL,35,139,15
2020-11-08,IL,29,154,14
2020-11-07,IL,29,155,14
2020-11-06,IL,28,157,14
2020-11-05,IL,29,156,14
2020-11-04,IL,28,165,6
2020-11-03,IL,27,157,6
2020-11-02,IL,29,154,8
2020-11-01,IL,26,165,8
2020-10-31,IL,26,165,8
2020-10-30,IL,25,161,13
2020-10-29,IL,27,158,13
2020-10-28,IL,27,157,13
2020-10-27,IL,26,150,13
2020-10-26,IL,27,149,16
2020-10-25,IL,26,155,18
2020-10-24,IL,25,157,17
2020-10-23,IL,26,158,17
2020-10-22,IL,22,160,19
2020-10-21,IL,24,156,19
2020-10-20,IL,24,154,18
2020-10-19,IL,26,154,17
2020-10-18,IL,29,152,17
2020-10-17,IL,26,157,17
2020-10-16,IL,27,155,18
2020-10-15,IL,29,153,18
2020-10-14,IL,31,152,15
2020-10-13,IL,28,151,17
2020-10-12,IL,28,151,17
2020-10-11,IL,29,151,17
2020-10-10,IL,28,149,20
2020-10-09,IL,27,147,23
2020-10-08,IL,26,146,25
2020-10-07,IL,25,141,28
2020-10-06,IL,24,139,30
2020-10-05,IL,24,139,30
2020-10-04,IL,22,139,34
2020-10-03,IL,24,139,33
2020-10-02,IL,26,139,31
2020-10-01,IL,26,138,32
2020-09-30,IL,25,139,32
2020-09-29,IL,25,134,35
2020-09-28,IL,23,135,36
2020-09-27,IL,26,135,33
2020-09-26,IL,24,137,33
2020-09-25,IL,22,137,35
2020-09-24,IL,19,138,37
2020-09-23,IL,21,135,36
2020-09-22,IL,21,135,36
2020-09-21,IL,20,136,38
2020-09-20,IL,20,137,38
2020-09-19,IL,21,137,37
2020-09-18,IL,21,137,37
2020-09-17,IL,20,137,38
2020-09-16,IL,20,136,38
2020-09-15,IL,21,136,37
2020-09-14,IL,21,136,37
2020-09-13,IL,20,135,38
2020-09-12,IL,20,135,38
2020-09-11,IL,22,135,36
2020-09-10,IL,21,135,37
2020-09-09,IL,22,135,36
2020-09-08,IL,21,134,37
2020-09-07,IL,21,136,37
2020-09-06,IL,20,136,37
2020-09-05,IL,20,137,36
2020-09-04,IL,20,137,36
2020-09-03,IL,19,137,37
2020-09-02,IL,19,137,37
2020-09-01,IL,20,135,37
2020-08-31,IL,20,133,38
2020-08-30,IL,21,132,37
2020-08-29,IL,22,132,37
2020-08-28,IL,22,132,37
2020-08-27,IL,21,133,37
2020-08-26,IL,20,122,47
2020-08-25,IL,19,123,47
2020-08-24,IL,18,122,46
2020-08-23,IL,18,122,46
2020-08-22,IL,18,121,47
2020-08-21,IL,19,121,48
2020-08-20,IL,21,121,46
2020-08-19,IL,21,119,46
2020-08-18,IL,19,120,48
2020-08-17,IL,19,121,43
2020-08-16,IL,20,121,40
2020-08-15,IL,20,122,40
2020-08-14,IL,21,121,41
2020-08-13,IL,21,121,41
2020-08-12,IL,20,122,41
2020-08-11,IL,20,122,42
2020-08-10,IL,20,123,41
2020-08-09,IL,19,123,42
2020-08-08,IL,20,123,42
2020-08-07,IL,20,123,42
2020-08-06,IL,19,125,40
2020-08-05,IL,19,123,41
2020-08-04,IL,18,123,42
2020-08-03,IL,18,120,42
2020-08-02,IL,18,117,47
2020-08-01,IL,18,118,47
2023-04-10,IN,5,104,14
2023-04-09,IN,5,107,14
2023-04-08,IN,5,107,14
2023-04-07,IN,5,107,14
2023-04-06,IN,6,108,15
2023-04-05,IN,6,107,15
2023-04-04,IN,6,105,17
2023-04-03,IN,6,106,16
2023-04-02,IN,7,109,14
2023-04-01,IN,7,107,16
2023-03-31,IN,7,106,17
2023-03-30,IN,7,106,16
2023-03-29,IN,7,106,16
2023-03-28,IN,7,105,16
2023-03-27,IN,7,104,17
2023-03-26,IN,7,114,9
2023-03-25,IN,7,114,9
2023-03-24,IN,7,108,15
2023-03-23,IN,7,108,14
2023-03-22,IN,7,109,13
2023-03-21,IN,7,104,16
2023-03-20,IN,8,106,14
2023-03-19,IN,7,113,10
2023-03-18,IN,7,113,10
2023-03-17,IN,7,108,15
2023-03-16,IN,8,107,15
2023-03-15,IN,8,105,16
2023-03-14,IN,7,105,15
2023-03-13,IN,7,105,16
2023-03-12,IN,7,115,8
2023-03-11,IN,7,115,8
2023-03-10,IN,7,108,15
2023-03-09,IN,7,108,15
2023-03-08,IN,8,105,16
2023-03-07,IN,7,105,16
2023-03-06,IN,7,105,16
2023-03-05,IN,7,112,11
2023-03-04,IN,8,112,10
2023-03-03,IN,7,107,16
2023-03-02,IN,7,106,16
2023-03-01,IN,7,106,16
2023-02-28,IN,7,104,16
2023-02-27,IN,7,104,16
2023-02-26,IN,8,111,11
2023-02-25,IN,8,113,9
2023-02-24,IN,7,108,15
2023-02-23,IN,7,108,15
2023-02-22,IN,7,107,16
2023-02-21,IN,7,105,15
2023-02-20,IN,7,105,15
2023-02-19,IN,7,110,12
2023-02-18,IN,7,110,12
2023-02-17,IN,7,107,16
2023-02-16,IN,7,107,16
2023-02-15,IN,6,108,16
2023-02-14,IN,7,104,17
2023-02-13,IN,7,104,17
2023-02-12,IN,7,110,13
2023-02-11,IN,7,110,13
2023-02-10,IN,7,106,17
2023-02-09,IN,7,105,17
2023-02-08,IN,8,105,16
2023-02-07,IN,7,106,16
2023-02-06,IN,7,106,16
2023-02-05,IN,7,114,10
2023-02-04,IN,7,114,10
2023-02-03,IN,7,108,16
2023-02-02,IN,7,105,17
2023-02-01,IN,7,106,16
2023-01-31,IN,7,105,16
2023-01-30,IN,6,105,17
2023-01-29,IN,8,111,11
2023-01-28,IN,9,109,12
2023-01-27,IN,7,105,18
2023-01-26,IN,7,106,16
2023-01-25,IN,8,104,17
2023-01-24,IN,7,105,16
2023-01-23,IN,8,104,16
2023-01-22,IN,8,110,12
2023-01-21,IN,8,110,12
2023-01-20,IN,8,106,16
2023-01-19,IN,8,104,17
2023-01-18,IN,8,106,15
2023-01-17,IN,8,103,16
2023-01-16,IN,8,105,14
2023-01-15,IN,8,108,13
2023-01-14,IN,8,112,10
2023-01-13,IN,8,106,16
2023-01-12,IN,9,105,16
2023-01-11,IN,9,105,16
2023-01-10,IN,8,105,16
2023-01-09,IN,9,104,16
2023-01-08,IN,8,112,11
2023-01-07,IN,8,111,12
2023-01-06,IN,8,106,17
2023-01-05,IN,9,104,17
2023-01-04,IN,8,106,17
2023-01-03,IN,7,106,17
2023-01-02,IN,7,111,12
2023-01-01,IN,7,116,10
2022-12-31,IN,9,113,9
2022-12-30,IN,9,108,14
2022-12-29,IN,8,109,15
2022-12-28,IN,8,109,15
2022-12-27,IN,8,105,16
2022-12-26,IN,8,111,10
2022-12-25,IN,8,114,10
2022-12-24,IN,8,114,10
2022-12-23,IN,9,108,16
2022-12-22,IN,9,108,16
2022-12-21,IN,9,107,17
2022-12-20,IN,9,105,16
2022-12-19,IN,8,107,15
2022-12-18,IN,8,120,10
2022-12-17,IN,8,120,10
2022-12-16,IN,8,116,14
2022-12-15,IN,8,115,15
2022-12-14,IN,9,110,17
2022-12-13,IN,9,106,16
2022-12-12,IN,9,106,16
2022-12-11,IN,10,118,9
2022-12-10,IN,10,118,9
2022-12-09,IN,11,109,17
2022-12-08,IN,10,110,17
2022-12-07,IN,10,110,17
2022-12-06,IN,10,105,16
2022-12-05,IN,10,104,17
2022-12-04,IN,10,118,9
2022-12-03,IN,10,119,10
2022-12-02,IN,10,112,17
2022-12-01,IN,10,113,16
2022-11-30,IN,10,113,16
2022-11-29,IN,9,107,18
2022-11-28,IN,9,107,16
2022-11-27,IN,10,118,9
2022-11-26,IN,10,119,8
2022-11-25,IN,8,116,14
2022-11-24,IN,9,120,9
2022-11-23,IN,9,113,16
2022-11-22,IN,9,107,16
2022-11-21,IN,9,107,16
2022-11-20,IN,8,121,9
2022-11-19,IN,9,121,9
2022-11-18,IN,9,115,15
2022-11-17,IN,9,115,15
2022-11-16,IN,10,112,17
2022-11-15,IN,9,109,15
2022-11-14,IN,9,107,16
2022-11-13,IN,9,120,9
2022-11-12,IN,9,121,8
2022-11-11,IN,9,112,17
2022-11-10,IN,9,111,17
2022-11-09,IN,10,109,18
2022-11-08,IN,10,105,16
2022-11-07,IN,8,105,18
2022-11-06,IN,9,121,8
2022-11-05,IN,8,122,8
2022-11-04,IN,8,115,16
2022-11-03,IN,10,113,16
2022-11-02,IN,10,114,15
2022-11-01,IN,10,106,16
2022-10-31,IN,11,103,18
2022-10-30,IN,10,118,11
2022-10-29,IN,9,120,10
2022-10-28,IN,11,109,19
2022-10-27,IN,12,108,19
2022-10-26,IN,12,108,19
2022-10-25,IN,12,102,17
2022-10-24,IN,12,101,18
2022-10-23,IN,12,120,10
2022-10-22,IN,12,121,10
2022-10-21,IN,12,112,19
2022-10-20,IN,11,113,19
2022-10-19,IN,12,112,19
2022-10-18,IN,12,101,19
2022-10-17,IN,12,104,18
2022-10-16,IN,11,122,12
2022-10-15,IN,11,122,12
2022-10-14,IN,11,115,19
2022-10-13,IN,11,115,19
2022-10-12,IN,12,110,20
2022-10-11,IN,11,102,19
2022-10-10,IN,11,103,19
2022-10-09,IN,12,123,12
2022-10-08,IN,11,124,12
2022-10-07,IN,12,117,20
2022-10-06,IN,12,117,19
2022-10-05,IN,12,115,20
2022-10-04,IN,11,106,16
2022-10-03,IN,11,104,18
2022-10-02,IN,8,122,13
2022-10-01,IN,10,120,13
2022-09-30,IN,11,112,20
2022-09-29,IN,11,111,20
2022-09-28,IN,11,110,21
2022-09-27,IN,11,100,19
2022-09-26,IN,11,100,20
2022-09-25,IN,11,119,12
2022-09-24,IN,11,118,13
2022-09-23,IN,11,109,22
2022-09-22,IN,11,106,25
2022-09-21,IN,11,109,21
2022-09-20,IN,11,99,20
2022-09-19,IN,11,96,23
2022-09-18,IN,11,115,16
2022-09-17,IN,10,106,26
2022-09-16,IN,1,25,116
2022-09-15,IN,1,25,116
2022-09-14,IN,1,29,112
2022-09-13,IN,1,35,94
2022-09-12,IN,1,46,85
2022-09-11,IN,1,72,71
2022-09-10,IN,1,71,72
2022-09-09,IN,1,29,115
2022-09-08,IN,1,30,114
2022-09-07,IN,1,25,117
2022-09-06,IN,1,21,109
2022-09-05,IN,1,51,81
2022-09-04,IN,1,73,73
2022-09-03,IN,1,73,73
2022-09-02,IN,1,27,119
2022-09-01,IN,1,29,117
2022-08-31,IN,1,26,119
2022-08-30,IN,1,20,111
2022-08-29,IN,1,32,99
2022-08-28,IN,1,62,90
2022-08-27,IN,1,67,85
2022-08-26,IN,1,53,100
2022-08-25,IN,1,36,117
2022-08-24,IN,1,33,120
2022-08-23,IN,1,21,111
2022-08-22,IN,1,33,100
2022-08-21,IN,2,94,74
2022-08-20,IN,2,79,89
2022-08-19,IN,2,51,117
2022-08-18,IN,2,48,120
2022-08-17,IN,3,53,114
2022-08-16,IN,1,21,111
2022-08-15,IN,1,33,99
2022-08-14,IN,3,80,87
2022-08-13,IN,3,92,75
2022-08-12,IN,3,50,117
2022-08-11,IN,3,47,120
2022-08-10,IN,3,53,114
2022-08-09,IN,1,21,111
2022-08-08,IN,1,34,98
2022-08-07,IN,4,89,76
2022-08-06,IN,4,91,75
2022-08-05,IN,4,47,119
2022-08-04,IN,4,45,121
2022-08-03,IN,4,48,118
2022-08-02,IN,1,21,114
2022-08-01,IN,1,38,94
2022-07-31,IN,3,89,78
2022-07-30,IN,3,76,91
2022-07-29,IN,3,50,117
2022-07-28,IN,3,50,117
2022-07-27,IN,3,47,120
2022-07-26,IN,1,20,113
2022-07-25,IN,1,24,109
2022-07-24,IN,3,69,97
2022-07-23,IN,3,69,97
2022-07-22,IN,3,48,118
2022-07-21,IN,3,59,107
2022-07-20,IN,3,51,115
2022-07-19,IN,1,22,112
2022-07-18,IN,1,26,108
2022-07-17,IN,3,88,79
2022-07-16,IN,3,84,83
2022-07-15,IN,3,51,116
2022-07-14,IN,3,48,119
2022-07-13,IN,3,47,120
2022-07-12,IN,1,25,108
2022-07-11,IN,1,24,111
2022-07-10,IN,4,74,92
2022-07-09,IN,4,91,75
2022-07-08,IN,4,47,119
2022-07-07,IN,4,44,122
2022-07-06,IN,4,47,118
2022-07-05,IN,1,20,110
2022-07-04,IN,1,49,82
2022-07-03,IN,5,96,68
2022-07-02,IN,3,89,77
2022-07-01,IN,3,48,118
2022-06-30,IN,3,48,118
2022-06-29,IN,3,46,120
2022-06-28,IN,1,20,111
2022-06-27,IN,1,34,97
2022-06-26,IN,4,71,93
2022-06-25,IN,4,90,74
2022-06-24,IN,5,46,117
2022-06-23,IN,4,46,118
2022-06-22,IN,4,47,117
2022-06-21,IN,1,22,110
2022-06-20,IN,1,23,109
2022-06-19,IN,3,87,78
2022-06-18,IN,3,88,77
2022-06-17,IN,3,59,106
2022-06-16,IN,3,61,104
2022-06-15,IN,3,60,105
2022-06-14,IN,1,37,95
2022-06-13,IN,1,35,97
2022-06-12,IN,2,88,78
2022-06-11,IN,2,76,90
2022-06-10,IN,3,49,116
2022-06-09,IN,2,46,120
2022-06-08,IN,2,46,120
2022-06-07,IN,2,20,110
2022-06-06,IN,1,23,108
2022-06-05,IN,2,86,80
2022-06-04,IN,2,89,77
2022-06-03,IN,3,50,115
2022-06-02,IN,2,48,118
2022-06-01,IN,2,48,118
2022-05-31,IN,1,25,106
2022-05-30,IN,1,47,85
2022-05-29,IN,3,88,77
2022-05-28,IN,2,88,78
2022-05-27,IN,2,45,121
2022-05-26,IN,3,45,120
2022-05-25,IN,3,47,118
2022-05-24,IN,1,24,109
2022-05-23,IN,1,22,111
2022-05-22,IN,1,75,92
2022-05-21,IN,1,75,92
2022-05-20,IN,1,48,119
2022-05-19,IN,1,49,118
2022-05-18,IN,1,51,116
2022-05-17,IN,1,19,113
2022-05-16,IN,1,23,110
2022-05-15,IN,2,71,95
2022-05-14,IN,5,69,94
2022-05-13,IN,2,52,114
2022-05-12,IN,2,48,118
2022-05-11,IN,2,49,117
2022-05-10,IN,1,22,109
2022-05-09,IN,1,25,108
2022-05-08,IN,2,93,73
2022-05-07,IN,2,93,73
2022-05-06,IN,3,60,105
2022-05-05,IN,17,148,3
2022-05-04,IN,16,149,3
2022-05-03,IN,14,116,3
2022-05-02,IN,15,115,3
2022-05-01,IN,15,150,3
2022-04-30,IN,16,149,3
2022-04-29,IN,15,150,3
2022-04-28,IN,16,149,3
2022-04-27,IN,15,150,3
2022-04-26,IN,15,116,3
2022-04-25,IN,15,117,3
2022-04-24,IN,17,148,3
2022-04-23,IN,17,148,3
2022-04-22,IN,17,148,3
2022-04-21,IN,17,148,3
2022-04-20,IN,17,148,3
2022-04-19,IN,15,115,3
2022-04-18,IN,15,115,3
2022-04-17,IN,16,149,3
2022-04-16,IN,16,149,3
2022-04-15,IN,16,149,3
2022-04-14,IN,16,149,3
2022-04-13,IN,16,149,3
2022-04-12,IN,15,116,3
2022-04-11,IN,15,116,3
2022-04-10,IN,16,149,3
2022-04-09,IN,16,149,3
2022-04-08,IN,16,149,3
2022-04-07,IN,16,149,3
2022-04-06,IN,16,149,3
2022-04-05,IN,15,116,3
2022-04-04,IN,15,116,3
2022-04-03,IN,17,148,3
2022-04-02,IN,17,148,3
2022-04-01,IN,17,148,3
2022-03-31,IN,17,148,3
2022-03-30,IN,17,148,3
2022-03-29,IN,15,115,3
2022-03-28,IN,15,118,3
2022-03-27,IN,15,150,3
2022-03-26,IN,17,148,3
2022-03-25,IN,14,151,3
2022-03-24,IN,14,151,3
2022-03-23,IN,14,151,3
2022-03-22,IN,13,117,3
2022-03-21,IN,13,118,3
2022-03-20,IN,16,148,3
2022-03-19,IN,15,149,3
2022-03-18,IN,16,148,3
2022-03-17,IN,16,148,3
2022-03-16,IN,16,148,3
2022-03-15,IN,14,117,3
2022-03-14,IN,14,117,3
2022-03-13,IN,16,149,3
2022-03-12,IN,16,149,3
2022-03-11,IN,16,149,3
2022-03-10,IN,17,148,3
2022-03-09,IN,17,148,3
2022-03-08,IN,26,105,3
2022-03-07,IN,25,107,3
2022-03-06,IN,25,140,3
2022-03-05,IN,24,141,3
2022-03-04,IN,30,135,3
2022-03-03,IN,28,137,3
2022-03-02,IN,27,138,3
2022-03-01,IN,27,104,3
2022-02-28,IN,29,103,3
2022-02-27,IN,31,134,3
2022-02-26,IN,29,136,3
2022-02-25,IN,28,137,3
2022-02-24,IN,31,134,3
2022-02-23,IN,29,136,3
2022-02-22,IN,27,104,3
2022-02-21,IN,28,103,3
2022-02-20,IN,30,135,3
2022-02-19,IN,28,137,3
2022-02-18,IN,31,134,3
2022-02-17,IN,32,133,3
2022-02-16,IN,32,133,3
2022-02-15,IN,29,102,3
2022-02-14,IN,30,101,3
2022-02-13,IN,32,133,3
2022-02-12,IN,33,132,3
2022-02-11,IN,35,130,3
2022-02-10,IN,34,131,3
2022-02-09,IN,35,130,3
2022-02-08,IN,31,100,3
2022-02-07,IN,34,97,3
2022-02-06,IN,38,127,3
2022-02-05,IN,39,126,3
2022-02-04,IN,41,124,3
2022-02-03,IN,37,128,3
2022-02-02,IN,37,128,3
2022-02-01,IN,34,98,3
2022-01-31,IN,37,96,3
2022-01-30,IN,41,124,3
2022-01-29,IN,40,125,3
2022-01-28,IN,41,124,3
2022-01-27,IN,39,126,3
2022-01-26,IN,40,125,3
2022-01-25,IN,39,92,3
2022-01-24,IN,40,91,3
2022-01-23,IN,45,120,3
2022-01-22,IN,44,121,3
2022-01-21,IN,47,118,3
2022-01-20,IN,46,119,3
2022-01-19,IN,45,120,3
2022-01-18,IN,40,91,3
2022-01-17,IN,44,87,3
2022-01-16,IN,33,132,3
2022-01-15,IN,32,133,3
2022-01-14,IN,36,129,3
2022-01-13,IN,44,121,3
2022-01-12,IN,44,121,3
2022-01-11,IN,42,89,3
2022-01-10,IN,41,90,3
2022-01-09,IN,44,121,3
2022-01-08,IN,42,123,3
2022-01-07,IN,43,122,3
2022-01-06,IN,43,122,3
2022-01-05,IN,46,119,3
2022-01-04,IN,40,91,3
2022-01-03,IN,38,95,3
2022-01-02,IN,31,134,3
2022-01-01,IN,30,135,3
2021-12-31,IN,31,134,3
2021-12-30,IN,33,132,3
2021-12-29,IN,33,132,3
2021-12-28,IN,27,104,3
2021-12-27,IN,28,103,3
2021-12-26,IN,28,137,3
2021-12-25,IN,26,138,4
2021-12-24,IN,28,137,3
2021-12-23,IN,42,123,3
2021-12-22,IN,41,124,3
2021-12-21,IN,39,96,3
2021-12-20,IN,36,96,3
2021-12-19,IN,36,129,3
2021-12-18,IN,37,128,3
2021-12-17,IN,37,128,3
2021-12-16,IN,36,129,3
2021-12-15,IN,39,126,3
2021-12-14,IN,22,109,3
2021-12-13,IN,20,111,3
2021-12-12,IN,22,143,3
2021-12-11,IN,21,144,3
2021-12-10,IN,22,143,3
2021-12-09,IN,23,142,3
2021-12-08,IN,24,141,3
2021-12-07,IN,20,111,3
2021-12-06,IN,21,110,3
2021-12-05,IN,20,145,3
2021-12-04,IN,20,145,3
2021-12-03,IN,20,145,3
2021-12-02,IN,21,144,3
2021-12-01,IN,21,144,3
2021-11-30,IN,21,111,3
2021-11-29,IN,19,112,3
2021-11-28,IN,22,142,3
2021-11-27,IN,21,144,3
2021-11-26,IN,21,144,3
2021-11-25,IN,22,143,3
2021-11-24,IN,23,142,3
2021-11-23,IN,19,112,3
2021-11-22,IN,19,111,3
2021-11-21,IN,22,143,3
2021-11-20,IN,21,144,3
2021-11-19,IN,24,141,3
2021-11-18,IN,25,140,3
2021-11-17,IN,25,140,3
2021-11-16,IN,23,107,3
2021-11-15,IN,20,111,3
2021-11-14,IN,21,144,3
2021-11-13,IN,19,146,3
2021-11-12,IN,19,146,3
2021-11-11,IN,20,145,3
2021-11-10,IN,21,144,3
2021-11-09,IN,19,111,3
2021-11-08,IN,18,113,3
2021-11-07,IN,19,145,3
2021-11-06,IN,20,144,3
2021-11-05,IN,22,142,3
2021-11-04,IN,22,142,3
2021-11-03,IN,22,142,3
2021-11-02,IN,20,111,3
2021-11-01,IN,20,111,3
2021-10-31,IN,21,144,3
2021-10-30,IN,22,143,3
2021-10-29,IN,25,140,3
2021-10-28,IN,21,144,3
2021-10-27,IN,22,143,3
2021-10-26,IN,22,109,3
2021-10-25,IN,19,111,3
2021-10-24,IN,25,140,3
2021-10-23,IN,24,141,3
2021-10-22,IN,26,139,3
2021-10-21,IN,25,140,3
2021-10-20,IN,26,139,3
2021-10-19,IN,23,109,3
2021-10-18,IN,20,113,3
2021-10-17,IN,21,145,3
2021-10-16,IN,21,145,3
2021-10-15,IN,23,143,3
2021-10-14,IN,23,143,3
2021-10-13,IN,22,144,3
2021-10-12,IN,19,112,3
2021-10-11,IN,21,110,3
2021-10-10,IN,19,147,3
2021-10-09,IN,21,145,3
2021-10-08,IN,20,146,3
2021-10-07,IN,20,146,3
2021-10-06,IN,23,143,3
2021-10-05,IN,24,107,3
2021-10-04,IN,20,111,3
2021-10-03,IN,23,143,3
2021-10-02,IN,23,143,3
2021-10-01,IN,25,141,3
2021-09-30,IN,27,139,3
2021-09-29,IN,28,138,3
2021-09-28,IN,25,106,3
2021-09-27,IN,26,106,3
2021-09-26,IN,24,142,3
2021-09-25,IN,25,141,3
2021-09-24,IN,25,141,3
2021-09-23,IN,25,141,3
2021-09-22,IN,25,141,3
2021-09-21,IN,24,108,3
2021-09-20,IN,24,109,3
2021-09-19,IN,24,142,3
2021-09-18,IN,24,142,3
2021-09-17,IN,27,139,3
2021-09-16,IN,27,139,3
2021-09-15,IN,28,138,3
2021-09-14,IN,24,108,3
2021-09-13,IN,23,108,3
2021-09-12,IN,21,144,3
2021-09-11,IN,21,144,3
2021-09-10,IN,26,139,3
2021-09-09,IN,25,140,3
2021-09-08,IN,25,140,3
2021-09-07,IN,22,108,3
2021-09-06,IN,22,108,3
2021-09-05,IN,23,142,3
2021-09-04,IN,23,142,3
2021-09-03,IN,25,140,3
2021-09-02,IN,24,141,3
2021-09-01,IN,23,142,3
2021-08-31,IN,24,107,3
2021-08-30,IN,23,107,3
2021-08-29,IN,21,144,3
2021-08-28,IN,20,145,3
2021-08-27,IN,22,143,3
2021-08-26,IN,20,145,3
2021-08-25,IN,23,142,3
2021-08-24,IN,21,110,3
2021-08-23,IN,20,110,3
2021-08-22,IN,23,141,3
2021-08-21,IN,21,143,3
2021-08-20,IN,22,143,3
2021-08-19,IN,21,144,3
2021-08-18,IN,22,143,3
2021-08-17,IN,20,111,3
2021-08-16,IN,19,112,3
2021-08-15,IN,17,147,3
2021-08-14,IN,16,148,3
2021-08-13,IN,17,147,3
2021-08-12,IN,18,146,3
2021-08-11,IN,17,147,3
2021-08-10,IN,16,115,3
2021-08-09,IN,14,118,3
2021-08-08,IN,13,150,3
2021-08-07,IN,12,151,3
2021-08-06,IN,16,147,3
2021-08-05,IN,15,148,3
2021-08-04,IN,14,149,3
2021-08-03,IN,13,118,3
2021-08-02,IN,14,117,3
2021-08-01,IN,13,150,3
2021-07-31,IN,13,150,3
2021-07-30,IN,15,148,3
2021-07-29,IN,13,150,3
2021-07-28,IN,15,148,3
2021-07-27,IN,12,119,3
2021-07-26,IN,13,119,3
2021-07-25,IN,11,152,3
2021-07-24,IN,11,152,3
2021-07-23,IN,13,150,3
2021-07-22,IN,15,148,3
2021-07-21,IN,13,150,3
2021-07-20,IN,13,116,3
2021-07-19,IN,10,119,3
2021-07-18,IN,13,150,3
2021-07-17,IN,12,151,3
2021-07-16,IN,13,150,3
2021-07-15,IN,14,149,3
2021-07-14,IN,14,149,3
2021-07-13,IN,12,117,3
2021-07-12,IN,11,119,3
2021-07-11,IN,12,151,3
2021-07-10,IN,12,151,3
2021-07-09,IN,12,151,3
2021-07-08,IN,11,152,3
2021-07-07,IN,11,152,3
2021-07-06,IN,10,119,3
2021-07-05,IN,8,122,3
2021-07-04,IN,9,155,3
2021-07-03,IN,11,153,3
2021-07-02,IN,12,152,3
2021-07-01,IN,13,151,3
2021-06-30,IN,12,151,3
2021-06-29,IN,11,118,3
2021-06-28,IN,10,120,3
2021-06-27,IN,13,151,3
2021-06-26,IN,13,151,3
2021-06-25,IN,13,151,3
2021-06-24,IN,15,149,3
2021-06-23,IN,12,152,3
2021-06-22,IN,10,120,3
2021-06-21,IN,11,121,3
2021-06-20,IN,9,155,3
2021-06-19,IN,10,153,4
2021-06-18,IN,9,155,3
2021-06-17,IN,11,153,3
2021-06-16,IN,9,154,3
2021-06-15,IN,8,125,3
2021-06-14,IN,7,126,2
2021-06-13,IN,9,156,2
2021-06-12,IN,11,155,2
2021-06-11,IN,10,156,2
2021-06-10,IN,11,155,2
2021-06-09,IN,8,158,2
2021-06-08,IN,8,127,2
2021-06-07,IN,11,123,2
2021-06-06,IN,13,152,2
2021-06-05,IN,12,153,2
2021-06-04,IN,12,153,2
2021-06-03,IN,12,153,2
2021-06-02,IN,11,154,2
2021-06-01,IN,9,124,2
2021-05-31,IN,9,124,2
2021-05-30,IN,12,152,2
2021-05-29,IN,13,151,2
2021-05-28,IN,13,151,2
2021-05-27,IN,13,151,2
2021-05-26,IN,12,152,2
2021-05-25,IN,9,125,2
2021-05-24,IN,10,124,2
2021-05-23,IN,11,153,2
2021-05-22,IN,10,154,2
2021-05-21,IN,11,153,2
2021-05-20,IN,11,153,2
2021-05-19,IN,11,153,2
2021-05-18,IN,9,124,2
2021-05-17,IN,10,123,2
2021-05-16,IN,10,153,3
2021-05-15,IN,9,154,3
2021-05-14,IN,11,153,2
2021-05-13,IN,10,153,2
2021-05-12,IN,10,153,2
2021-05-11,IN,9,124,2
2021-05-10,IN,10,124,2
2021-05-09,IN,14,149,2
2021-05-08,IN,14,149,2
2021-05-07,IN,13,150,2
2021-05-06,IN,13,150,2
2021-05-05,IN,12,151,2
2021-05-04,IN,12,122,2
2021-05-03,IN,10,123,2
2021-05-02,IN,12,151,2
2021-05-01,IN,13,150,2
2021-04-30,IN,13,150,2
2021-04-29,IN,14,149,2
2021-04-28,IN,13,150,2
2021-04-27,IN,11,124,2
2021-04-26,IN,13,121,2
2021-04-25,IN,13,150,2
2021-04-24,IN,13,150,2
2021-04-23,IN,12,151,2
2021-04-22,IN,12,151,2
2021-04-21,IN,12,151,2
2021-04-20,IN,10,124,2
2021-04-19,IN,10,124,2
2021-04-18,IN,12,151,2
2021-04-17,IN,11,152,2
2021-04-16,IN,12,151,2
2021-04-15,IN,13,150,2
2021-04-14,IN,11,152,2
2021-04-13,IN,10,126,2
2021-04-12,IN,11,127,2
2021-04-11,IN,11,152,2
2021-04-10,IN,11,152,2
2021-04-09,IN,11,152,2
2021-04-08,IN,12,151,2
2021-04-07,IN,11,152,2
2021-04-06,IN,11,124,2
2021-04-05,IN,9,125,2
2021-04-04,IN,11,152,2
2021-04-03,IN,10,153,2
2021-04-02,IN,12,151,2
2021-04-01,IN,12,151,2
2021-03-31,IN,11,152,2
2021-03-30,IN,10,124,2
2021-03-29,IN,10,124,2
2021-03-28,IN,11,152,2
2021-03-27,IN,11,152,2
2021-03-26,IN,12,151,2
2021-03-25,IN,10,153,2
2021-03-24,IN,12,151,2
2021-03-23,IN,10,124,2
2021-03-22,IN,11,123,2
2021-03-21,IN,11,152,2
2021-03-20,IN,11,152,2
2021-03-19,IN,13,150,2
2021-03-18,IN,13,150,2
2021-03-17,IN,12,151,2
2021-03-16,IN,10,123,2
2021-03-15,IN,10,123,2
2021-03-14,IN,12,151,2
2021-03-13,IN,13,150,2
2021-03-12,IN,12,151,2
2021-03-11,IN,12,151,2
2021-03-10,IN,13,150,2
2021-03-09,IN,12,122,2
2021-03-08,IN,12,122,2
2021-03-07,IN,11,152,2
2021-03-06,IN,11,152,2
2021-03-05,IN,13,150,2
2021-03-04,IN,13,150,2
2021-03-03,IN,13,150,2
2021-03-02,IN,11,123,2
2021-03-01,IN,12,123,2
2021-02-28,IN,12,151,2
2021-02-27,IN,13,150,2
2021-02-26,IN,13,150,2
2021-02-25,IN,13,150,2
2021-02-24,IN,14,149,2
2021-02-23,IN,12,122,2
2021-02-22,IN,14,120,2
2021-02-21,IN,13,150,2
2021-02-20,IN,14,149,2
2021-02-19,IN,17,146,2
2021-02-18,IN,16,147,2
2021-02-17,IN,18,145,2
2021-02-16,IN,15,119,2
2021-02-15,IN,15,119,2
2021-02-14,IN,14,150,2
2021-02-13,IN,15,149,2
2021-02-12,IN,18,146,2
2021-02-11,IN,17,147,2
2021-02-10,IN,18,146,2
2021-02-09,IN,16,119,2
2021-02-08,IN,17,119,2
2021-02-07,IN,16,148,2
2021-02-06,IN,18,146,2
2021-02-05,IN,21,143,2
2021-02-04,IN,21,143,2
2021-02-03,IN,20,144,2
2021-02-02,IN,18,118,2
2021-02-01,IN,18,118,2
2021-01-31,IN,16,148,2
2021-01-30,IN,19,145,2
2021-01-29,IN,17,147,2
2021-01-28,IN,17,147,2
2021-01-27,IN,20,144,2
2021-01-26,IN,21,115,2
2021-01-25,IN,20,116,2
2021-01-24,IN,24,140,2
2021-01-23,IN,25,139,2
2021-01-22,IN,24,140,2
2021-01-21,IN,25,139,2
2021-01-20,IN,23,141,2
2021-01-19,IN,22,113,2
2021-01-18,IN,23,113,2
2021-01-17,IN,24,140,2
2021-01-16,IN,26,138,2
2021-01-15,IN,28,136,2
2021-01-14,IN,24,140,2
2021-01-13,IN,29,135,2
2021-01-12,IN,24,111,2
2021-01-11,IN,26,109,2
2021-01-10,IN,28,136,2
2021-01-09,IN,30,134,2
2021-01-08,IN,32,132,2
2021-01-07,IN,28,136,2
2021-01-06,IN,29,135,2
2021-01-05,IN,24,111,2
2021-01-04,IN,29,106,2
2021-01-03,IN,29,135,2
2021-01-02,IN,29,135,2
2021-01-01,IN,30,134,2
2020-12-31,IN,29,135,2
2020-12-30,IN,29,135,2
2020-12-29,IN,28,107,2
2020-12-28,IN,29,106,2
2020-12-27,IN,36,127,2
2020-12-26,IN,32,131,2
2020-12-25,IN,35,128,2
2020-12-24,IN,39,124,2
2020-12-23,IN,36,127,2
2020-12-22,IN,34,105,2
2020-12-21,IN,31,107,2
2020-12-20,IN,35,129,2
2020-12-19,IN,34,130,2
2020-12-18,IN,36,127,2
2020-12-17,IN,36,127,2
2020-12-16,IN,32,131,2
2020-12-15,IN,32,105,2
2020-12-14,IN,32,104,2
2020-12-13,IN,34,129,2
2020-12-12,IN,35,128,2
2020-12-11,IN,37,125,3
2020-12-10,IN,42,121,2
2020-12-09,IN,41,122,2
2020-12-08,IN,35,104,3
2020-12-07,IN,37,102,3
2020-12-06,IN,40,122,3
2020-12-05,IN,40,122,3
2020-12-04,IN,39,124,3
2020-12-03,IN,37,126,3
2020-12-02,IN,37,126,3
2020-12-01,IN,37,103,3
2020-11-30,IN,31,108,3
2020-11-29,IN,39,123,2
2020-11-28,IN,40,122,2
2020-11-27,IN,42,121,3
2020-11-26,IN,37,126,3
2020-11-25,IN,38,125,3
2020-11-24,IN,34,105,3
2020-11-23,IN,30,107,3
2020-11-22,IN,30,132,3
2020-11-21,IN,34,128,3
2020-11-20,IN,36,126,3
2020-11-19,IN,32,130,3
2020-11-18,IN,32,130,3
2020-11-17,IN,28,111,3
2020-11-16,IN,28,109,3
2020-11-15,IN,34,126,3
2020-11-14,IN,34,127,3
2020-11-13,IN,33,128,3
2020-11-12,IN,33,128,3
2020-11-11,IN,32,127,3
2020-11-10,IN,30,109,3
2020-11-09,IN,25,111,3
2020-11-08,IN,30,126,4
2020-11-07,IN,31,125,4
2020-11-06,IN,30,128,3
2020-11-05,IN,29,129,3
2020-11-04,IN,29,129,3
2020-11-03,IN,27,115,3
2020-11-02,IN,27,115,4
2020-11-01,IN,29,125,7
2020-10-31,IN,27,127,7
2020-10-30,IN,25,130,7
2020-10-29,IN,25,129,7
2020-10-28,IN,23,131,6
2020-10-27,IN,23,116,4
2020-10-26,IN,23,116,5
2020-10-25,IN,25,126,7
2020-10-24,IN,26,127,6
2020-10-23,IN,24,130,6
2020-10-22,IN,23,131,6
2020-10-21,IN,22,130,5
2020-10-20,IN,25,117,6
2020-10-19,IN,27,115,6
2020-10-18,IN,26,121,6
2020-10-17,IN,26,122,6
2020-10-16,IN,27,123,6
2020-10-15,IN,24,124,6
2020-10-14,IN,24,122,9
2020-10-13,IN,25,116,10
2020-10-12,IN,23,118,11
2020-10-11,IN,20,120,12
2020-10-10,IN,19,121,12
2020-10-09,IN,20,121,11
2020-10-08,IN,18,119,11
2020-10-07,IN,18,118,12
2020-10-06,IN,16,120,12
2020-10-05,IN,16,120,13
2020-10-04,IN,17,119,13
2020-10-03,IN,17,119,13
2020-10-02,IN,17,120,13
2020-10-01,IN,17,120,13
2020-09-30,IN,17,120,13
2020-09-29,IN,17,120,13
2020-09-28,IN,17,121,13
2020-09-27,IN,17,121,13
2020-09-26,IN,17,121,13
2020-09-25,IN,17,121,13
2020-09-24,IN,17,121,13
2020-09-23,IN,17,121,13
2020-09-22,IN,16,123,13
2020-09-21,IN,16,123,13
2020-09-20,IN,17,122,12
2020-09-19,IN,16,123,12
2020-09-18,IN,18,121,13
2020-09-17,IN,18,121,13
2020-09-16,IN,17,121,13
2020-09-15,IN,16,122,13
2020-09-14,IN,17,120,13
2020-09-13,IN,17,118,11
2020-09-12,IN,17,117,11
2020-09-11,IN,16,118,11
2020-09-10,IN,16,117,11
2020-09-09,IN,17,116,11
2020-09-08,IN,18,115,11
2020-09-07,IN,19,114,10
2020-09-06,IN,19,114,10
2020-09-05,IN,19,114,11
2020-09-04,IN,20,113,11
2020-09-03,IN,18,112,11
2020-09-02,IN,18,112,11
2020-09-01,IN,18,114,10
2020-08-31,IN,20,110,12
2020-08-30,IN,18,110,13
2020-08-29,IN,19,109,13
2020-08-28,IN,19,109,13
2020-08-27,IN,18,109,14
2020-08-26,IN,17,109,15
2020-08-25,IN,16,106,15
2020-08-24,IN,17,105,14
2020-08-23,IN,16,106,13
2020-08-22,IN,16,106,13
2020-08-21,IN,19,107,14
2020-08-20,IN,17,109,14
2020-08-19,IN,19,107,14
2020-08-18,IN,19,106,14
2020-08-17,IN,16,110,12
2020-08-16,IN,13,109,11
2020-08-15,IN,14,108,11
2020-08-14,IN,18,107,13
2020-08-13,IN,19,106,13
2020-08-12,IN,18,108,12
2020-08-11,IN,19,107,12
2020-08-10,IN,17,109,12
2020-08-09,IN,15,106,12
2020-08-08,IN,16,105,12
2020-08-07,IN,17,104,12
2020-08-06,IN,16,106,11
2020-08-05,IN,16,104,12
2020-08-04,IN,16,103,13
2020-08-03,IN,15,102,13
2020-08-02,IN,17,103,12
2020-08-01,IN,17,103,13
2023-04-10,KS,13,79,10
2023-04-09,KS,14,83,10
2023-04-08,KS,15,85,10
2023-04-07,KS,16,86,10
2023-04-06,KS,16,87,14
2023-04-05,KS,20,88,10
2023-04-04,KS,16,91,13
2023-04-03,KS,17,91,13
2023-04-02,KS,17,94,13
2023-04-01,KS,17,96,14
2023-03-31,KS,16,99,13
2023-03-30,KS,15,99,14
2023-03-29,KS,19,100,9
2023-03-28,KS,15,98,13
2023-03-27,KS,15,98,14
2023-03-26,KS,15,100,15
2023-03-25,KS,16,100,14
2023-03-24,KS,16,99,15
2023-03-23,KS,16,100,14
2023-03-22,KS,20,101,9
2023-03-21,KS,17,98,13
2023-03-20,KS,17,98,13
2023-03-19,KS,16,101,13
2023-03-18,KS,16,100,14
2023-03-17,KS,16,100,14
2023-03-16,KS,17,100,13
2023-03-15,KS,18,103,9
2023-03-14,KS,15,99,14
2023-03-13,KS,15,99,14
2023-03-12,KS,17,100,14
2023-03-11,KS,15,103,13
2023-03-10,KS,16,101,14
2023-03-09,KS,14,103,14
2023-03-08,KS,19,103,9
2023-03-07,KS,15,100,14
2023-03-06,KS,16,99,14
2023-03-05,KS,15,102,14
2023-03-04,KS,15,102,14
2023-03-03,KS,15,101,15
2023-03-02,KS,15,102,14
2023-03-01,KS,15,104,12
2023-02-28,KS,14,101,14
2023-02-27,KS,15,100,14
2023-02-26,KS,15,103,14
2023-02-25,KS,14,104,14
2023-02-24,KS,16,102,14
2023-02-23,KS,16,102,14
2023-02-22,KS,15,105,12
2023-02-21,KS,16,101,14
2023-02-20,KS,14,103,14
2023-02-19,KS,15,104,14
2023-02-18,KS,15,104,14
2023-02-17,KS,16,104,13
2023-02-16,KS,16,103,14
2023-02-15,KS,17,104,12
2023-02-14,KS,17,100,14
2023-02-13,KS,16,101,14
2023-02-12,KS,18,101,14
2023-02-11,KS,18,100,15
2023-02-10,KS,18,101,14
2023-02-09,KS,18,100,15
2023-02-08,KS,18,101,14
2023-02-07,KS,17,100,15
2023-02-06,KS,17,101,14
2023-02-05,KS,16,103,14
2023-02-04,KS,17,102,14
2023-02-03,KS,18,101,14
2023-02-02,KS,18,100,15
2023-02-01,KS,20,102,11
2023-01-31,KS,21,97,14
2023-01-30,KS,18,100,14
2023-01-29,KS,18,102,14
2023-01-28,KS,18,101,14
2023-01-27,KS,18,100,15
2023-01-26,KS,18,101,14
2023-01-25,KS,17,103,13
2023-01-24,KS,19,99,14
2023-01-23,KS,18,100,14
2023-01-22,KS,18,101,14
2023-01-21,KS,19,101,13
2023-01-20,KS,19,100,14
2023-01-19,KS,17,102,14
2023-01-18,KS,20,101,12
2023-01-17,KS,21,97,14
2023-01-16,KS,20,99,13
2023-01-15,KS,18,101,14
2023-01-14,KS,18,101,15
2023-01-13,KS,17,102,15
2023-01-12,KS,19,101,14
2023-01-11,KS,17,105,12
2023-01-10,KS,17,102,14
2023-01-09,KS,18,102,13
2023-01-08,KS,18,102,14
2023-01-07,KS,19,100,15
2023-01-06,KS,20,99,15
2023-01-05,KS,18,100,16
2023-01-04,KS,20,102,12
2023-01-03,KS,19,100,14
2023-01-02,KS,19,100,14
2023-01-01,KS,19,101,14
2022-12-31,KS,21,98,11
2022-12-30,KS,19,99,12
2022-12-29,KS,19,100,14
2022-12-28,KS,20,104,9
2022-12-27,KS,20,100,12
2022-12-26,KS,19,101,13
2022-12-25,KS,19,103,13
2022-12-24,KS,19,103,13
2022-12-23,KS,19,106,10
2022-12-22,KS,19,105,11
2022-12-21,KS,19,107,9
2022-12-20,KS,20,103,11
2022-12-19,KS,21,100,13
2022-12-18,KS,23,103,13
2022-12-17,KS,22,105,12
2022-12-16,KS,20,104,15
2022-12-15,KS,25,100,13
2022-12-14,KS,30,98,7
2022-12-13,KS,30,98,7
2022-12-12,KS,30,98,7
2022-12-11,KS,28,101,7
2022-12-10,KS,29,100,7
2022-12-09,KS,29,101,7
2022-12-08,KS,30,101,7
2022-12-07,KS,30,101,7
2022-12-06,KS,30,100,7
2022-12-05,KS,30,101,7
2022-12-04,KS,30,103,7
2022-12-03,KS,30,104,7
2022-12-02,KS,28,106,7
2022-12-01,KS,28,106,7
2022-11-30,KS,30,103,7
2022-11-29,KS,30,102,7
2022-11-28,KS,29,103,7
2022-11-27,KS,27,106,7
2022-11-26,KS,28,105,7
2022-11-25,KS,27,106,7
2022-11-24,KS,29,104,7
2022-11-23,KS,28,105,7
2022-11-22,KS,29,103,7
2022-11-21,KS,28,104,7
2022-11-20,KS,29,104,7
2022-11-19,KS,29,104,7
2022-11-18,KS,27,106,7
2022-11-17,KS,28,105,7
2022-11-16,KS,26,107,7
2022-11-15,KS,25,107,7
2022-11-14,KS,25,107,7
2022-11-13,KS,25,107,7
2022-11-12,KS,25,107,7
2022-11-11,KS,26,107,7
2022-11-10,KS,27,106,7
2022-11-09,KS,28,105,7
2022-11-08,KS,27,105,7
2022-11-07,KS,26,106,7
2022-11-06,KS,26,107,7
2022-11-05,KS,26,107,7
2022-11-04,KS,24,109,7
2022-11-03,KS,26,107,7
2022-11-02,KS,27,106,7
2022-11-01,KS,25,107,7
2022-10-31,KS,27,105,7
2022-10-30,KS,26,107,7
2022-10-29,KS,27,106,7
2022-10-28,KS,27,106,7
2022-10-27,KS,27,106,7
2022-10-26,KS,28,105,7
2022-10-25,KS,27,105,7
2022-10-24,KS,29,103,7
2022-10-23,KS,27,106,7
2022-10-22,KS,28,105,7
2022-10-21,KS,28,105,7
2022-10-20,KS,28,105,7
2022-10-19,KS,29,104,7
2022-10-18,KS,29,103,7
2022-10-17,KS,29,103,7
2022-10-16,KS,29,104,7
2022-10-15,KS,29,105,7
2022-10-14,KS,30,104,7
2022-10-13,KS,28,106,7
2022-10-12,KS,29,105,7
2022-10-11,KS,29,104,7
2022-10-10,KS,27,105,7
2022-10-09,KS,29,108,7
2022-10-08,KS,29,108,7
2022-10-07,KS,29,108,7
2022-10-06,KS,28,109,7
2022-10-05,KS,28,109,7
2022-10-04,KS,28,105,7
2022-10-03,KS,27,106,7
2022-10-02,KS,27,107,7
2022-10-01,KS,27,107,7
2022-09-30,KS,27,107,7
2022-09-29,KS,28,105,7
2022-09-28,KS,28,105,7
2022-09-27,KS,27,105,7
2022-09-26,KS,28,105,7
2022-09-25,KS,28,106,7
2022-09-24,KS,28,106,7
2022-09-23,KS,27,107,7
2022-09-22,KS,28,106,7
2022-09-21,KS,26,108,7
2022-09-20,KS,27,106,7
2022-09-19,KS,25,108,7
2022-09-18,KS,26,108,7
2022-09-17,KS,25,109,7
2022-09-16,KS,27,107,7
2022-09-15,KS,28,106,7
2022-09-14,KS,27,107,7
2022-09-13,KS,27,106,7
2022-09-12,KS,26,107,7
2022-09-11,KS,27,107,7
2022-09-10,KS,27,107,7
2022-09-09,KS,28,108,7
2022-09-08,KS,28,108,7
2022-09-07,KS,27,109,7
2022-09-06,KS,25,110,7
2022-09-05,KS,25,110,7
2022-09-04,KS,25,111,7
2022-09-03,KS,25,111,7
2022-09-02,KS,25,111,7
2022-09-01,KS,25,111,7
2022-08-31,KS,26,110,7
2022-08-30,KS,26,109,7
2022-08-29,KS,25,110,7
2022-08-28,KS,25,111,7
2022-08-27,KS,24,112,7
2022-08-26,KS,24,112,7
2022-08-25,KS,24,112,7
2022-08-24,KS,25,111,7
2022-08-23,KS,24,111,7
2022-08-22,KS,22,113,7
2022-08-21,KS,25,114,7
2022-08-20,KS,25,114,7
2022-08-19,KS,25,114,7
2022-08-18,KS,25,114,7
2022-08-17,KS,23,116,7
2022-08-16,KS,26,109,7
2022-08-15,KS,26,109,7
2022-08-14,KS,26,115,7
2022-08-13,KS,24,117,7
2022-08-12,KS,25,116,7
2022-08-11,KS,26,115,7
2022-08-10,KS,27,114,7
2022-08-09,KS,26,109,7
2022-08-08,KS,24,111,7
2022-08-07,KS,29,114,7
2022-08-06,KS,28,115,7
2022-08-05,KS,28,115,7
2022-08-04,KS,29,114,7
2022-08-03,KS,29,114,7
2022-08-02,KS,27,108,7
2022-08-01,KS,26,109,7
2022-07-31,KS,28,115,7
2022-07-30,KS,28,115,7
2022-07-29,KS,26,117,7
2022-07-28,KS,29,114,7
2022-07-27,KS,31,112,7
2022-07-26,KS,26,109,7
2022-07-25,KS,25,110,7
2022-07-24,KS,25,118,7
2022-07-23,KS,26,117,7
2022-07-22,KS,27,116,7
2022-07-21,KS,28,115,7
2022-07-20,KS,31,112,7
2022-07-19,KS,27,108,7
2022-07-18,KS,27,108,7
2022-07-17,KS,28,115,7
2022-07-16,KS,28,115,7
2022-07-15,KS,28,115,7
2022-07-14,KS,27,116,7
2022-07-13,KS,29,114,7
2022-07-12,KS,27,108,7
2022-07-11,KS,26,109,7
2022-07-10,KS,27,116,7
2022-07-09,KS,28,115,7
2022-07-08,KS,27,116,7
2022-07-07,KS,27,116,7
2022-07-06,KS,29,114,7
2022-07-05,KS,25,110,7
2022-07-04,KS,27,108,7
2022-07-03,KS,26,117,7
2022-07-02,KS,28,115,7
2022-07-01,KS,27,116,7
2022-06-30,KS,29,114,7
2022-06-29,KS,29,114,7
2022-06-28,KS,26,109,7
2022-06-27,KS,28,107,7
2022-06-26,KS,29,114,7
2022-06-25,KS,31,112,7
2022-06-24,KS,29,114,7
2022-06-23,KS,29,114,7
2022-06-22,KS,32,111,7
2022-06-21,KS,29,106,7
2022-06-20,KS,30,105,7
2022-06-19,KS,30,113,7
2022-06-18,KS,31,112,7
2022-06-17,KS,31,112,7
2022-06-16,KS,30,113,7
2022-06-15,KS,30,113,7
2022-06-14,KS,30,105,7
2022-06-13,KS,30,105,7
2022-06-12,KS,30,113,7
2022-06-11,KS,30,113,7
2022-06-10,KS,31,112,7
2022-06-09,KS,32,111,7
2022-06-08,KS,32,111,7
2022-06-07,KS,29,107,7
2022-06-06,KS,29,107,7
2022-06-05,KS,29,114,7
2022-06-04,KS,28,115,7
2022-06-03,KS,28,115,7
2022-06-02,KS,28,115,7
2022-06-01,KS,30,113,7
2022-05-31,KS,28,107,7
2022-05-30,KS,29,106,7
2022-05-29,KS,28,115,7
2022-05-28,KS,29,114,7
2022-05-27,KS,30,113,7
2022-05-26,KS,29,114,7
2022-05-25,KS,32,111,7
2022-05-24,KS,29,106,7
2022-05-23,KS,27,108,7
2022-05-22,KS,28,115,7
2022-05-21,KS,30,113,7
2022-05-20,KS,31,112,7
2022-05-19,KS,30,113,7
2022-05-18,KS,32,111,7
2022-05-17,KS,27,108,7
2022-05-16,KS,28,107,7
2022-05-15,KS,30,113,7
2022-05-14,KS,30,113,7
2022-05-13,KS,30,113,7
2022-05-12,KS,30,113,7
2022-05-11,KS,32,111,7
2022-05-10,KS,28,107,7
2022-05-09,KS,26,109,7
2022-05-08,KS,28,115,7
2022-05-07,KS,29,114,7
2022-05-06,KS,29,114,7
2022-05-05,KS,29,113,7
2022-05-04,KS,31,110,7
2022-05-03,KS,29,107,7
2022-05-02,KS,29,107,7
2022-05-01,KS,31,112,7
2022-04-30,KS,31,112,7
2022-04-29,KS,30,113,7
2022-04-28,KS,30,113,7
2022-04-27,KS,30,113,7
2022-04-26,KS,28,108,7
2022-04-25,KS,28,108,7
2022-04-24,KS,28,115,7
2022-04-23,KS,31,112,7
2022-04-22,KS,28,115,7
2022-04-21,KS,30,113,7
2022-04-20,KS,32,111,7
2022-04-19,KS,30,106,7
2022-04-18,KS,29,107,7
2022-04-17,KS,30,113,7
2022-04-16,KS,32,111,7
2022-04-15,KS,29,114,7
2022-04-14,KS,31,112,7
2022-04-13,KS,32,111,7
2022-04-12,KS,30,106,7
2022-04-11,KS,28,108,7
2022-04-10,KS,29,114,7
2022-04-09,KS,30,113,7
2022-04-08,KS,29,114,7
2022-04-07,KS,30,113,7
2022-04-06,KS,31,112,7
2022-04-05,KS,30,106,7
2022-04-04,KS,31,105,7
2022-04-03,KS,32,111,7
2022-04-02,KS,31,112,7
2022-04-01,KS,32,111,7
2022-03-31,KS,33,110,7
2022-03-30,KS,34,109,7
2022-03-29,KS,29,107,7
2022-03-28,KS,31,105,7
2022-03-27,KS,33,110,7
2022-03-26,KS,34,109,7
2022-03-25,KS,32,111,7
2022-03-24,KS,33,110,7
2022-03-23,KS,36,107,7
2022-03-22,KS,31,106,7
2022-03-21,KS,29,109,7
2022-03-20,KS,35,108,7
2022-03-19,KS,35,108,7
2022-03-18,KS,31,112,7
2022-03-17,KS,29,114,7
2022-03-16,KS,33,110,7
2022-03-15,KS,32,104,7
2022-03-14,KS,31,105,7
2022-03-13,KS,30,113,7
2022-03-12,KS,33,110,7
2022-03-11,KS,32,111,7
2022-03-10,KS,32,111,7
2022-03-09,KS,32,111,7
2022-03-08,KS,33,105,7
2022-03-07,KS,33,104,7
2022-03-06,KS,35,109,7
2022-03-05,KS,33,111,7
2022-03-04,KS,33,111,7
2022-03-03,KS,36,108,7
2022-03-02,KS,37,107,7
2022-03-01,KS,33,105,7
2022-02-28,KS,34,103,7
2022-02-27,KS,36,107,7
2022-02-26,KS,38,105,7
2022-02-25,KS,38,105,7
2022-02-24,KS,35,108,7
2022-02-23,KS,40,103,7
2022-02-22,KS,36,101,7
2022-02-21,KS,37,100,7
2022-02-20,KS,38,106,7
2022-02-19,KS,38,106,7
2022-02-18,KS,40,104,7
2022-02-17,KS,38,106,7
2022-02-16,KS,39,105,7
2022-02-15,KS,39,98,7
2022-02-14,KS,39,98,7
2022-02-13,KS,34,110,7
2022-02-12,KS,39,105,7
2022-02-11,KS,38,106,7
2022-02-10,KS,38,106,7
2022-02-09,KS,42,102,7
2022-02-08,KS,43,95,7
2022-02-07,KS,41,97,7
2022-02-06,KS,40,104,7
2022-02-05,KS,43,101,7
2022-02-04,KS,45,99,7
2022-02-03,KS,46,98,7
2022-02-02,KS,47,97,7
2022-02-01,KS,42,95,7
2022-01-31,KS,46,91,7
2022-01-30,KS,44,100,7
2022-01-29,KS,46,98,7
2022-01-28,KS,45,99,7
2022-01-27,KS,50,94,7
2022-01-26,KS,46,98,7
2022-01-25,KS,50,87,7
2022-01-24,KS,49,88,7
2022-01-23,KS,47,97,7
2022-01-22,KS,52,92,7
2022-01-21,KS,49,95,7
2022-01-20,KS,49,95,7
2022-01-19,KS,55,89,7
2022-01-18,KS,52,85,7
2022-01-17,KS,52,85,7
2022-01-16,KS,52,92,7
2022-01-15,KS,53,91,7
2022-01-14,KS,46,98,7
2022-01-13,KS,54,90,7
2022-01-12,KS,55,88,7
2022-01-11,KS,47,89,7
2022-01-10,KS,43,93,7
2022-01-09,KS,45,98,7
2022-01-08,KS,46,97,7
2022-01-07,KS,42,101,7
2022-01-06,KS,37,106,7
2022-01-05,KS,39,104,7
2022-01-04,KS,39,97,7
2022-01-03,KS,37,99,7
2022-01-02,KS,36,106,7
2022-01-01,KS,36,106,7
2021-12-31,KS,37,105,7
2021-12-30,KS,40,102,7
2021-12-29,KS,34,108,7
2021-12-28,KS,35,100,8
2021-12-27,KS,29,106,8
2021-12-26,KS,29,113,8
2021-12-25,KS,29,113,8
2021-12-24,KS,31,111,8
2021-12-23,KS,28,114,8
2021-12-22,KS,34,108,8
2021-12-21,KS,31,104,8
2021-12-20,KS,30,106,7
2021-12-19,KS,30,113,7
2021-12-18,KS,33,109,8
2021-12-17,KS,34,108,8
2021-12-16,KS,31,112,7
2021-12-15,KS,35,108,7
2021-12-14,KS,35,101,7
2021-12-13,KS,32,103,8
2021-12-12,KS,32,110,8
2021-12-11,KS,32,110,8
2021-12-10,KS,33,109,8
2021-12-09,KS,34,108,8
2021-12-08,KS,31,111,8
2021-12-07,KS,29,106,8
2021-12-06,KS,31,105,7
2021-12-05,KS,27,116,7
2021-12-04,KS,30,112,8
2021-12-03,KS,28,114,8
2021-12-02,KS,27,115,8
2021-12-01,KS,26,116,8
2021-11-30,KS,28,108,8
2021-11-29,KS,32,104,8
2021-11-28,KS,28,113,8
2021-11-27,KS,27,115,8
2021-11-26,KS,29,113,8
2021-11-25,KS,28,114,8
2021-11-24,KS,33,109,8
2021-11-23,KS,30,107,8
2021-11-22,KS,29,107,8
2021-11-21,KS,29,113,8
2021-11-20,KS,27,115,8
2021-11-19,KS,31,111,8
2021-11-18,KS,32,110,8
2021-11-17,KS,33,109,8
2021-11-16,KS,28,109,8
2021-11-15,KS,28,109,8
2021-11-14,KS,26,116,8
2021-11-13,KS,27,115,8
2021-11-12,KS,28,114,8
2021-11-11,KS,33,109,8
2021-11-10,KS,35,107,8
2021-11-09,KS,34,103,8
2021-11-08,KS,31,106,8
2021-11-07,KS,26,116,8
2021-11-06,KS,27,115,8
2021-11-05,KS,30,111,8
2021-11-04,KS,32,109,8
2021-11-03,KS,33,108,8
2021-11-02,KS,32,105,7
2021-11-01,KS,32,105,7
2021-10-31,KS,31,110,7
2021-10-30,KS,31,109,8
2021-10-29,KS,29,111,8
2021-10-28,KS,32,108,8
2021-10-27,KS,35,105,8
2021-10-26,KS,30,106,8
2021-10-25,KS,29,107,8
2021-10-24,KS,27,115,8
2021-10-23,KS,26,116,8
2021-10-22,KS,30,112,8
2021-10-21,KS,31,112,7
2021-10-20,KS,32,111,7
2021-10-19,KS,31,106,7
2021-10-18,KS,30,107,7
2021-10-17,KS,28,115,7
2021-10-16,KS,30,112,8
2021-10-15,KS,29,113,8
2021-10-14,KS,32,110,8
2021-10-13,KS,30,112,8
2021-10-12,KS,29,107,8
2021-10-11,KS,26,111,7
2021-10-10,KS,29,113,7
2021-10-09,KS,27,115,7
2021-10-08,KS,28,113,8
2021-10-07,KS,29,113,7
2021-10-06,KS,30,111,8
2021-10-05,KS,26,110,8
2021-10-04,KS,26,110,8
2021-10-03,KS,26,116,8
2021-10-02,KS,26,116,8
2021-10-01,KS,26,116,8
2021-09-30,KS,25,117,8
2021-09-29,KS,29,113,8
2021-09-28,KS,28,108,8
2021-09-27,KS,27,109,8
2021-09-26,KS,25,117,8
2021-09-25,KS,23,119,8
2021-09-24,KS,23,119,8
2021-09-23,KS,26,116,8
2021-09-22,KS,29,113,8
2021-09-21,KS,25,112,7
2021-09-20,KS,26,111,7
2021-09-19,KS,24,119,7
2021-09-18,KS,24,119,7
2021-09-17,KS,24,119,7
2021-09-16,KS,26,117,7
2021-09-15,KS,27,116,7
2021-09-14,KS,25,112,7
2021-09-13,KS,24,113,7
2021-09-12,KS,23,120,7
2021-09-11,KS,23,120,7
2021-09-10,KS,25,118,7
2021-09-09,KS,25,118,7
2021-09-08,KS,27,116,7
2021-09-07,KS,26,110,8
2021-09-06,KS,23,114,7
2021-09-05,KS,20,123,7
2021-09-04,KS,22,121,7
2021-09-03,KS,26,117,7
2021-09-02,KS,25,118,7
2021-09-01,KS,25,118,7
2021-08-31,KS,26,111,7
2021-08-30,KS,25,112,7
2021-08-29,KS,19,124,7
2021-08-28,KS,21,122,7
2021-08-27,KS,24,119,7
2021-08-26,KS,27,116,7
2021-08-25,KS,24,119,7
2021-08-24,KS,21,116,7
2021-08-23,KS,19,118,7
2021-08-22,KS,17,126,7
2021-08-21,KS,18,125,7
2021-08-20,KS,20,123,7
2021-08-19,KS,18,125,7
2021-08-18,KS,19,124,7
2021-08-17,KS,16,121,7
2021-08-16,KS,16,120,8
2021-08-15,KS,16,127,7
2021-08-14,KS,15,128,7
2021-08-13,KS,19,123,8
2021-08-12,KS,17,126,7
2021-08-11,KS,17,126,7
2021-08-10,KS,18,119,7
2021-08-09,KS,15,123,7
2021-08-08,KS,15,128,7
2021-08-07,KS,16,127,7
2021-08-06,KS,17,126,7
2021-08-05,KS,15,128,7
2021-08-04,KS,18,125,7
2021-08-03,KS,15,122,7
2021-08-02,KS,14,123,7
2021-08-01,KS,14,129,7
2021-07-31,KS,15,128,7
2021-07-30,KS,13,130,7
2021-07-29,KS,12,131,7
2021-07-28,KS,14,129,7
2021-07-27,KS,17,120,7
2021-07-26,KS,13,124,7
2021-07-25,KS,13,130,7
2021-07-24,KS,12,131,7
2021-07-23,KS,13,130,7
2021-07-22,KS,12,131,7
2021-07-21,KS,13,129,8
2021-07-20,KS,11,122,8
2021-07-19,KS,12,122,7
2021-07-18,KS,12,131,7
2021-07-17,KS,12,131,7
2021-07-16,KS,12,131,7
2021-07-15,KS,12,131,7
2021-07-14,KS,13,129,8
2021-07-13,KS,12,122,7
2021-07-12,KS,12,122,7
2021-07-11,KS,12,131,7
2021-07-10,KS,12,131,7
2021-07-09,KS,11,132,7
2021-07-08,KS,12,131,7
2021-07-07,KS,12,130,8
2021-07-06,KS,12,122,7
2021-07-05,KS,10,124,7
2021-07-04,KS,12,131,7
2021-07-03,KS,12,131,7
2021-07-02,KS,11,132,7
2021-07-01,KS,11,132,7
2021-06-30,KS,12,130,8
2021-06-29,KS,13,120,8
2021-06-28,KS,13,120,8
2021-06-27,KS,12,130,8
2021-06-26,KS,13,130,7
2021-06-25,KS,14,128,8
2021-06-24,KS,12,130,8
2021-06-23,KS,13,129,8
2021-06-22,KS,11,122,8
2021-06-21,KS,11,123,7
2021-06-20,KS,12,131,7
2021-06-19,KS,12,131,7
2021-06-18,KS,13,130,7
2021-06-17,KS,11,132,7
2021-06-16,KS,11,131,8
2021-06-15,KS,11,122,8
2021-06-14,KS,14,123,4
2021-06-13,KS,15,132,3
2021-06-12,KS,15,132,3
2021-06-11,KS,16,131,3
2021-06-10,KS,17,129,4
2021-06-09,KS,14,132,4
2021-06-08,KS,13,125,3
2021-06-07,KS,13,124,4
2021-06-06,KS,13,133,4
2021-06-05,KS,12,134,4
2021-06-04,KS,13,133,4
2021-06-03,KS,15,131,4
2021-06-02,KS,14,132,4
2021-06-01,KS,13,124,4
2021-05-31,KS,13,124,4
2021-05-30,KS,14,132,4
2021-05-29,KS,14,132,4
2021-05-28,KS,16,130,4
2021-05-27,KS,14,132,4
2021-05-26,KS,14,132,4
2021-05-25,KS,13,124,4
2021-05-24,KS,13,124,4
2021-05-23,KS,14,132,4
2021-05-22,KS,14,132,4
2021-05-21,KS,13,133,4
2021-05-20,KS,14,133,3
2021-05-19,KS,12,135,3
2021-05-18,KS,12,127,3
2021-05-17,KS,14,124,3
2021-05-16,KS,14,133,3
2021-05-15,KS,13,134,3
2021-05-14,KS,13,134,3
2021-05-13,KS,13,134,3
2021-05-12,KS,14,133,3
2021-05-11,KS,13,125,3
2021-05-10,KS,13,124,4
2021-05-09,KS,15,131,4
2021-05-08,KS,17,129,4
2021-05-07,KS,14,132,4
2021-05-06,KS,14,132,4
2021-05-05,KS,15,131,4
2021-05-04,KS,14,123,4
2021-05-03,KS,14,123,4
2021-05-02,KS,15,131,4
2021-05-01,KS,15,131,4
2021-04-30,KS,15,131,4
2021-04-29,KS,12,134,4
2021-04-28,KS,17,129,4
2021-04-27,KS,16,121,4
2021-04-26,KS,15,122,4
2021-04-25,KS,16,131,3
2021-04-24,KS,16,130,4
2021-04-23,KS,16,130,4
2021-04-22,KS,17,129,4
2021-04-21,KS,16,130,4
2021-04-20,KS,16,121,4
2021-04-19,KS,15,122,4
2021-04-18,KS,15,131,4
2021-04-17,KS,17,129,4
2021-04-16,KS,12,134,4
2021-04-15,KS,16,131,3
2021-04-14,KS,16,131,3
2021-04-13,KS,13,125,3
2021-04-12,KS,14,125,3
2021-04-11,KS,12,134,4
2021-04-10,KS,15,131,4
2021-04-09,KS,14,132,4
2021-04-08,KS,15,131,4
2021-04-07,KS,15,131,4
2021-04-06,KS,14,126,4
2021-04-05,KS,13,127,4
2021-04-04,KS,15,131,4
2021-04-03,KS,14,132,4
2021-04-02,KS,13,133,4
2021-04-01,KS,12,134,4
2021-03-31,KS,14,132,4
2021-03-30,KS,12,125,4
2021-03-29,KS,13,124,4
2021-03-28,KS,14,132,4
2021-03-27,KS,12,134,4
2021-03-26,KS,12,134,4
2021-03-25,KS,14,133,3
2021-03-24,KS,15,132,3
2021-03-23,KS,11,127,3
2021-03-22,KS,10,127,4
2021-03-21,KS,13,133,4
2021-03-20,KS,13,133,4
2021-03-19,KS,15,131,4
2021-03-18,KS,12,134,4
2021-03-17,KS,14,133,3
2021-03-16,KS,12,125,4
2021-03-15,KS,12,126,3
2021-03-14,KS,14,133,3
2021-03-13,KS,14,133,3
2021-03-12,KS,12,135,3
2021-03-11,KS,15,132,3
2021-03-10,KS,17,130,3
2021-03-09,KS,15,124,3
2021-03-08,KS,14,125,3
2021-03-07,KS,17,129,3
2021-03-06,KS,16,130,3
2021-03-05,KS,14,131,4
2021-03-04,KS,18,127,4
2021-03-03,KS,18,127,4
2021-03-02,KS,16,121,4
2021-03-01,KS,15,122,4
2021-02-28,KS,18,128,4
2021-02-27,KS,19,127,4
2021-02-26,KS,18,128,4
2021-02-25,KS,16,131,3
2021-02-24,KS,17,130,3
2021-02-23,KS,17,121,3
2021-02-22,KS,16,121,4
2021-02-21,KS,19,127,4
2021-02-20,KS,16,130,4
2021-02-19,KS,19,127,4
2021-02-18,KS,17,129,4
2021-02-17,KS,16,130,4
2021-02-16,KS,16,121,4
2021-02-15,KS,17,120,4
2021-02-14,KS,16,130,4
2021-02-13,KS,18,128,4
2021-02-12,KS,14,132,4
2021-02-11,KS,15,131,4
2021-02-10,KS,16,130,4
2021-02-09,KS,15,122,4
2021-02-08,KS,13,124,4
2021-02-07,KS,15,131,4
2021-02-06,KS,15,131,4
2021-02-05,KS,15,131,4
2021-02-04,KS,14,133,3
2021-02-03,KS,15,132,3
2021-02-02,KS,13,125,3
2021-02-01,KS,12,125,4
2021-01-31,KS,14,132,4
2021-01-30,KS,15,131,4
2021-01-29,KS,15,131,4
2021-01-28,KS,17,130,3
2021-01-27,KS,17,130,3
2021-01-26,KS,16,122,3
2021-01-25,KS,13,125,3
2021-01-24,KS,15,130,4
2021-01-23,KS,15,130,4
2021-01-22,KS,17,128,4
2021-01-21,KS,18,128,3
2021-01-20,KS,22,124,3
2021-01-19,KS,16,122,3
2021-01-18,KS,18,120,3
2021-01-17,KS,18,129,3
2021-01-16,KS,20,127,3
2021-01-15,KS,20,127,3
2021-01-14,KS,21,126,3
2021-01-13,KS,22,125,3
2021-01-12,KS,18,120,3
2021-01-11,KS,13,124,4
2021-01-10,KS,16,131,3
2021-01-09,KS,16,130,4
2021-01-08,KS,20,127,3
2021-01-07,KS,16,131,3
2021-01-06,KS,17,130,3
2021-01-05,KS,17,121,3
2021-01-04,KS,16,122,3
2021-01-03,KS,13,133,4
2021-01-02,KS,16,131,3
2021-01-01,KS,14,133,3
2020-12-31,KS,10,134,6
2020-12-30,KS,14,132,4
2020-12-29,KS,19,118,4
2020-12-28,KS,39,98,4
2020-12-27,KS,45,101,4
2020-12-26,KS,46,100,4
2020-12-25,KS,47,99,4
2020-12-24,KS,49,97,4
2020-12-23,KS,49,97,4
2020-12-22,KS,50,91,4
2020-12-21,KS,49,88,4
2020-12-20,KS,52,94,4
2020-12-19,KS,51,96,3
2020-12-18,KS,52,94,4
2020-12-17,KS,52,94,4
2020-12-16,KS,55,91,4
2020-12-15,KS,48,89,4
2020-12-14,KS,51,86,4
2020-12-13,KS,53,95,3
2020-12-12,KS,53,94,4
2020-12-11,KS,54,94,3
2020-12-10,KS,53,95,3
2020-12-09,KS,54,93,4
2020-12-08,KS,53,87,3
2020-12-07,KS,53,88,3
2020-12-06,KS,56,92,3
2020-12-05,KS,57,91,3
2020-12-04,KS,57,91,3
2020-12-03,KS,55,93,3
2020-12-02,KS,57,91,3
2020-12-01,KS,57,83,3
2020-11-30,KS,57,83,3
2020-11-29,KS,59,88,3
2020-11-28,KS,60,87,3
2020-11-27,KS,60,87,3
2020-11-26,KS,59,87,3
2020-11-25,KS,60,86,3
2020-11-24,KS,57,82,3
2020-11-23,KS,60,80,3
2020-11-22,KS,61,85,3
2020-11-21,KS,59,87,3
2020-11-20,KS,60,86,3
2020-11-19,KS,58,88,3
2020-11-18,KS,56,89,3
2020-11-17,KS,54,84,3
2020-11-16,KS,50,89,3
2020-11-15,KS,49,97,3
2020-11-14,KS,48,97,4
2020-11-13,KS,45,101,3
2020-11-12,KS,45,101,3
2020-11-11,KS,43,102,3
2020-11-10,KS,41,97,3
2020-11-09,KS,41,96,4
2020-11-08,KS,42,103,4
2020-11-07,KS,45,100,4
2020-11-06,KS,42,103,4
2020-11-05,KS,41,105,3
2020-11-04,KS,43,103,3
2020-11-03,KS,40,99,3
2020-11-02,KS,38,99,5
2020-11-01,KS,40,101,7
2020-10-31,KS,39,101,8
2020-10-30,KS,39,100,9
2020-10-29,KS,38,101,9
2020-10-28,KS,38,101,8
2020-10-27,KS,37,97,8
2020-10-26,KS,35,99,10
2020-10-25,KS,36,101,11
2020-10-24,KS,37,100,11
2020-10-23,KS,39,99,10
2020-10-22,KS,37,102,9
2020-10-21,KS,34,102,10
2020-10-20,KS,37,98,12
2020-10-19,KS,37,97,13
2020-10-18,KS,33,97,19
2020-10-17,KS,36,95,18
2020-10-16,KS,41,94,14
2020-10-15,KS,41,94,13
2020-10-14,KS,39,95,13
2020-10-13,KS,37,97,12
2020-10-12,KS,37,97,13
2020-10-11,KS,37,96,14
2020-10-10,KS,38,94,15
2020-10-09,KS,36,96,15
2020-10-08,KS,37,94,16
2020-10-07,KS,33,95,18
2020-10-06,KS,35,94,19
2020-10-05,KS,35,94,18
2020-10-04,KS,34,95,19
2020-10-03,KS,36,94,18
2020-10-02,KS,36,94,18
2020-10-01,KS,36,94,17
2020-09-30,KS,35,95,17
2020-09-29,KS,33,98,15
2020-09-28,KS,32,98,15
2020-09-27,KS,31,98,15
2020-09-26,KS,32,97,15
2020-09-25,KS,32,98,15
2020-09-24,KS,31,99,15
2020-09-23,KS,30,98,16
2020-09-22,KS,32,97,16
2020-09-21,KS,31,98,16
2020-09-20,KS,32,95,18
2020-09-19,KS,33,93,19
2020-09-18,KS,33,91,22
2020-09-17,KS,32,94,19
2020-09-16,KS,32,94,20
2020-09-15,KS,32,95,19
2020-09-14,KS,32,94,20
2020-09-13,KS,30,97,19
2020-09-12,KS,30,96,21
2020-09-11,KS,32,95,20
2020-09-10,KS,31,96,20
2020-09-09,KS,29,97,20
2020-09-08,KS,28,97,18
2020-09-07,KS,27,97,17
2020-09-06,KS,28,96,18
2020-09-05,KS,29,95,20
2020-09-04,KS,30,94,22
2020-09-03,KS,29,93,23
2020-09-02,KS,28,94,22
2020-09-01,KS,29,92,23
2020-08-31,KS,25,94,22
2020-08-30,KS,20,95,24
2020-08-29,KS,21,95,23
2020-08-28,KS,25,93,22
2020-08-27,KS,22,95,22
2020-08-26,KS,21,92,25
2020-08-25,KS,23,91,23
2020-08-24,KS,23,90,24
2020-08-23,KS,26,86,24
2020-08-22,KS,26,86,24
2020-08-21,KS,26,88,24
2020-08-20,KS,26,88,24
2020-08-19,KS,25,88,24
2020-08-18,KS,24,86,25
2020-08-17,KS,24,86,21
2020-08-16,KS,24,85,22
2020-08-15,KS,24,87,22
2020-08-14,KS,26,83,25
2020-08-13,KS,25,84,25
2020-08-12,KS,25,82,25
2020-08-11,KS,26,80,24
2020-08-10,KS,28,83,22
2020-08-09,KS,25,85,23
2020-08-08,KS,25,85,23
2020-08-07,KS,25,84,24
2020-08-06,KS,24,84,24
2020-08-05,KS,26,77,25
2020-08-04,KS,27,73,24
2020-08-03,KS,27,74,25
2020-08-02,KS,26,74,24
2020-08-01,KS,26,75,25
2023-04-10,KY,4,62,20
2023-04-09,KY,4,65,20
2023-04-08,KY,10,64,20
2023-04-07,KY,10,65,20
2023-04-06,KY,11,64,22
2023-04-05,KY,11,67,20
2023-04-04,KY,11,64,22
2023-04-03,KY,11,64,22
2023-04-02,KY,12,67,22
2023-04-01,KY,13,66,23
2023-03-31,KY,14,66,23
2023-03-30,KY,14,66,23
2023-03-29,KY,15,68,20
2023-03-28,KY,14,65,22
2023-03-27,KY,14,65,22
2023-03-26,KY,14,69,22
2023-03-25,KY,16,67,22
2023-03-24,KY,15,67,23
2023-03-23,KY,15,67,23
2023-03-22,KY,16,70,19
2023-03-21,KY,14,65,22
2023-03-20,KY,14,65,22
2023-03-19,KY,15,68,22
2023-03-18,KY,15,67,23
2023-03-17,KY,14,68,23
2023-03-16,KY,16,66,23
2023-03-15,KY,17,68,20
2023-03-14,KY,14,65,22
2023-03-13,KY,13,65,23
2023-03-12,KY,14,68,23
2023-03-11,KY,14,68,23
2023-03-10,KY,15,66,24
2023-03-09,KY,17,65,23
2023-03-08,KY,17,67,21
2023-03-07,KY,15,64,22
2023-03-06,KY,14,65,22
2023-03-05,KY,15,68,22
2023-03-04,KY,15,68,22
2023-03-03,KY,14,68,23
2023-03-02,KY,14,68,23
2023-03-01,KY,15,71,19
2023-02-28,KY,13,66,22
2023-02-27,KY,16,63,22
2023-02-26,KY,16,67,22
2023-02-25,KY,16,67,22
2023-02-24,KY,17,65,23
2023-02-23,KY,16,66,23
2023-02-22,KY,17,69,19
2023-02-21,KY,16,63,22
2023-02-20,KY,16,63,22
2023-02-19,KY,17,66,22
2023-02-18,KY,17,66,22
2023-02-17,KY,16,66,23
2023-02-16,KY,17,65,23
2023-02-15,KY,16,70,19
2023-02-14,KY,15,63,23
2023-02-13,KY,15,64,22
2023-02-12,KY,16,67,22
2023-02-11,KY,16,67,22
2023-02-10,KY,17,66,21
2023-02-09,KY,16,66,22
2023-02-08,KY,16,68,20
2023-02-07,KY,15,63,22
2023-02-06,KY,15,64,22
2023-02-05,KY,17,66,22
2023-02-04,KY,18,65,22
2023-02-03,KY,17,65,23
2023-02-02,KY,17,66,22
2023-02-01,KY,18,67,20
2023-01-31,KY,17,60,23
2023-01-30,KY,16,62,22
2023-01-29,KY,17,65,22
2023-01-28,KY,16,65,23
2023-01-27,KY,17,64,23
2023-01-26,KY,17,64,23
2023-01-25,KY,17,67,20
2023-01-24,KY,16,63,22
2023-01-23,KY,17,62,22
2023-01-22,KY,18,65,22
2023-01-21,KY,18,66,21
2023-01-20,KY,17,66,22
2023-01-19,KY,18,66,21
2023-01-18,KY,18,67,20
2023-01-17,KY,17,63,21
2023-01-16,KY,17,64,20
2023-01-15,KY,18,66,21
2023-01-14,KY,18,67,20
2023-01-13,KY,18,64,23
2023-01-12,KY,18,65,22
2023-01-11,KY,18,68,19
2023-01-10,KY,17,63,21
2023-01-09,KY,17,64,20
2023-01-08,KY,17,67,21
2023-01-07,KY,17,67,21
2023-01-06,KY,18,63,24
2023-01-05,KY,18,66,21
2023-01-04,KY,18,68,19
2023-01-03,KY,16,62,23
2023-01-02,KY,17,61,23
2023-01-01,KY,19,63,23
2022-12-31,KY,17,67,20
2022-12-30,KY,17,67,20
2022-12-29,KY,18,67,20
2022-12-28,KY,19,67,19
2022-12-27,KY,16,63,22
2022-12-26,KY,16,64,21
2022-12-25,KY,19,67,19
2022-12-24,KY,18,67,20
2022-12-23,KY,17,68,20
2022-12-22,KY,19,64,22
2022-12-21,KY,16,70,19
2022-12-20,KY,19,63,19
2022-12-19,KY,15,67,20
2022-12-18,KY,16,66,21
2022-12-17,KY,16,68,19
2022-12-16,KY,16,65,22
2022-12-15,KY,16,66,21
2022-12-14,KY,13,81,4
2022-12-13,KY,12,81,4
2022-12-12,KY,12,81,4
2022-12-11,KY,12,84,4
2022-12-10,KY,13,83,4
2022-12-09,KY,13,83,4
2022-12-08,KY,13,83,4
2022-12-07,KY,13,83,4
2022-12-06,KY,13,80,4
2022-12-05,KY,14,80,4
2022-12-04,KY,13,84,4
2022-12-03,KY,14,83,4
2022-12-02,KY,15,82,4
2022-12-01,KY,16,81,4
2022-11-30,KY,16,80,4
2022-11-29,KY,15,78,4
2022-11-28,KY,16,77,4
2022-11-27,KY,15,80,4
2022-11-26,KY,15,80,4
2022-11-25,KY,15,80,4
2022-11-24,KY,15,80,4
2022-11-23,KY,13,82,4
2022-11-22,KY,16,77,4
2022-11-21,KY,17,76,4
2022-11-20,KY,16,79,4
2022-11-19,KY,14,84,4
2022-11-18,KY,18,80,4
2022-11-17,KY,17,81,4
2022-11-16,KY,19,79,4
2022-11-15,KY,17,79,4
2022-11-14,KY,16,80,4
2022-11-13,KY,16,82,4
2022-11-12,KY,17,81,4
2022-11-11,KY,17,82,4
2022-11-10,KY,16,83,4
2022-11-09,KY,19,80,4
2022-11-08,KY,18,79,4
2022-11-07,KY,17,80,4
2022-11-06,KY,14,85,4
2022-11-05,KY,15,84,4
2022-11-04,KY,15,84,4
2022-11-03,KY,16,83,4
2022-11-02,KY,17,82,4
2022-11-01,KY,17,80,4
2022-10-31,KY,16,81,4
2022-10-30,KY,14,85,4
2022-10-29,KY,18,81,4
2022-10-28,KY,17,82,4
2022-10-27,KY,19,80,4
2022-10-26,KY,17,82,4
2022-10-25,KY,15,82,4
2022-10-24,KY,16,81,4
2022-10-23,KY,19,81,4
2022-10-22,KY,19,81,4
2022-10-21,KY,20,80,4
2022-10-20,KY,17,83,4
2022-10-19,KY,18,82,4
2022-10-18,KY,18,79,4
2022-10-17,KY,19,78,4
2022-10-16,KY,20,79,4
2022-10-15,KY,20,79,4
2022-10-14,KY,21,78,4
2022-10-13,KY,19,80,4
2022-10-12,KY,19,80,4
2022-10-11,KY,19,78,4
2022-10-10,KY,20,77,4
2022-10-09,KY,19,83,4
2022-10-08,KY,20,82,4
2022-10-07,KY,20,82,4
2022-10-06,KY,19,83,4
2022-10-05,KY,19,83,4
2022-10-04,KY,18,79,4
2022-10-03,KY,19,78,4
2022-10-02,KY,19,80,4
2022-10-01,KY,21,78,4
2022-09-30,KY,19,80,4
2022-09-29,KY,21,78,4
2022-09-28,KY,19,80,4
2022-09-27,KY,20,77,4
2022-09-26,KY,18,79,4
2022-09-25,KY,18,82,4
2022-09-24,KY,19,81,4
2022-09-23,KY,20,80,4
2022-09-22,KY,19,81,4
2022-09-21,KY,19,81,4
2022-09-20,KY,19,78,4
2022-09-19,KY,17,80,4
2022-09-18,KY,19,81,4
2022-09-17,KY,19,81,4
2022-09-16,KY,18,82,4
2022-09-15,KY,19,81,4
2022-09-14,KY,18,82,4
2022-09-13,KY,18,79,4
2022-09-12,KY,19,78,4
2022-09-11,KY,19,81,4
2022-09-10,KY,19,81,4
2022-09-09,KY,20,83,4
2022-09-08,KY,20,83,4
2022-09-07,KY,19,84,4
2022-09-06,KY,21,79,4
2022-09-05,KY,19,81,4
2022-09-04,KY,21,82,4
2022-09-03,KY,21,82,4
2022-09-02,KY,19,84,4
2022-09-01,KY,21,82,4
2022-08-31,KY,20,83,4
2022-08-30,KY,20,80,4
2022-08-29,KY,20,81,4
2022-08-28,KY,17,88,4
2022-08-27,KY,18,88,4
2022-08-26,KY,20,86,4
2022-08-25,KY,21,85,4
2022-08-24,KY,22,83,4
2022-08-23,KY,22,79,4
2022-08-22,KY,20,80,4
2022-08-21,KY,20,90,4
2022-08-20,KY,21,89,4
2022-08-19,KY,20,90,4
2022-08-18,KY,20,90,4
2022-08-17,KY,19,91,4
2022-08-16,KY,20,80,4
2022-08-15,KY,19,82,4
2022-08-14,KY,18,93,4
2022-08-13,KY,17,94,4
2022-08-12,KY,21,90,4
2022-08-11,KY,22,89,4
2022-08-10,KY,21,90,4
2022-08-09,KY,20,80,4
2022-08-08,KY,19,81,4
2022-08-07,KY,19,92,4
2022-08-06,KY,19,92,4
2022-08-05,KY,20,91,4
2022-08-04,KY,20,91,4
2022-08-03,KY,20,90,4
2022-08-02,KY,21,78,4
2022-08-01,KY,19,80,4
2022-07-31,KY,18,93,4
2022-07-30,KY,19,92,4
2022-07-29,KY,21,90,4
2022-07-28,KY,21,90,4
2022-07-27,KY,23,88,4
2022-07-26,KY,22,78,4
2022-07-25,KY,19,81,4
2022-07-24,KY,20,90,4
2022-07-23,KY,20,90,4
2022-07-22,KY,22,88,4
2022-07-21,KY,22,88,4
2022-07-20,KY,21,89,4
2022-07-19,KY,20,80,4
2022-07-18,KY,18,82,4
2022-07-17,KY,19,92,4
2022-07-16,KY,20,91,4
2022-07-15,KY,21,90,4
2022-07-14,KY,20,91,4
2022-07-13,KY,22,89,4
2022-07-12,KY,22,78,4
2022-07-11,KY,20,80,4
2022-07-10,KY,23,88,4
2022-07-09,KY,22,89,4
2022-07-08,KY,24,87,4
2022-07-07,KY,24,87,4
2022-07-06,KY,24,87,4
2022-07-05,KY,20,80,4
2022-07-04,KY,20,80,4
2022-07-03,KY,20,91,4
2022-07-02,KY,21,90,4
2022-07-01,KY,23,88,4
2022-06-30,KY,20,91,4
2022-06-29,KY,21,90,4
2022-06-28,KY,21,79,4
2022-06-27,KY,19,81,4
2022-06-26,KY,18,93,4
2022-06-25,KY,20,91,4
2022-06-24,KY,20,91,4
2022-06-23,KY,22,89,4
2022-06-22,KY,23,88,4
2022-06-21,KY,21,79,4
2022-06-20,KY,21,79,4
2022-06-19,KY,21,90,4
2022-06-18,KY,21,90,4
2022-06-17,KY,20,91,4
2022-06-16,KY,21,90,4
2022-06-15,KY,21,90,4
2022-06-14,KY,17,83,4
2022-06-13,KY,18,82,4
2022-06-12,KY,22,89,4
2022-06-11,KY,22,89,4
2022-06-10,KY,24,87,4
2022-06-09,KY,23,88,4
2022-06-08,KY,21,90,4
2022-06-07,KY,20,80,4
2022-06-06,KY,19,81,4
2022-06-05,KY,19,93,4
2022-06-04,KY,21,91,4
2022-06-03,KY,18,94,4
2022-06-02,KY,18,94,4
2022-06-01,KY,20,92,4
2022-05-31,KY,18,83,4
2022-05-30,KY,21,79,4
2022-05-29,KY,20,91,4
2022-05-28,KY,23,88,4
2022-05-27,KY,23,88,4
2022-05-26,KY,23,88,4
2022-05-25,KY,23,88,4
2022-05-24,KY,20,80,4
2022-05-23,KY,19,81,4
2022-05-22,KY,22,90,4
2022-05-21,KY,20,92,4
2022-05-20,KY,23,89,4
2022-05-19,KY,22,90,4
2022-05-18,KY,22,90,4
2022-05-17,KY,21,79,4
2022-05-16,KY,21,79,4
2022-05-15,KY,21,91,4
2022-05-14,KY,24,88,4
2022-05-13,KY,23,89,4
2022-05-12,KY,21,91,4
2022-05-11,KY,20,92,4
2022-05-10,KY,20,80,4
2022-05-09,KY,19,82,3
2022-05-08,KY,22,91,3
2022-05-07,KY,23,89,4
2022-05-06,KY,24,89,3
2022-05-05,KY,26,87,3
2022-05-04,KY,27,86,3
2022-05-03,KY,26,75,3
2022-05-02,KY,23,78,3
2022-05-01,KY,24,89,4
2022-04-30,KY,26,88,3
2022-04-29,KY,26,89,2
2022-04-28,KY,25,89,3
2022-04-27,KY,27,87,3
2022-04-26,KY,26,77,3
2022-04-25,KY,27,76,3
2022-04-24,KY,28,85,4
2022-04-23,KY,29,85,3
2022-04-22,KY,27,87,3
2022-04-21,KY,29,85,3
2022-04-20,KY,29,85,3
2022-04-19,KY,26,77,3
2022-04-18,KY,25,78,3
2022-04-17,KY,25,89,3
2022-04-16,KY,28,86,3
2022-04-15,KY,26,88,3
2022-04-14,KY,25,89,3
2022-04-13,KY,24,90,3
2022-04-12,KY,22,81,3
2022-04-11,KY,21,82,3
2022-04-10,KY,25,89,3
2022-04-09,KY,24,90,3
2022-04-08,KY,26,88,3
2022-04-07,KY,27,87,3
2022-04-06,KY,28,86,3
2022-04-05,KY,25,78,3
2022-04-04,KY,25,78,3
2022-04-03,KY,23,90,4
2022-04-02,KY,26,88,3
2022-04-01,KY,27,87,3
2022-03-31,KY,27,87,3
2022-03-30,KY,25,89,3
2022-03-29,KY,25,78,3
2022-03-28,KY,26,77,3
2022-03-27,KY,29,85,3
2022-03-26,KY,28,85,4
2022-03-25,KY,29,85,3
2022-03-24,KY,28,86,3
2022-03-23,KY,28,86,3
2022-03-22,KY,27,76,3
2022-03-21,KY,28,75,3
2022-03-20,KY,28,86,3
2022-03-19,KY,29,85,3
2022-03-18,KY,28,86,3
2022-03-17,KY,27,87,3
2022-03-16,KY,29,85,3
2022-03-15,KY,29,74,3
2022-03-14,KY,28,75,3
2022-03-13,KY,30,84,3
2022-03-12,KY,28,86,3
2022-03-11,KY,29,85,3
2022-03-10,KY,31,83,3
2022-03-09,KY,32,82,3
2022-03-08,KY,33,71,3
2022-03-07,KY,34,69,3
2022-03-06,KY,32,82,3
2022-03-05,KY,31,83,3
2022-03-04,KY,35,79,3
2022-03-03,KY,34,80,3
2022-03-02,KY,36,78,3
2022-03-01,KY,31,72,3
2022-02-28,KY,32,71,3
2022-02-27,KY,34,80,3
2022-02-26,KY,34,80,3
2022-02-25,KY,35,79,3
2022-02-24,KY,35,79,3
2022-02-23,KY,36,78,3
2022-02-22,KY,35,69,3
2022-02-21,KY,35,68,3
2022-02-20,KY,37,76,3
2022-02-19,KY,36,77,3
2022-02-18,KY,38,75,3
2022-02-17,KY,38,75,3
2022-02-16,KY,38,75,3
2022-02-15,KY,35,67,4
2022-02-14,KY,35,68,3
2022-02-13,KY,37,77,3
2022-02-12,KY,38,77,2
2022-02-11,KY,37,77,3
2022-02-10,KY,40,74,3
2022-02-09,KY,39,75,3
2022-02-08,KY,37,66,3
2022-02-07,KY,36,67,3
2022-02-06,KY,44,70,3
2022-02-05,KY,41,73,3
2022-02-04,KY,40,74,3
2022-02-03,KY,42,72,3
2022-02-02,KY,42,72,3
2022-02-01,KY,39,64,3
2022-01-31,KY,38,65,3
2022-01-30,KY,43,71,3
2022-01-29,KY,43,71,3
2022-01-28,KY,44,70,3
2022-01-27,KY,46,68,3
2022-01-26,KY,45,69,3
2022-01-25,KY,40,63,3
2022-01-24,KY,40,63,3
2022-01-23,KY,50,63,4
2022-01-22,KY,48,65,4
2022-01-21,KY,44,70,3
2022-01-20,KY,42,71,4
2022-01-19,KY,43,71,3
2022-01-18,KY,42,54,10
2022-01-17,KY,41,55,10
2022-01-16,KY,40,61,16
2022-01-15,KY,40,66,11
2022-01-14,KY,41,65,11
2022-01-13,KY,41,66,10
2022-01-12,KY,38,68,11
2022-01-11,KY,39,60,7
2022-01-10,KY,40,58,8
2022-01-09,KY,43,64,10
2022-01-08,KY,43,68,6
2022-01-07,KY,43,69,5
2022-01-06,KY,40,70,7
2022-01-05,KY,40,70,7
2022-01-04,KY,38,58,10
2022-01-03,KY,37,62,7
2022-01-02,KY,39,68,10
2022-01-01,KY,41,69,7
2021-12-31,KY,39,70,8
2021-12-30,KY,39,71,7
2021-12-29,KY,40,67,10
2021-12-28,KY,35,60,11
2021-12-27,KY,37,57,11
2021-12-26,KY,38,63,13
2021-12-25,KY,38,68,8
2021-12-24,KY,36,63,15
2021-12-23,KY,37,66,12
2021-12-22,KY,40,64,11
2021-12-21,KY,36,57,14
2021-12-20,KY,36,63,8
2021-12-19,KY,34,71,12
2021-12-18,KY,35,70,12
2021-12-17,KY,36,72,9
2021-12-16,KY,38,70,8
2021-12-15,KY,36,67,13
2021-12-14,KY,35,59,12
2021-12-13,KY,37,57,12
2021-12-12,KY,38,64,15
2021-12-11,KY,38,65,14
2021-12-10,KY,38,68,11
2021-12-09,KY,37,67,13
2021-12-08,KY,35,65,17
2021-12-07,KY,35,61,10
2021-12-06,KY,33,61,12
2021-12-05,KY,36,64,17
2021-12-04,KY,36,63,18
2021-12-03,KY,33,70,14
2021-12-02,KY,37,67,13
2021-12-01,KY,34,73,10
2021-11-30,KY,29,61,16
2021-11-29,KY,33,60,13
2021-11-28,KY,34,74,8
2021-11-27,KY,35,72,9
2021-11-26,KY,35,74,7
2021-11-25,KY,34,72,10
2021-11-24,KY,34,73,9
2021-11-23,KY,32,67,7
2021-11-22,KY,34,65,7
2021-11-21,KY,35,72,10
2021-11-20,KY,35,74,8
2021-11-19,KY,38,70,9
2021-11-18,KY,38,73,6
2021-11-17,KY,37,74,6
2021-11-16,KY,34,66,6
2021-11-15,KY,36,65,5
2021-11-14,KY,37,74,6
2021-11-13,KY,39,73,5
2021-11-12,KY,40,71,6
2021-11-11,KY,39,70,8
2021-11-10,KY,43,67,7
2021-11-09,KY,38,66,2
2021-11-08,KY,37,67,2
2021-11-07,KY,39,76,2
2021-11-06,KY,38,77,2
2021-11-05,KY,41,74,2
2021-11-04,KY,41,74,2
2021-11-03,KY,42,73,2
2021-11-02,KY,42,62,2
2021-11-01,KY,39,65,2
2021-10-31,KY,45,70,2
2021-10-30,KY,46,69,2
2021-10-29,KY,42,73,2
2021-10-28,KY,42,73,2
2021-10-27,KY,44,71,2
2021-10-26,KY,41,64,2
2021-10-25,KY,41,63,2
2021-10-24,KY,40,75,2
2021-10-23,KY,40,75,2
2021-10-22,KY,43,72,2
2021-10-21,KY,44,71,2
2021-10-20,KY,43,72,2
2021-10-19,KY,43,61,2
2021-10-18,KY,42,62,2
2021-10-17,KY,49,66,2
2021-10-16,KY,50,65,2
2021-10-15,KY,45,70,2
2021-10-14,KY,45,70,2
2021-10-13,KY,44,71,2
2021-10-12,KY,43,61,3
2021-10-11,KY,44,60,3
2021-10-10,KY,45,69,2
2021-10-09,KY,45,69,2
2021-10-08,KY,47,67,2
2021-10-07,KY,44,70,2
2021-10-06,KY,45,69,2
2021-10-05,KY,41,63,2
2021-10-04,KY,45,59,2
2021-10-03,KY,47,67,2
2021-10-02,KY,50,64,2
2021-10-01,KY,49,65,2
2021-09-30,KY,47,67,2
2021-09-29,KY,50,64,2
2021-09-28,KY,49,55,2
2021-09-27,KY,49,55,2
2021-09-26,KY,48,67,2
2021-09-25,KY,48,67,2
2021-09-24,KY,51,64,2
2021-09-23,KY,49,66,2
2021-09-22,KY,49,66,2
2021-09-21,KY,46,58,2
2021-09-20,KY,45,59,2
2021-09-19,KY,49,66,2
2021-09-18,KY,51,64,2
2021-09-17,KY,50,64,3
2021-09-16,KY,45,70,2
2021-09-15,KY,50,65,2
2021-09-14,KY,47,57,2
2021-09-13,KY,43,62,2
2021-09-12,KY,48,67,2
2021-09-11,KY,50,65,2
2021-09-10,KY,45,70,2
2021-09-09,KY,41,74,2
2021-09-08,KY,45,69,2
2021-09-07,KY,40,64,2
2021-09-06,KY,41,63,2
2021-09-05,KY,44,71,2
2021-09-04,KY,46,69,2
2021-09-03,KY,42,73,2
2021-09-02,KY,38,77,2
2021-09-01,KY,43,72,2
2021-08-31,KY,44,60,2
2021-08-30,KY,39,65,2
2021-08-29,KY,37,78,2
2021-08-28,KY,39,76,2
2021-08-27,KY,41,74,2
2021-08-26,KY,40,75,2
2021-08-25,KY,31,84,2
2021-08-24,KY,27,77,2
2021-08-23,KY,29,75,2
2021-08-22,KY,22,93,2
2021-08-21,KY,26,89,2
2021-08-20,KY,26,89,2
2021-08-19,KY,22,93,2
2021-08-18,KY,21,94,2
2021-08-17,KY,20,84,2
2021-08-16,KY,20,84,2
2021-08-15,KY,18,97,2
2021-08-14,KY,17,98,2
2021-08-13,KY,18,97,2
2021-08-12,KY,16,99,2
2021-08-11,KY,14,101,2
2021-08-10,KY,15,89,2
2021-08-09,KY,13,91,2
2021-08-08,KY,9,106,2
2021-08-07,KY,9,106,2
2021-08-06,KY,13,102,2
2021-08-05,KY,9,106,2
2021-08-04,KY,9,106,2
2021-08-03,KY,10,94,2
2021-08-02,KY,10,94,2
2021-08-01,KY,10,104,2
2021-07-31,KY,10,103,3
2021-07-30,KY,6,108,2
2021-07-29,KY,5,109,2
2021-07-28,KY,6,108,2
2021-07-27,KY,5,99,2
2021-07-26,KY,4,100,2
2021-07-25,KY,3,112,2
2021-07-24,KY,4,111,2
2021-07-23,KY,4,111,2
2021-07-22,KY,4,111,2
2021-07-21,KY,3,112,2
2021-07-20,KY,4,97,2
2021-07-19,KY,5,96,2
2021-07-18,KY,3,111,2
2021-07-17,KY,3,111,2
2021-07-16,KY,6,108,2
2021-07-15,KY,5,109,2
2021-07-14,KY,5,109,2
2021-07-13,KY,5,96,2
2021-07-12,KY,5,97,2
2021-07-11,KY,5,110,2
2021-07-10,KY,4,111,2
2021-07-09,KY,6,109,2
2021-07-08,KY,5,110,2
2021-07-07,KY,5,110,2
2021-07-06,KY,5,95,2
2021-07-05,KY,3,97,2
2021-07-04,KY,3,112,2
2021-07-03,KY,3,112,2
2021-07-02,KY,4,111,2
2021-07-01,KY,4,111,2
2021-06-30,KY,3,112,2
2021-06-29,KY,5,96,2
2021-06-28,KY,3,98,2
2021-06-27,KY,4,110,2
2021-06-26,KY,3,111,2
2021-06-25,KY,4,110,2
2021-06-24,KY,4,110,2
2021-06-23,KY,5,109,2
2021-06-22,KY,4,97,2
2021-06-21,KY,4,97,2
2021-06-20,KY,4,109,2
2021-06-19,KY,5,108,2
2021-06-18,KY,4,109,2
2021-06-17,KY,4,109,2
2021-06-16,KY,4,109,2
2021-06-15,KY,4,97,2
2021-06-14,KY,4,97,2
2021-06-13,KY,3,112,2
2021-06-12,KY,4,111,2
2021-06-11,KY,4,111,2
2021-06-10,KY,5,110,2
2021-06-09,KY,5,110,2
2021-06-08,KY,4,97,2
2021-06-07,KY,4,98,2
2021-06-06,KY,5,109,2
2021-06-05,KY,4,110,2
2021-06-04,KY,4,110,2
2021-06-03,KY,3,111,2
2021-06-02,KY,4,110,2
2021-06-01,KY,4,97,2
2021-05-31,KY,6,95,2
2021-05-30,KY,5,110,2
2021-05-29,KY,5,110,2
2021-05-28,KY,4,111,2
2021-05-27,KY,6,109,2
2021-05-26,KY,5,110,2
2021-05-25,KY,5,96,2
2021-05-24,KY,5,97,2
2021-05-23,KY,5,110,2
2021-05-22,KY,5,110,2
2021-05-21,KY,5,110,2
2021-05-20,KY,5,110,2
2021-05-19,KY,6,109,2
2021-05-18,KY,5,96,2
2021-05-17,KY,6,95,2
2021-05-16,KY,5,110,2
2021-05-15,KY,4,111,2
2021-05-14,KY,5,110,2
2021-05-13,KY,5,110,2
2021-05-12,KY,5,110,2
2021-05-11,KY,5,96,2
2021-05-10,KY,4,97,2
2021-05-09,KY,5,110,2
2021-05-08,KY,5,110,2
2021-05-07,KY,6,109,2
2021-05-06,KY,6,109,2
2021-05-05,KY,5,110,2
2021-05-04,KY,4,97,2
2021-05-03,KY,4,97,2
2021-05-02,KY,6,108,2
2021-05-01,KY,6,108,2
2021-04-30,KY,4,110,2
2021-04-29,KY,4,110,2
2021-04-28,KY,4,110,2
2021-04-27,KY,4,97,2
2021-04-26,KY,5,96,2
2021-04-25,KY,3,112,2
2021-04-24,KY,3,112,2
2021-04-23,KY,5,110,2
2021-04-22,KY,5,110,2
2021-04-21,KY,5,110,2
2021-04-20,KY,4,97,2
2021-04-19,KY,4,98,2
2021-04-18,KY,5,110,2
2021-04-17,KY,4,111,2
2021-04-16,KY,4,111,2
2021-04-15,KY,4,111,2
2021-04-14,KY,4,111,2
2021-04-13,KY,4,97,2
2021-04-12,KY,4,98,2
2021-04-11,KY,3,112,2
2021-04-10,KY,4,111,2
2021-04-09,KY,4,111,2
2021-04-08,KY,4,111,2
2021-04-07,KY,4,111,2
2021-04-06,KY,3,101,2
2021-04-05,KY,4,100,2
2021-04-04,KY,3,112,2
2021-04-03,KY,4,111,2
2021-04-02,KY,3,112,2
2021-04-01,KY,4,111,2
2021-03-31,KY,3,112,2
2021-03-30,KY,3,98,2
2021-03-29,KY,3,99,2
2021-03-28,KY,4,112,2
2021-03-27,KY,5,111,2
2021-03-26,KY,3,113,2
2021-03-25,KY,4,112,2
2021-03-24,KY,4,112,2
2021-03-23,KY,6,95,2
2021-03-22,KY,3,98,2
2021-03-21,KY,4,112,2
2021-03-20,KY,4,112,2
2021-03-19,KY,7,109,2
2021-03-18,KY,5,111,2
2021-03-17,KY,5,111,2
2021-03-16,KY,5,96,2
2021-03-15,KY,4,97,2
2021-03-14,KY,4,112,2
2021-03-13,KY,4,112,2
2021-03-12,KY,5,111,2
2021-03-11,KY,4,112,2
2021-03-10,KY,4,112,2
2021-03-09,KY,4,97,2
2021-03-08,KY,5,97,2
2021-03-07,KY,4,112,2
2021-03-06,KY,4,112,2
2021-03-05,KY,6,110,2
2021-03-04,KY,4,112,2
2021-03-03,KY,4,112,2
2021-03-02,KY,5,96,2
2021-03-01,KY,6,97,2
2021-02-28,KY,4,112,2
2021-02-27,KY,4,112,2
2021-02-26,KY,5,111,2
2021-02-25,KY,5,111,2
2021-02-24,KY,7,108,2
2021-02-23,KY,4,97,2
2021-02-22,KY,4,98,2
2021-02-21,KY,4,112,2
2021-02-20,KY,3,113,2
2021-02-19,KY,4,112,2
2021-02-18,KY,3,113,2
2021-02-17,KY,5,110,2
2021-02-16,KY,5,96,2
2021-02-15,KY,5,96,2
2021-02-14,KY,5,111,2
2021-02-13,KY,5,111,2
2021-02-12,KY,8,108,2
2021-02-11,KY,6,110,2
2021-02-10,KY,7,109,2
2021-02-09,KY,5,96,2
2021-02-08,KY,6,96,2
2021-02-07,KY,7,109,2
2021-02-06,KY,7,109,2
2021-02-05,KY,6,110,2
2021-02-04,KY,6,110,2
2021-02-03,KY,6,110,2
2021-02-02,KY,5,96,2
2021-02-01,KY,5,96,2
2021-01-31,KY,6,110,2
2021-01-30,KY,5,111,2
2021-01-29,KY,6,110,2
2021-01-28,KY,7,109,2
2021-01-27,KY,7,109,2
2021-01-26,KY,6,95,2
2021-01-25,KY,7,95,2
2021-01-24,KY,5,111,2
2021-01-23,KY,4,112,2
2021-01-22,KY,6,110,2
2021-01-21,KY,6,110,2
2021-01-20,KY,7,109,2
2021-01-19,KY,4,97,2
2021-01-18,KY,3,98,2
2021-01-17,KY,3,113,2
2021-01-16,KY,3,113,2
2021-01-15,KY,3,113,2
2021-01-14,KY,3,113,2
2021-01-13,KY,4,112,2
2021-01-12,KY,4,98,2
2021-01-11,KY,4,98,2
2021-01-10,KY,3,118,2
2021-01-09,KY,2,119,2
2021-01-08,KY,4,117,2
2021-01-07,KY,4,117,2
2021-01-06,KY,4,117,2
2021-01-05,KY,4,98,2
2021-01-04,KY,2,101,2
2021-01-03,KY,2,119,2
2021-01-02,KY,3,118,2
2021-01-01,KY,2,119,2
2020-12-31,KY,4,117,2
2020-12-30,KY,5,115,2
2020-12-29,KY,6,96,2
2020-12-28,KY,8,93,2
2020-12-27,KY,10,111,2
2020-12-26,KY,9,112,2
2020-12-25,KY,10,111,2
2020-12-24,KY,8,113,2
2020-12-23,KY,7,114,2
2020-12-22,KY,4,101,2
2020-12-21,KY,6,96,2
2020-12-20,KY,7,114,2
2020-12-19,KY,7,114,2
2020-12-18,KY,9,112,2
2020-12-17,KY,8,113,2
2020-12-16,KY,8,113,2
2020-12-15,KY,7,95,2
2020-12-14,KY,6,96,2
2020-12-13,KY,7,114,2
2020-12-12,KY,7,114,2
2020-12-11,KY,10,111,2
2020-12-10,KY,10,111,2
2020-12-09,KY,9,112,2
2020-12-08,KY,6,96,2
2020-12-07,KY,6,96,2
2020-12-06,KY,8,113,2
2020-12-05,KY,10,111,2
2020-12-04,KY,9,112,2
2020-12-03,KY,8,113,2
2020-12-02,KY,10,111,2
2020-12-01,KY,7,96,2
2020-11-30,KY,6,95,2
2020-11-29,KY,10,111,2
2020-11-28,KY,9,112,2
2020-11-27,KY,9,112,2
2020-11-26,KY,10,111,2
2020-11-25,KY,8,113,2
2020-11-24,KY,4,99,2
2020-11-23,KY,5,98,2
2020-11-22,KY,9,112,2
2020-11-21,KY,10,111,2
2020-11-20,KY,9,112,2
2020-11-19,KY,9,112,2
2020-11-18,KY,10,111,2
2020-11-17,KY,6,97,2
2020-11-16,KY,5,98,2
2020-11-15,KY,11,110,2
2020-11-14,KY,11,110,2
2020-11-13,KY,10,111,2
2020-11-12,KY,7,114,2
2020-11-11,KY,7,114,2
2020-11-10,KY,6,96,2
2020-11-09,KY,4,99,2
2020-11-08,KY,7,114,2
2020-11-07,KY,8,113,2
2020-11-06,KY,5,116,2
2020-11-05,KY,7,114,2
2020-11-04,KY,9,111,2
2020-11-03,KY,6,97,2
2020-11-02,KY,6,97,2
2020-11-01,KY,8,110,4
2020-10-31,KY,7,111,4
2020-10-30,KY,6,112,4
2020-10-29,KY,6,112,4
2020-10-28,KY,6,112,4
2020-10-27,KY,6,96,3
2020-10-26,KY,9,93,3
2020-10-25,KY,8,104,4
2020-10-24,KY,8,104,4
2020-10-23,KY,10,102,4
2020-10-22,KY,8,104,3
2020-10-21,KY,7,105,3
2020-10-20,KY,7,102,2
2020-10-19,KY,7,103,3
2020-10-18,KY,6,104,4
2020-10-17,KY,4,107,3
2020-10-16,KY,4,107,3
2020-10-15,KY,7,103,4
2020-10-14,KY,4,107,2
2020-10-13,KY,4,104,2
2020-10-12,KY,4,106,2
2020-10-11,KY,6,104,3
2020-10-10,KY,5,105,3
2020-10-09,KY,4,106,3
2020-10-08,KY,4,105,4
2020-10-07,KY,6,103,4
2020-10-06,KY,7,102,4
2020-10-05,KY,7,102,4
2020-10-04,KY,5,104,4
2020-10-03,KY,4,105,4
2020-10-02,KY,6,103,4
2020-10-01,KY,6,103,4
2020-09-30,KY,5,104,4
2020-09-29,KY,5,104,4
2020-09-28,KY,4,105,4
2020-09-27,KY,5,104,4
2020-09-26,KY,5,104,4
2020-09-25,KY,5,104,4
2020-09-24,KY,6,102,5
2020-09-23,KY,4,104,5
2020-09-22,KY,4,104,5
2020-09-21,KY,5,103,5
2020-09-20,KY,4,103,5
2020-09-19,KY,4,103,5
2020-09-18,KY,4,103,5
2020-09-17,KY,4,103,5
2020-09-16,KY,5,102,5
2020-09-15,KY,4,104,5
2020-09-14,KY,4,103,5
2020-09-13,KY,5,100,6
2020-09-12,KY,4,101,6
2020-09-11,KY,4,102,5
2020-09-10,KY,4,101,5
2020-09-09,KY,5,100,5
2020-09-08,KY,5,100,5
2020-09-07,KY,5,99,6
2020-09-06,KY,5,99,6
2020-09-05,KY,5,99,6
2020-09-04,KY,6,99,5
2020-09-03,KY,6,95,5
2020-09-02,KY,5,96,5
2020-09-01,KY,5,96,5
2020-08-31,KY,4,96,6
2020-08-30,KY,4,95,7
2020-08-29,KY,5,95,6
2020-08-28,KY,5,96,5
2020-08-27,KY,5,96,4
2020-08-26,KY,4,94,7
2020-08-25,KY,4,94,7
2020-08-24,KY,3,95,7
2020-08-23,KY,2,95,9
2020-08-22,KY,3,93,10
2020-08-21,KY,3,95,8
2020-08-20,KY,3,95,8
2020-08-19,KY,3,95,8
2020-08-18,KY,3,95,8
2020-08-17,KY,3,98,5
2020-08-16,KY,4,95,8
2020-08-15,KY,3,97,7
2020-08-14,KY,4,96,7
2020-08-13,KY,4,96,7
2020-08-12,KY,4,96,7
2020-08-11,KY,4,93,7
2020-08-10,KY,4,93,7
2020-08-09,KY,3,93,8
2020-08-08,KY,3,94,8
2020-08-07,KY,3,95,7
2020-08-06,KY,4,94,7
2020-08-05,KY,3,95,7
2020-08-04,KY,3,89,13
2020-08-03,KY,1,91,13
2020-08-02,KY,4,86,15
2020-08-01,KY,4,90,14
2023-04-10,LA,9,93,14
2023-04-09,LA,10,106,15
2023-04-08,LA,11,105,17
2023-04-07,LA,11,111,16
2023-04-06,LA,12,113,16
2023-04-05,LA,11,114,17
2023-04-04,LA,12,114,17
2023-04-03,LA,12,115,17
2023-04-02,LA,11,116,20
2023-04-01,LA,12,117,18
2023-03-31,LA,11,118,18
2023-03-30,LA,13,118,17
2023-03-29,LA,13,119,16
2023-03-28,LA,12,116,17
2023-03-27,LA,11,118,16
2023-03-26,LA,11,118,19
2023-03-25,LA,12,116,20
2023-03-24,LA,12,120,16
2023-03-23,LA,11,118,19
2023-03-22,LA,12,120,16
2023-03-21,LA,12,116,17
2023-03-20,LA,13,116,16
2023-03-19,LA,12,119,17
2023-03-18,LA,12,119,17
2023-03-17,LA,12,119,17
2023-03-16,LA,12,119,17
2023-03-15,LA,12,120,16
2023-03-14,LA,12,117,16
2023-03-13,LA,11,116,18
2023-03-12,LA,11,117,20
2023-03-11,LA,12,118,18
2023-03-10,LA,12,120,16
2023-03-09,LA,12,120,16
2023-03-08,LA,11,121,16
2023-03-07,LA,11,119,16
2023-03-06,LA,12,117,17
2023-03-05,LA,12,118,19
2023-03-04,LA,12,119,18
2023-03-03,LA,12,120,17
2023-03-02,LA,12,121,16
2023-03-01,LA,13,120,16
2023-02-28,LA,12,117,17
2023-02-27,LA,12,119,15
2023-02-26,LA,13,118,18
2023-02-25,LA,12,120,17
2023-02-24,LA,12,122,15
2023-02-23,LA,12,121,16
2023-02-22,LA,13,121,15
2023-02-21,LA,11,121,14
2023-02-20,LA,10,121,16
2023-02-19,LA,11,123,16
2023-02-18,LA,12,123,15
2023-02-17,LA,12,123,15
2023-02-16,LA,10,124,16
2023-02-15,LA,11,122,16
2023-02-14,LA,10,121,16
2023-02-13,LA,11,122,14
2023-02-12,LA,11,121,18
2023-02-11,LA,11,123,16
2023-02-10,LA,11,123,16
2023-02-09,LA,13,121,15
2023-02-08,LA,12,124,13
2023-02-07,LA,12,121,13
2023-02-06,LA,12,119,15
2023-02-05,LA,11,122,16
2023-02-04,LA,10,122,17
2023-02-03,LA,11,122,16
2023-02-02,LA,11,125,13
2023-02-01,LA,11,120,18
2023-01-31,LA,11,120,14
2023-01-30,LA,11,119,15
2023-01-29,LA,11,122,15
2023-01-28,LA,11,123,15
2023-01-27,LA,11,123,15
2023-01-26,LA,11,124,14
2023-01-25,LA,11,123,15
2023-01-24,LA,13,119,15
2023-01-23,LA,11,120,15
2023-01-22,LA,11,122,16
2023-01-21,LA,11,123,15
2023-01-20,LA,11,123,15
2023-01-19,LA,11,123,14
2023-01-18,LA,11,123,14
2023-01-17,LA,12,120,13
2023-01-16,LA,10,118,18
2023-01-15,LA,12,122,15
2023-01-14,LA,12,121,16
2023-01-13,LA,11,124,15
2023-01-12,LA,12,123,15
2023-01-11,LA,12,123,14
2023-01-10,LA,11,122,13
2023-01-09,LA,13,118,15
2023-01-08,LA,11,123,15
2023-01-07,LA,12,123,14
2023-01-06,LA,11,125,13
2023-01-05,LA,11,125,14
2023-01-04,LA,11,126,13
2023-01-03,LA,11,122,14
2023-01-02,LA,11,121,15
2023-01-01,LA,10,124,16
2022-12-31,LA,11,122,15
2022-12-30,LA,11,124,13
2022-12-29,LA,10,123,16
2022-12-28,LA,11,123,15
2022-12-27,LA,10,121,15
2022-12-26,LA,11,118,16
2022-12-25,LA,11,122,16
2022-12-24,LA,11,124,15
2022-12-23,LA,10,123,17
2022-12-22,LA,11,122,17
2022-12-21,LA,11,123,15
2022-12-20,LA,9,123,17
2022-12-19,LA,11,127,17
2022-12-18,LA,12,128,89
2022-12-17,LA,12,128,89
2022-12-16,LA,10,130,89
2022-12-15,LA,12,125,91
2022-12-14,LA,1,1,224
2022-12-13,LA,36,186,4
2022-12-12,LA,36,186,4
2022-12-11,LA,36,186,4
2022-12-10,LA,36,186,4
2022-12-09,LA,36,186,4
2022-12-08,LA,36,186,4
2022-12-07,LA,36,186,4
2022-12-06,LA,36,186,4
2022-12-05,LA,36,186,4
2022-12-04,LA,36,186,4
2022-12-03,LA,36,186,4
2022-12-02,LA,36,186,4
2022-12-01,LA,36,186,4
2022-11-30,LA,36,186,4
2022-11-29,LA,36,186,4
2022-11-28,LA,37,185,4
2022-11-27,LA,37,185,4
2022-11-26,LA,37,185,4
2022-11-25,LA,37,185,4
2022-11-24,LA,37,185,4
2022-11-23,LA,37,185,4
2022-11-22,LA,37,185,4
2022-11-21,LA,37,185,4
2022-11-20,LA,37,185,4
2022-11-19,LA,37,185,4
2022-11-18,LA,37,185,4
2022-11-17,LA,37,185,4
2022-11-16,LA,37,185,4
2022-11-15,LA,37,185,4
2022-11-14,LA,37,185,4
2022-11-13,LA,37,185,4
2022-11-12,LA,37,185,4
2022-11-11,LA,37,185,4
2022-11-10,LA,37,185,4
2022-11-09,LA,37,185,4
2022-11-08,LA,37,185,4
2022-11-07,LA,37,185,4
2022-11-06,LA,37,185,4
2022-11-05,LA,37,185,4
2022-11-04,LA,37,185,4
2022-11-03,LA,37,185,4
2022-11-02,LA,38,184,4
2022-11-01,LA,38,184,4
2022-10-31,LA,31,125,3
2022-10-30,LA,31,127,3
2022-10-29,LA,31,127,3
2022-10-28,LA,31,127,3
2022-10-27,LA,31,127,3
2022-10-26,LA,31,127,3
2022-10-25,LA,31,125,3
2022-10-24,LA,31,125,3
2022-10-23,LA,33,127,3
2022-10-22,LA,33,127,3
2022-10-21,LA,33,129,3
2022-10-20,LA,33,129,3
2022-10-19,LA,33,129,3
2022-10-18,LA,31,127,3
2022-10-17,LA,31,127,3
2022-10-16,LA,33,127,3
2022-10-15,LA,33,127,3
2022-10-14,LA,33,127,3
2022-10-13,LA,33,127,3
2022-10-12,LA,33,127,3
2022-10-11,LA,31,125,3
2022-10-10,LA,31,125,3
2022-10-09,LA,33,128,3
2022-10-08,LA,33,129,3
2022-10-07,LA,33,129,3
2022-10-06,LA,33,129,3
2022-10-05,LA,33,129,3
2022-10-04,LA,31,126,3
2022-10-03,LA,31,125,3
2022-10-02,LA,33,126,3
2022-10-01,LA,33,126,3
2022-09-30,LA,33,126,3
2022-09-29,LA,33,126,3
2022-09-28,LA,33,126,3
2022-09-27,LA,31,125,3
2022-09-26,LA,31,125,3
2022-09-25,LA,33,126,3
2022-09-24,LA,33,126,3
2022-09-23,LA,33,126,3
2022-09-22,LA,33,126,3
2022-09-21,LA,33,126,3
2022-09-20,LA,31,125,3
2022-09-19,LA,31,125,3
2022-09-18,LA,31,128,3
2022-09-17,LA,31,128,3
2022-09-16,LA,31,128,3
2022-09-15,LA,31,128,3
2022-09-14,LA,31,128,3
2022-09-13,LA,31,125,3
2022-09-12,LA,31,125,3
2022-09-11,LA,31,126,3
2022-09-10,LA,31,126,3
2022-09-09,LA,31,128,3
2022-09-08,LA,31,128,3
2022-09-07,LA,31,128,3
2022-09-06,LA,31,127,3
2022-09-05,LA,31,128,3
2022-09-04,LA,33,129,3
2022-09-03,LA,33,129,3
2022-09-02,LA,33,129,3
2022-09-01,LA,33,129,3
2022-08-31,LA,33,128,3
2022-08-30,LA,31,127,3
2022-08-29,LA,31,127,3
2022-08-28,LA,33,131,3
2022-08-27,LA,33,131,3
2022-08-26,LA,40,182,4
2022-08-25,LA,40,182,4
2022-08-24,LA,41,181,4
2022-08-23,LA,39,183,4
2022-08-22,LA,40,183,4
2022-08-21,LA,40,183,4
2022-08-20,LA,40,183,4
2022-08-19,LA,41,182,4
2022-08-18,LA,41,182,4
2022-08-17,LA,41,182,4
2022-08-16,LA,41,182,4
2022-08-15,LA,41,182,4
2022-08-14,LA,42,181,4
2022-08-13,LA,43,180,4
2022-08-12,LA,43,180,4
2022-08-11,LA,43,180,4
2022-08-10,LA,43,180,4
2022-08-09,LA,43,180,4
2022-08-08,LA,43,180,4
2022-08-07,LA,44,179,4
2022-08-06,LA,44,179,4
2022-08-05,LA,44,179,4
2022-08-04,LA,44,179,4
2022-08-03,LA,44,179,4
2022-08-02,LA,44,179,4
2022-08-01,LA,44,179,4
2022-07-31,LA,44,179,4
2022-07-30,LA,44,179,4
2022-07-29,LA,44,179,4
2022-07-28,LA,43,180,4
2022-07-27,LA,43,180,4
2022-07-26,LA,43,180,4
2022-07-25,LA,43,180,4
2022-07-24,LA,44,179,4
2022-07-23,LA,43,180,4
2022-07-22,LA,45,178,4
2022-07-21,LA,46,177,4
2022-07-20,LA,45,178,4
2022-07-19,LA,45,178,4
2022-07-18,LA,45,178,4
2022-07-17,LA,45,178,4
2022-07-16,LA,45,178,4
2022-07-15,LA,45,178,4
2022-07-14,LA,46,177,4
2022-07-13,LA,46,177,4
2022-07-12,LA,46,177,4
2022-07-11,LA,46,177,4
2022-07-10,LA,46,177,4
2022-07-09,LA,46,177,4
2022-07-08,LA,45,178,4
2022-07-07,LA,45,178,4
2022-07-06,LA,44,179,4
2022-07-05,LA,45,178,4
2022-07-04,LA,45,178,4
2022-07-03,LA,45,178,4
2022-07-02,LA,44,179,4
2022-07-01,LA,44,179,4
2022-06-30,LA,45,178,4
2022-06-29,LA,45,178,4
2022-06-28,LA,44,179,4
2022-06-27,LA,44,179,4
2022-06-26,LA,43,180,4
2022-06-25,LA,42,181,4
2022-06-24,LA,42,181,4
2022-06-23,LA,42,181,4
2022-06-22,LA,42,181,4
2022-06-21,LA,42,181,4
2022-06-20,LA,42,181,4
2022-06-19,LA,42,181,4
2022-06-18,LA,42,181,4
2022-06-17,LA,42,181,4
2022-06-16,LA,42,181,4
2022-06-15,LA,42,181,4
2022-06-14,LA,42,181,4
2022-06-13,LA,42,181,4
2022-06-12,LA,42,181,4
2022-06-11,LA,42,181,4
2022-06-10,LA,42,181,4
2022-06-09,LA,42,181,4
2022-06-08,LA,42,181,4
2022-06-07,LA,42,181,4
2022-06-06,LA,42,181,4
2022-06-05,LA,40,183,4
2022-06-04,LA,40,183,4
2022-06-03,LA,41,182,4
2022-06-02,LA,43,180,4
2022-06-01,LA,43,180,4
2022-05-31,LA,43,180,4
2022-05-30,LA,43,180,4
2022-05-29,LA,43,180,4
2022-05-28,LA,43,180,4
2022-05-27,LA,43,180,4
2022-05-26,LA,43,180,4
2022-05-25,LA,43,180,4
2022-05-24,LA,42,181,4
2022-05-23,LA,43,180,4
2022-05-22,LA,43,180,4
2022-05-21,LA,43,180,4
2022-05-20,LA,42,181,4
2022-05-19,LA,42,181,4
2022-05-18,LA,43,180,4
2022-05-17,LA,43,180,4
2022-05-16,LA,43,180,4
2022-05-15,LA,43,180,4
2022-05-14,LA,43,180,4
2022-05-13,LA,43,180,4
2022-05-12,LA,43,180,4
2022-05-11,LA,42,181,4
2022-05-10,LA,42,181,4
2022-05-09,LA,43,180,4
2022-05-08,LA,43,180,4
2022-05-07,LA,43,180,4
2022-05-06,LA,43,180,4
2022-05-05,LA,43,180,4
2022-05-04,LA,43,180,4
2022-05-03,LA,43,180,4
2022-05-02,LA,43,180,4
2022-05-01,LA,43,180,4
2022-04-30,LA,43,180,4
2022-04-29,LA,44,179,4
2022-04-28,LA,44,179,4
2022-04-27,LA,44,179,4
2022-04-26,LA,44,179,4
2022-04-25,LA,43,180,4
2022-04-24,LA,44,179,4
2022-04-23,LA,44,179,4
2022-04-22,LA,44,179,4
2022-04-21,LA,44,179,4
2022-04-20,LA,46,176,5
2022-04-19,LA,46,176,5
2022-04-18,LA,46,176,5
2022-04-17,LA,46,176,5
2022-04-16,LA,46,176,5
2022-04-15,LA,46,176,5
2022-04-14,LA,46,176,5
2022-04-13,LA,46,176,5
2022-04-12,LA,46,176,5
2022-04-11,LA,46,176,5
2022-04-10,LA,46,176,5
2022-04-09,LA,46,176,5
2022-04-08,LA,46,176,5
2022-04-07,LA,46,176,5
2022-04-06,LA,45,177,5
2022-04-05,LA,45,177,5
2022-04-04,LA,45,177,6
2022-04-03,LA,46,176,6
2022-04-02,LA,46,176,6
2022-04-01,LA,46,176,6
2022-03-31,LA,45,177,6
2022-03-30,LA,45,177,5
2022-03-29,LA,45,177,5
2022-03-28,LA,45,177,5
2022-03-27,LA,45,177,5
2022-03-26,LA,46,176,5
2022-03-25,LA,46,176,5
2022-03-24,LA,46,176,5
2022-03-23,LA,46,176,5
2022-03-22,LA,46,176,5
2022-03-21,LA,46,176,5
2022-03-20,LA,47,175,5
2022-03-19,LA,47,175,5
2022-03-18,LA,47,175,5
2022-03-17,LA,47,175,5
2022-03-16,LA,47,175,5
2022-03-15,LA,46,176,5
2022-03-14,LA,47,175,5
2022-03-13,LA,47,175,5
2022-03-12,LA,47,175,5
2022-03-11,LA,47,175,5
2022-03-10,LA,47,175,5
2022-03-09,LA,47,175,5
2022-03-08,LA,47,175,5
2022-03-07,LA,47,175,5
2022-03-06,LA,48,174,5
2022-03-05,LA,48,174,5
2022-03-04,LA,47,175,5
2022-03-03,LA,47,175,5
2022-03-02,LA,47,175,5
2022-03-01,LA,47,175,5
2022-02-28,LA,47,175,5
2022-02-27,LA,47,175,5
2022-02-26,LA,47,175,5
2022-02-25,LA,47,175,5
2022-02-24,LA,47,175,5
2022-02-23,LA,47,175,5
2022-02-22,LA,47,175,5
2022-02-21,LA,48,174,5
2022-02-20,LA,49,172,6
2022-02-19,LA,49,172,6
2022-02-18,LA,49,172,6
2022-02-17,LA,49,172,6
2022-02-16,LA,48,173,6
2022-02-15,LA,48,173,6
2022-02-14,LA,48,173,6
2022-02-13,LA,48,173,6
2022-02-12,LA,48,173,6
2022-02-11,LA,49,172,6
2022-02-10,LA,49,172,6
2022-02-09,LA,49,172,6
2022-02-08,LA,49,172,6
2022-02-07,LA,50,171,6
2022-02-06,LA,51,170,6
2022-02-05,LA,51,170,6
2022-02-04,LA,50,171,6
2022-02-03,LA,49,172,6
2022-02-02,LA,48,173,6
2022-02-01,LA,54,166,7
2022-01-31,LA,52,168,6
2022-01-30,LA,54,166,6
2022-01-29,LA,54,166,6
2022-01-28,LA,54,166,6
2022-01-27,LA,55,165,6
2022-01-26,LA,55,165,5
2022-01-25,LA,55,165,5
2022-01-24,LA,55,165,5
2022-01-23,LA,55,165,5
2022-01-22,LA,55,165,5
2022-01-21,LA,55,165,5
2022-01-20,LA,55,165,5
2022-01-19,LA,55,165,5
2022-01-18,LA,55,165,5
2022-01-17,LA,58,162,5
2022-01-16,LA,58,162,5
2022-01-15,LA,58,162,5
2022-01-14,LA,58,162,5
2022-01-13,LA,58,162,5
2022-01-12,LA,58,162,5
2022-01-11,LA,58,162,5
2022-01-10,LA,59,161,5
2022-01-09,LA,58,162,5
2022-01-08,LA,58,162,5
2022-01-07,LA,58,162,5
2022-01-06,LA,58,162,5
2022-01-05,LA,57,163,5
2022-01-04,LA,57,163,5
2022-01-03,LA,57,163,5
2022-01-02,LA,55,165,5
2022-01-01,LA,55,165,5
2021-12-31,LA,55,165,5
2021-12-30,LA,55,165,5
2021-12-29,LA,54,166,5
2021-12-28,LA,54,166,5
2021-12-27,LA,54,166,5
2021-12-26,LA,54,166,5
2021-12-25,LA,54,166,5
2021-12-24,LA,54,166,5
2021-12-23,LA,54,166,5
2021-12-22,LA,53,167,5
2021-12-21,LA,53,167,5
2021-12-20,LA,53,167,5
2021-12-19,LA,53,167,5
2021-12-18,LA,52,168,5
2021-12-17,LA,52,168,5
2021-12-16,LA,52,168,5
2021-12-15,LA,52,168,5
2021-12-14,LA,52,168,5
2021-12-13,LA,52,168,5
2021-12-12,LA,52,168,5
2021-12-11,LA,52,168,5
2021-12-10,LA,52,168,5
2021-12-09,LA,52,168,5
2021-12-08,LA,53,167,5
2021-12-07,LA,53,167,5
2021-12-06,LA,53,167,5
2021-12-05,LA,53,167,5
2021-12-04,LA,53,167,5
2021-12-03,LA,53,167,5
2021-12-02,LA,53,167,5
2021-12-01,LA,53,167,5
2021-11-30,LA,53,167,5
2021-11-29,LA,53,166,6
2021-11-28,LA,53,166,6
2021-11-27,LA,53,166,6
2021-11-26,LA,53,166,6
2021-11-25,LA,53,166,6
2021-11-24,LA,53,166,6
2021-11-23,LA,53,166,6
2021-11-22,LA,52,166,7
2021-11-21,LA,52,166,7
2021-11-20,LA,52,166,7
2021-11-19,LA,52,166,7
2021-11-18,LA,52,166,7
2021-11-17,LA,52,166,7
2021-11-16,LA,52,166,7
2021-11-15,LA,52,166,7
2021-11-14,LA,52,166,7
2021-11-13,LA,52,166,7
2021-11-12,LA,52,166,7
2021-11-11,LA,52,166,7
2021-11-10,LA,52,166,7
2021-11-09,LA,52,166,7
2021-11-08,LA,52,166,7
2021-11-07,LA,52,166,7
2021-11-06,LA,53,165,7
2021-11-05,LA,53,165,7
2021-11-04,LA,53,165,7
2021-11-03,LA,53,165,7
2021-11-02,LA,53,165,7
2021-11-01,LA,53,165,7
2021-10-31,LA,53,165,7
2021-10-30,LA,52,166,7
2021-10-29,LA,52,166,7
2021-10-28,LA,52,166,7
2021-10-27,LA,52,166,7
2021-10-26,LA,52,166,7
2021-10-25,LA,52,166,7
2021-10-24,LA,53,165,7
2021-10-23,LA,53,165,7
2021-10-22,LA,53,165,7
2021-10-21,LA,53,165,7
2021-10-20,LA,53,165,7
2021-10-19,LA,52,165,8
2021-10-18,LA,52,165,8
2021-10-17,LA,52,165,8
2021-10-16,LA,52,165,8
2021-10-15,LA,52,165,8
2021-10-14,LA,52,165,8
2021-10-13,LA,52,165,7
2021-10-12,LA,52,165,7
2021-10-11,LA,52,165,7
2021-10-10,LA,52,165,7
2021-10-09,LA,52,165,7
2021-10-08,LA,53,164,7
2021-10-07,LA,53,164,7
2021-10-06,LA,53,164,7
2021-10-05,LA,54,163,7
2021-10-04,LA,54,163,7
2021-10-03,LA,53,164,7
2021-10-02,LA,53,164,7
2021-10-01,LA,53,164,7
2021-09-30,LA,53,164,7
2021-09-29,LA,53,164,7
2021-09-28,LA,53,164,7
2021-09-27,LA,52,165,7
2021-09-26,LA,52,165,7
2021-09-25,LA,53,164,7
2021-09-24,LA,53,164,7
2021-09-23,LA,53,164,7
2021-09-22,LA,53,164,7
2021-09-21,LA,53,164,7
2021-09-20,LA,53,164,7
2021-09-19,LA,53,164,7
2021-09-18,LA,53,164,7
2021-09-17,LA,54,163,7
2021-09-16,LA,67,150,7
2021-09-15,LA,67,150,7
2021-09-14,LA,67,150,7
2021-09-13,LA,66,151,7
2021-09-12,LA,67,150,7
2021-09-11,LA,67,150,7
2021-09-10,LA,68,149,7
2021-09-09,LA,68,149,7
2021-09-08,LA,69,148,7
2021-09-07,LA,69,148,7
2021-09-06,LA,65,152,7
2021-09-05,LA,60,157,7
2021-09-04,LA,61,156,7
2021-09-03,LA,61,156,7
2021-09-02,LA,62,155,7
2021-09-01,LA,62,155,7
2021-08-31,LA,62,155,7
2021-08-30,LA,63,154,7
2021-08-29,LA,63,154,7
2021-08-28,LA,63,154,7
2021-08-27,LA,63,154,7
2021-08-26,LA,63,154,7
2021-08-25,LA,61,156,7
2021-08-24,LA,61,156,7
2021-08-23,LA,62,155,7
2021-08-22,LA,60,158,6
2021-08-21,LA,60,158,6
2021-08-20,LA,60,158,6
2021-08-19,LA,59,159,6
2021-08-18,LA,58,160,6
2021-08-17,LA,57,161,6
2021-08-16,LA,57,161,6
2021-08-15,LA,57,161,6
2021-08-14,LA,56,162,6
2021-08-13,LA,55,163,6
2021-08-12,LA,53,165,6
2021-08-11,LA,54,163,7
2021-08-10,LA,53,165,6
2021-08-09,LA,52,166,6
2021-08-08,LA,52,166,6
2021-08-07,LA,52,166,6
2021-08-06,LA,51,167,6
2021-08-05,LA,51,167,6
2021-08-04,LA,51,166,6
2021-08-03,LA,45,172,6
2021-08-02,LA,45,172,6
2021-08-01,LA,45,172,6
2021-07-31,LA,45,172,6
2021-07-30,LA,44,173,6
2021-07-29,LA,43,174,6
2021-07-28,LA,43,174,6
2021-07-27,LA,43,174,6
2021-07-26,LA,43,174,6
2021-07-25,LA,40,177,6
2021-07-24,LA,40,177,6
2021-07-23,LA,40,177,6
2021-07-22,LA,40,177,6
2021-07-21,LA,40,177,6
2021-07-20,LA,40,177,6
2021-07-19,LA,40,177,6
2021-07-18,LA,40,177,6
2021-07-17,LA,40,177,6
2021-07-16,LA,40,177,6
2021-07-15,LA,40,177,6
2021-07-14,LA,39,178,6
2021-07-13,LA,39,178,6
2021-07-12,LA,38,179,6
2021-07-11,LA,38,179,6
2021-07-10,LA,38,179,6
2021-07-09,LA,38,179,6
2021-07-08,LA,38,179,6
2021-07-07,LA,38,179,6
2021-07-06,LA,41,176,6
2021-07-05,LA,39,178,6
2021-07-04,LA,40,177,6
2021-07-03,LA,40,177,6
2021-07-02,LA,40,177,6
2021-07-01,LA,40,177,6
2021-06-30,LA,40,177,6
2021-06-29,LA,40,177,6
2021-06-28,LA,41,176,6
2021-06-27,LA,41,176,6
2021-06-26,LA,41,176,6
2021-06-25,LA,41,176,6
2021-06-24,LA,41,176,6
2021-06-23,LA,41,176,6
2021-06-22,LA,41,176,6
2021-06-21,LA,41,176,6
2021-06-20,LA,41,176,6
2021-06-19,LA,41,176,6
2021-06-18,LA,41,176,6
2021-06-17,LA,41,176,6
2021-06-16,LA,41,176,6
2021-06-15,LA,41,176,6
2021-06-14,LA,41,176,6
2021-06-13,LA,41,176,6
2021-06-12,LA,41,176,6
2021-06-11,LA,41,176,6
2021-06-10,LA,41,176,6
2021-06-09,LA,41,176,6
2021-06-08,LA,41,176,6
2021-06-07,LA,41,176,6
2021-06-06,LA,41,176,6
2021-06-05,LA,41,176,6
2021-06-04,LA,41,176,6
2021-06-03,LA,41,176,6
2021-06-02,LA,41,176,6
2021-06-01,LA,41,176,6
2021-05-31,LA,41,176,6
2021-05-30,LA,41,176,6
2021-05-29,LA,41,176,6
2021-05-28,LA,41,176,6
2021-05-27,LA,41,176,6
2021-05-26,LA,41,176,6
2021-05-25,LA,41,176,6
2021-05-24,LA,41,176,6
2021-05-23,LA,41,176,6
2021-05-22,LA,41,176,6
2021-05-21,LA,42,175,6
2021-05-20,LA,42,175,6
2021-05-19,LA,43,174,6
2021-05-18,LA,43,174,6
2021-05-17,LA,43,174,6
2021-05-16,LA,44,173,6
2021-05-15,LA,44,173,6
2021-05-14,LA,44,173,6
2021-05-13,LA,44,173,6
2021-05-12,LA,44,173,6
2021-05-11,LA,44,173,6
2021-05-10,LA,44,173,6
2021-05-09,LA,44,173,6
2021-05-08,LA,44,173,6
2021-05-07,LA,44,173,6
2021-05-06,LA,44,173,6
2021-05-05,LA,44,173,6
2021-05-04,LA,44,173,6
2021-05-03,LA,45,172,6
2021-05-02,LA,44,173,6
2021-05-01,LA,44,173,6
2021-04-30,LA,44,173,6
2021-04-29,LA,44,173,6
2021-04-28,LA,44,173,6
2021-04-27,LA,44,173,6
2021-04-26,LA,44,173,6
2021-04-25,LA,44,173,6
2021-04-24,LA,44,173,6
2021-04-23,LA,45,172,6
2021-04-22,LA,44,173,6
2021-04-21,LA,44,173,6
2021-04-20,LA,44,173,6
2021-04-19,LA,44,173,6
2021-04-18,LA,45,172,6
2021-04-17,LA,45,172,6
2021-04-16,LA,45,172,6
2021-04-15,LA,45,172,6
2021-04-14,LA,45,171,7
2021-04-13,LA,45,171,6
2021-04-12,LA,45,171,6
2021-04-11,LA,45,171,6
2021-04-10,LA,45,171,6
2021-04-09,LA,46,170,6
2021-04-08,LA,46,170,6
2021-04-07,LA,46,170,6
2021-04-06,LA,46,170,6
2021-04-05,LA,46,170,6
2021-04-04,LA,46,170,6
2021-04-03,LA,46,170,6
2021-04-02,LA,46,170,6
2021-04-01,LA,46,170,6
2021-03-31,LA,46,170,6
2021-03-30,LA,46,170,6
2021-03-29,LA,47,169,6
2021-03-28,LA,47,169,6
2021-03-27,LA,47,169,6
2021-03-26,LA,47,169,6
2021-03-25,LA,47,169,6
2021-03-24,LA,46,170,6
2021-03-23,LA,46,170,6
2021-03-22,LA,46,170,6
2021-03-21,LA,46,170,6
2021-03-20,LA,46,170,6
2021-03-19,LA,46,170,6
2021-03-18,LA,46,170,6
2021-03-17,LA,46,170,6
2021-03-16,LA,46,170,6
2021-03-15,LA,46,170,6
2021-03-14,LA,46,170,6
2021-03-13,LA,46,170,6
2021-03-12,LA,46,170,6
2021-03-11,LA,45,171,6
2021-03-10,LA,45,171,6
2021-03-09,LA,46,170,6
2021-03-08,LA,45,171,6
2021-03-07,LA,45,171,6
2021-03-06,LA,45,171,6
2021-03-05,LA,45,171,6
2021-03-04,LA,45,171,6
2021-03-03,LA,45,171,6
2021-03-02,LA,46,170,6
2021-03-01,LA,46,170,6
2021-02-28,LA,46,170,6
2021-02-27,LA,46,170,6
2021-02-26,LA,45,170,7
2021-02-25,LA,45,170,7
2021-02-24,LA,45,170,7
2021-02-23,LA,46,170,6
2021-02-22,LA,45,171,6
2021-02-21,LA,45,171,6
2021-02-20,LA,45,171,6
2021-02-19,LA,45,171,6
2021-02-18,LA,45,171,6
2021-02-17,LA,45,171,6
2021-02-16,LA,46,170,6
2021-02-15,LA,45,171,6
2021-02-14,LA,46,170,6
2021-02-13,LA,45,171,6
2021-02-12,LA,46,170,6
2021-02-11,LA,46,170,6
2021-02-10,LA,47,169,6
2021-02-09,LA,47,169,6
2021-02-08,LA,47,169,6
2021-02-07,LA,48,168,6
2021-02-06,LA,49,167,6
2021-02-05,LA,50,166,6
2021-02-04,LA,49,167,6
2021-02-03,LA,49,167,6
2021-02-02,LA,49,167,6
2021-02-01,LA,48,168,6
2021-01-31,LA,48,168,6
2021-01-30,LA,48,168,6
2021-01-29,LA,48,168,6
2021-01-28,LA,48,168,6
2021-01-27,LA,48,168,6
2021-01-26,LA,46,169,7
2021-01-25,LA,46,169,7
2021-01-24,LA,46,169,7
2021-01-23,LA,46,169,7
2021-01-22,LA,48,167,7
2021-01-21,LA,47,168,6
2021-01-20,LA,49,166,6
2021-01-19,LA,47,168,6
2021-01-18,LA,48,167,6
2021-01-17,LA,51,164,6
2021-01-16,LA,51,164,6
2021-01-15,LA,51,164,6
2021-01-14,LA,52,163,6
2021-01-13,LA,51,164,6
2021-01-12,LA,51,164,6
2021-01-11,LA,51,163,7
2021-01-10,LA,51,163,7
2021-01-09,LA,51,163,7
2021-01-08,LA,52,162,7
2021-01-07,LA,49,164,8
2021-01-06,LA,49,165,7
2021-01-05,LA,48,165,8
2021-01-04,LA,50,163,8
2021-01-03,LA,49,164,8
2021-01-02,LA,49,164,8
2021-01-01,LA,50,163,8
2020-12-31,LA,50,163,8
2020-12-30,LA,50,164,7
2020-12-29,LA,51,162,8
2020-12-28,LA,51,162,8
2020-12-27,LA,51,162,8
2020-12-26,LA,51,162,8
2020-12-25,LA,51,162,8
2020-12-24,LA,51,162,8
2020-12-23,LA,51,163,7
2020-12-22,LA,49,164,8
2020-12-21,LA,48,165,8
2020-12-20,LA,48,165,8
2020-12-19,LA,48,165,8
2020-12-18,LA,48,165,8
2020-12-17,LA,50,163,8
2020-12-16,LA,50,164,7
2020-12-15,LA,50,163,8
2020-12-14,LA,50,163,8
2020-12-13,LA,50,163,8
2020-12-12,LA,51,162,8
2020-12-11,LA,51,162,8
2020-12-10,LA,50,163,8
2020-12-09,LA,50,164,7
2020-12-08,LA,50,163,8
2020-12-07,LA,50,163,8
2020-12-06,LA,50,163,8
2020-12-05,LA,50,163,8
2020-12-04,LA,49,164,8
2020-12-03,LA,49,164,8
2020-12-02,LA,49,165,7
2020-12-01,LA,49,163,9
2020-11-30,LA,49,163,9
2020-11-29,LA,49,163,9
2020-11-28,LA,50,162,9
2020-11-27,LA,50,162,9
2020-11-26,LA,50,162,9
2020-11-25,LA,50,163,8
2020-11-24,LA,50,162,9
2020-11-23,LA,49,162,10
2020-11-22,LA,49,163,10
2020-11-21,LA,49,163,10
2020-11-20,LA,49,163,10
2020-11-19,LA,49,162,11
2020-11-18,LA,49,163,9
2020-11-17,LA,48,162,10
2020-11-16,LA,46,164,10
2020-11-15,LA,45,166,10
2020-11-14,LA,46,165,10
2020-11-13,LA,45,166,10
2020-11-12,LA,46,164,11
2020-11-11,LA,47,164,10
2020-11-10,LA,47,162,11
2020-11-09,LA,47,162,11
2020-11-08,LA,46,163,11
2020-11-07,LA,46,163,11
2020-11-06,LA,47,163,10
2020-11-05,LA,48,161,11
2020-11-04,LA,47,163,10
2020-11-03,LA,46,163,11
2020-11-02,LA,46,164,10
2020-11-01,LA,46,163,11
2020-10-31,LA,46,163,11
2020-10-30,LA,46,165,11
2020-10-29,LA,46,163,13
2020-10-28,LA,47,162,13
2020-10-27,LA,44,164,14
2020-10-26,LA,44,156,18
2020-10-25,LA,45,155,18
2020-10-24,LA,47,153,18
2020-10-23,LA,47,153,18
2020-10-22,LA,47,153,18
2020-10-21,LA,47,153,18
2020-10-20,LA,46,154,18
2020-10-19,LA,46,154,18
2020-10-18,LA,47,153,18
2020-10-17,LA,47,153,18
2020-10-16,LA,46,153,19
2020-10-15,LA,45,151,22
2020-10-14,LA,45,151,22
2020-10-13,LA,44,148,26
2020-10-12,LA,44,148,26
2020-10-11,LA,43,148,27
2020-10-10,LA,44,147,27
2020-10-09,LA,44,147,27
2020-10-08,LA,43,144,30
2020-10-07,LA,43,144,30
2020-10-06,LA,43,144,30
2020-10-05,LA,44,143,30
2020-10-04,LA,44,143,30
2020-10-03,LA,44,143,30
2020-10-02,LA,43,144,30
2020-10-01,LA,43,144,30
2020-09-30,LA,43,144,30
2020-09-29,LA,43,144,30
2020-09-28,LA,43,144,30
2020-09-27,LA,44,143,30
2020-09-26,LA,44,143,30
2020-09-25,LA,44,143,30
2020-09-24,LA,44,143,30
2020-09-23,LA,45,142,30
2020-09-22,LA,44,142,31
2020-09-21,LA,44,143,30
2020-09-20,LA,44,143,30
2020-09-19,LA,45,142,30
2020-09-18,LA,45,142,30
2020-09-17,LA,46,141,30
2020-09-16,LA,46,141,30
2020-09-15,LA,45,143,30
2020-09-14,LA,43,145,30
2020-09-13,LA,45,143,30
2020-09-12,LA,44,144,30
2020-09-11,LA,45,143,30
2020-09-10,LA,45,142,30
2020-09-09,LA,45,142,30
2020-09-08,LA,44,142,31
2020-09-07,LA,44,142,31
2020-09-06,LA,44,142,31
2020-09-05,LA,44,142,31
2020-09-04,LA,45,140,32
2020-09-03,LA,45,140,32
2020-09-02,LA,44,140,33
2020-09-01,LA,44,141,32
2020-08-31,LA,44,141,32
2020-08-30,LA,45,140,32
2020-08-29,LA,43,142,32
2020-08-28,LA,44,140,33
2020-08-27,LA,43,142,32
2020-08-26,LA,42,143,32
2020-08-25,LA,42,142,33
2020-08-24,LA,43,141,33
2020-08-23,LA,44,141,33
2020-08-22,LA,44,141,33
2020-08-21,LA,44,142,32
2020-08-20,LA,46,139,33
2020-08-19,LA,47,138,32
2020-08-18,LA,47,138,32
2020-08-17,LA,46,139,32
2020-08-16,LA,45,140,32
2020-08-15,LA,45,140,32
2020-08-14,LA,45,138,34
2020-08-13,LA,45,138,34
2020-08-12,LA,45,138,34
2020-08-11,LA,44,139,34
2020-08-10,LA,43,141,34
2020-08-09,LA,44,139,35
2020-08-08,LA,44,139,36
2020-08-07,LA,44,139,36
2020-08-06,LA,44,139,36
2020-08-05,LA,45,137,37
2020-08-04,LA,46,136,37
2020-08-03,LA,46,136,37
2020-08-02,LA,44,137,38
2020-08-01,LA,44,137,38
2023-04-10,MA,12,61,0
2023-04-09,MA,12,61,0
2023-04-08,MA,12,61,0
2023-04-07,MA,12,61,0
2023-04-06,MA,12,61,1
2023-04-05,MA,12,61,1
2023-04-04,MA,12,61,1
2023-04-03,MA,11,62,1
2023-04-02,MA,11,62,1
2023-04-01,MA,11,62,1
2023-03-31,MA,12,61,1
2023-03-30,MA,11,62,1
2023-03-29,MA,12,61,1
2023-03-28,MA,12,61,1
2023-03-27,MA,12,61,1
2023-03-26,MA,12,61,1
2023-03-25,MA,12,61,1
2023-03-24,MA,12,61,1
2023-03-23,MA,12,61,1
2023-03-22,MA,12,61,1
2023-03-21,MA,12,61,1
2023-03-20,MA,12,60,1
2023-03-19,MA,11,61,1
2023-03-18,MA,12,60,1
2023-03-17,MA,12,60,1
2023-03-16,MA,12,60,1
2023-03-15,MA,12,60,1
2023-03-14,MA,12,60,1
2023-03-13,MA,12,60,1
2023-03-12,MA,11,61,1
2023-03-11,MA,11,61,1
2023-03-10,MA,12,60,1
2023-03-09,MA,12,60,1
2023-03-08,MA,12,60,1
2023-03-07,MA,11,61,1
2023-03-06,MA,12,60,1
2023-03-05,MA,11,61,1
2023-03-04,MA,11,61,1
2023-03-03,MA,11,61,1
2023-03-02,MA,12,60,1
2023-03-01,MA,12,60,1
2023-02-28,MA,12,60,1
2023-02-27,MA,12,60,1
2023-02-26,MA,12,60,1
2023-02-25,MA,12,60,1
2023-02-24,MA,13,59,1
2023-02-23,MA,13,59,1
2023-02-22,MA,12,60,1
2023-02-21,MA,12,60,1
2023-02-20,MA,12,60,1
2023-02-19,MA,11,61,1
2023-02-18,MA,12,60,1
2023-02-17,MA,12,60,1
2023-02-16,MA,11,61,1
2023-02-15,MA,11,61,1
2023-02-14,MA,12,61,1
2023-02-13,MA,12,61,1
2023-02-12,MA,12,61,1
2023-02-11,MA,12,61,1
2023-02-10,MA,13,60,1
2023-02-09,MA,13,60,1
2023-02-08,MA,13,60,1
2023-02-07,MA,12,61,1
2023-02-06,MA,12,61,1
2023-02-05,MA,12,61,1
2023-02-04,MA,12,61,1
2023-02-03,MA,13,60,1
2023-02-02,MA,13,60,1
2023-02-01,MA,13,60,1
2023-01-31,MA,12,61,1
2023-01-30,MA,12,61,1
2023-01-29,MA,12,61,1
2023-01-28,MA,12,61,1
2023-01-27,MA,13,60,1
2023-01-26,MA,13,60,1
2023-01-25,MA,13,60,1
2023-01-24,MA,12,61,1
2023-01-23,MA,12,61,1
2023-01-22,MA,13,60,1
2023-01-21,MA,13,60,1
2023-01-20,MA,13,60,1
2023-01-19,MA,13,60,1
2023-01-18,MA,13,60,1
2023-01-17,MA,13,60,1
2023-01-16,MA,13,61,1
2023-01-15,MA,13,61,1
2023-01-14,MA,13,61,1
2023-01-13,MA,14,60,1
2023-01-12,MA,14,60,1
2023-01-11,MA,14,59,1
2023-01-10,MA,14,59,1
2023-01-09,MA,14,59,1
2023-01-08,MA,15,58,1
2023-01-07,MA,14,59,1
2023-01-06,MA,13,60,1
2023-01-05,MA,14,60,1
2023-01-04,MA,13,61,1
2023-01-03,MA,13,62,1
2023-01-02,MA,13,62,1
2023-01-01,MA,13,62,1
2022-12-31,MA,13,62,0
2022-12-30,MA,14,61,0
2022-12-29,MA,14,61,1
2022-12-28,MA,14,60,1
2022-12-27,MA,13,61,1
2022-12-26,MA,13,61,1
2022-12-25,MA,14,60,1
2022-12-24,MA,14,60,1
2022-12-23,MA,14,60,1
2022-12-22,MA,14,60,1
2022-12-21,MA,14,60,1
2022-12-20,MA,14,60,1
2022-12-19,MA,15,59,1
2022-12-18,MA,16,63,1
2022-12-17,MA,16,63,1
2022-12-16,MA,15,64,1
2022-12-15,MA,15,64,1
2022-12-14,MA,15,63,1
2022-12-13,MA,21,57,1
2022-12-12,MA,23,55,1
2022-12-11,MA,16,62,1
2022-12-10,MA,15,63,1
2022-12-09,MA,23,55,1
2022-12-08,MA,23,55,1
2022-12-07,MA,22,56,1
2022-12-06,MA,22,56,1
2022-12-05,MA,22,56,1
2022-12-04,MA,14,64,1
2022-12-03,MA,15,63,1
2022-12-02,MA,23,55,1
2022-12-01,MA,23,55,1
2022-11-30,MA,23,55,1
2022-11-29,MA,22,56,1
2022-11-28,MA,22,56,1
2022-11-27,MA,17,61,1
2022-11-26,MA,16,62,1
2022-11-25,MA,22,56,1
2022-11-24,MA,16,62,1
2022-11-23,MA,22,56,1
2022-11-22,MA,22,56,1
2022-11-21,MA,22,56,1
2022-11-20,MA,15,63,1
2022-11-19,MA,15,63,1
2022-11-18,MA,22,56,1
2022-11-17,MA,23,55,1
2022-11-16,MA,23,55,1
2022-11-15,MA,23,55,1
2022-11-14,MA,23,55,1
2022-11-13,MA,15,63,1
2022-11-12,MA,15,63,1
2022-11-11,MA,24,54,1
2022-11-10,MA,24,54,1
2022-11-09,MA,24,54,1
2022-11-08,MA,24,54,1
2022-11-07,MA,24,54,1
2022-11-06,MA,20,79,1
2022-11-05,MA,18,81,1
2022-11-04,MA,26,73,1
2022-11-03,MA,26,73,1
2022-11-02,MA,26,73,1
2022-11-01,MA,24,56,1
2022-10-31,MA,24,54,1
2022-10-30,MA,19,83,1
2022-10-29,MA,19,83,1
2022-10-28,MA,26,76,1
2022-10-27,MA,26,76,1
2022-10-26,MA,26,76,1
2022-10-25,MA,23,55,1
2022-10-24,MA,23,55,1
2022-10-23,MA,19,81,1
2022-10-22,MA,18,82,1
2022-10-21,MA,27,73,1
2022-10-20,MA,27,73,1
2022-10-19,MA,27,73,1
2022-10-18,MA,24,54,1
2022-10-17,MA,24,55,1
2022-10-16,MA,19,82,1
2022-10-15,MA,20,81,1
2022-10-14,MA,27,74,1
2022-10-13,MA,27,74,1
2022-10-12,MA,27,73,1
2022-10-11,MA,24,54,1
2022-10-10,MA,16,63,1
2022-10-09,MA,19,82,1
2022-10-08,MA,19,82,1
2022-10-07,MA,27,74,1
2022-10-06,MA,27,74,1
2022-10-05,MA,27,73,1
2022-10-04,MA,24,54,1
2022-10-03,MA,24,54,1
2022-10-02,MA,20,81,1
2022-10-01,MA,20,81,1
2022-09-30,MA,28,73,1
2022-09-29,MA,28,73,1
2022-09-28,MA,28,73,1
2022-09-27,MA,24,54,1
2022-09-26,MA,24,54,1
2022-09-25,MA,21,80,1
2022-09-24,MA,21,80,1
2022-09-23,MA,28,73,1
2022-09-22,MA,28,73,1
2022-09-21,MA,28,73,1
2022-09-20,MA,24,54,1
2022-09-19,MA,24,54,1
2022-09-18,MA,20,81,1
2022-09-17,MA,20,81,1
2022-09-16,MA,26,75,1
2022-09-15,MA,26,75,1
2022-09-14,MA,26,75,1
2022-09-13,MA,22,56,1
2022-09-12,MA,22,56,1
2022-09-11,MA,18,83,1
2022-09-10,MA,18,83,1
2022-09-09,MA,26,75,1
2022-09-08,MA,26,75,1
2022-09-07,MA,25,76,1
2022-09-06,MA,21,61,1
2022-09-05,MA,21,62,1
2022-09-04,MA,26,76,1
2022-09-03,MA,21,81,1
2022-09-02,MA,26,76,1
2022-09-01,MA,26,76,1
2022-08-31,MA,26,75,1
2022-08-30,MA,22,60,1
2022-08-29,MA,22,60,1
2022-08-28,MA,20,82,1
2022-08-27,MA,19,83,1
2022-08-26,MA,25,77,1
2022-08-25,MA,26,76,1
2022-08-24,MA,25,77,1
2022-08-23,MA,22,60,1
2022-08-22,MA,23,59,1
2022-08-21,MA,22,78,1
2022-08-20,MA,22,78,1
2022-08-19,MA,27,73,1
2022-08-18,MA,27,73,1
2022-08-17,MA,27,73,1
2022-08-16,MA,23,59,1
2022-08-15,MA,23,59,1
2022-08-14,MA,21,80,1
2022-08-13,MA,21,81,1
2022-08-12,MA,26,76,1
2022-08-11,MA,26,76,1
2022-08-10,MA,26,76,1
2022-08-09,MA,23,62,1
2022-08-08,MA,23,61,1
2022-08-07,MA,22,80,1
2022-08-06,MA,20,82,1
2022-08-05,MA,26,76,1
2022-08-04,MA,26,76,1
2022-08-03,MA,26,76,1
2022-08-02,MA,22,60,1
2022-08-01,MA,22,60,1
2022-07-31,MA,20,82,1
2022-07-30,MA,19,83,1
2022-07-29,MA,26,76,1
2022-07-28,MA,26,76,1
2022-07-27,MA,26,76,1
2022-07-26,MA,22,60,1
2022-07-25,MA,22,60,1
2022-07-24,MA,21,81,1
2022-07-23,MA,20,82,1
2022-07-22,MA,26,76,1
2022-07-21,MA,26,76,1
2022-07-20,MA,26,76,1
2022-07-19,MA,23,59,1
2022-07-18,MA,23,59,1
2022-07-17,MA,20,82,1
2022-07-16,MA,19,83,1
2022-07-15,MA,26,76,1
2022-07-14,MA,26,76,1
2022-07-13,MA,26,76,1
2022-07-12,MA,22,60,1
2022-07-11,MA,22,60,1
2022-07-10,MA,19,81,1
2022-07-09,MA,19,81,1
2022-07-08,MA,26,74,1
2022-07-07,MA,26,74,1
2022-07-06,MA,26,74,1
2022-07-05,MA,22,60,1
2022-07-04,MA,22,60,1
2022-07-03,MA,18,82,1
2022-07-02,MA,17,83,1
2022-07-01,MA,25,75,1
2022-06-30,MA,25,75,1
2022-06-29,MA,25,75,1
2022-06-28,MA,22,60,1
2022-06-27,MA,22,60,1
2022-06-26,MA,20,80,1
2022-06-25,MA,18,82,1
2022-06-24,MA,26,74,1
2022-06-23,MA,26,74,1
2022-06-22,MA,26,74,1
2022-06-21,MA,22,60,1
2022-06-20,MA,22,60,1
2022-06-19,MA,19,81,1
2022-06-18,MA,19,81,1
2022-06-17,MA,27,73,1
2022-06-16,MA,27,73,1
2022-06-15,MA,27,73,1
2022-06-14,MA,23,59,1
2022-06-13,MA,23,59,1
2022-06-12,MA,20,82,1
2022-06-11,MA,20,82,1
2022-06-10,MA,27,75,1
2022-06-09,MA,28,74,1
2022-06-08,MA,28,74,1
2022-06-07,MA,23,59,1
2022-06-06,MA,23,59,1
2022-06-05,MA,21,81,1
2022-06-04,MA,20,82,1
2022-06-03,MA,27,75,1
2022-06-02,MA,26,76,1
2022-06-01,MA,26,76,1
2022-05-31,MA,21,61,1
2022-05-30,MA,20,62,1
2022-05-29,MA,21,81,1
2022-05-28,MA,20,82,1
2022-05-27,MA,25,77,1
2022-05-26,MA,25,77,1
2022-05-25,MA,25,77,1
2022-05-24,MA,20,62,1
2022-05-23,MA,20,62,1
2022-05-22,MA,18,84,1
2022-05-21,MA,17,85,1
2022-05-20,MA,25,77,1
2022-05-19,MA,25,77,1
2022-05-18,MA,25,77,1
2022-05-17,MA,20,62,1
2022-05-16,MA,20,62,1
2022-05-15,MA,16,85,1
2022-05-14,MA,17,84,1
2022-05-13,MA,25,76,1
2022-05-12,MA,25,76,1
2022-05-11,MA,25,76,1
2022-05-10,MA,20,62,1
2022-05-09,MA,20,62,1
2022-05-08,MA,19,83,1
2022-05-07,MA,18,84,1
2022-05-06,MA,24,78,1
2022-05-05,MA,24,78,1
2022-05-04,MA,24,78,1
2022-05-03,MA,19,63,1
2022-05-02,MA,19,63,1
2022-05-01,MA,16,85,1
2022-04-30,MA,16,85,1
2022-04-29,MA,24,77,1
2022-04-28,MA,24,77,1
2022-04-27,MA,24,77,1
2022-04-26,MA,19,62,1
2022-04-25,MA,19,62,1
2022-04-24,MA,17,85,1
2022-04-23,MA,16,86,1
2022-04-22,MA,24,78,1
2022-04-21,MA,24,78,1
2022-04-20,MA,24,78,1
2022-04-19,MA,19,63,1
2022-04-18,MA,19,63,1
2022-04-17,MA,15,87,1
2022-04-16,MA,17,85,1
2022-04-15,MA,24,78,1
2022-04-14,MA,24,78,1
2022-04-13,MA,24,78,1
2022-04-12,MA,19,63,1
2022-04-11,MA,19,63,1
2022-04-10,MA,18,84,1
2022-04-09,MA,18,84,1
2022-04-08,MA,24,78,1
2022-04-07,MA,24,78,1
2022-04-06,MA,24,78,1
2022-04-05,MA,19,63,1
2022-04-04,MA,19,63,1
2022-04-03,MA,18,83,1
2022-04-02,MA,17,84,1
2022-04-01,MA,25,76,1
2022-03-31,MA,25,76,1
2022-03-30,MA,24,77,1
2022-03-29,MA,19,63,1
2022-03-28,MA,19,63,1
2022-03-27,MA,18,83,1
2022-03-26,MA,16,85,1
2022-03-25,MA,24,77,1
2022-03-24,MA,24,77,1
2022-03-23,MA,24,77,1
2022-03-22,MA,19,63,1
2022-03-21,MA,19,63,1
2022-03-20,MA,16,86,1
2022-03-19,MA,17,85,1
2022-03-18,MA,25,77,1
2022-03-17,MA,25,77,1
2022-03-16,MA,25,77,1
2022-03-15,MA,20,62,1
2022-03-14,MA,20,62,1
2022-03-13,MA,17,85,1
2022-03-12,MA,21,81,1
2022-03-11,MA,25,77,1
2022-03-10,MA,25,77,1
2022-03-09,MA,25,77,1
2022-03-08,MA,20,62,1
2022-03-07,MA,20,62,1
2022-03-06,MA,19,83,1
2022-03-05,MA,23,79,1
2022-03-04,MA,27,75,1
2022-03-03,MA,27,75,1
2022-03-02,MA,27,75,1
2022-03-01,MA,22,60,1
2022-02-28,MA,22,60,1
2022-02-27,MA,20,80,1
2022-02-26,MA,18,82,1
2022-02-25,MA,27,73,1
2022-02-24,MA,27,73,1
2022-02-23,MA,27,73,1
2022-02-22,MA,23,59,1
2022-02-21,MA,23,59,1
2022-02-20,MA,31,70,1
2022-02-19,MA,32,69,1
2022-02-18,MA,29,72,1
2022-02-17,MA,29,72,1
2022-02-16,MA,29,72,1
2022-02-15,MA,24,58,1
2022-02-14,MA,24,58,1
2022-02-13,MA,25,76,1
2022-02-12,MA,22,79,1
2022-02-11,MA,30,71,1
2022-02-10,MA,30,71,1
2022-02-09,MA,30,71,1
2022-02-08,MA,25,57,1
2022-02-07,MA,25,57,1
2022-02-06,MA,22,80,1
2022-02-05,MA,22,80,1
2022-02-04,MA,32,70,1
2022-02-03,MA,32,70,1
2022-02-02,MA,32,70,1
2022-02-01,MA,26,56,1
2022-01-31,MA,26,56,1
2022-01-30,MA,23,79,1
2022-01-29,MA,22,80,1
2022-01-28,MA,33,69,1
2022-01-27,MA,33,69,1
2022-01-26,MA,33,69,1
2022-01-25,MA,27,55,1
2022-01-24,MA,27,55,1
2022-01-23,MA,25,76,1
2022-01-22,MA,25,76,1
2022-01-21,MA,33,68,1
2022-01-20,MA,33,68,1
2022-01-19,MA,34,67,1
2022-01-18,MA,29,53,1
2022-01-17,MA,29,53,1
2022-01-16,MA,29,72,1
2022-01-15,MA,35,66,1
2022-01-14,MA,37,64,1
2022-01-13,MA,37,64,1
2022-01-12,MA,37,64,1
2022-01-11,MA,30,52,1
2022-01-10,MA,31,51,1
2022-01-09,MA,37,65,1
2022-01-08,MA,36,66,1
2022-01-07,MA,36,66,1
2022-01-06,MA,35,67,1
2022-01-05,MA,34,68,1
2022-01-04,MA,26,56,1
2022-01-03,MA,25,57,1
2022-01-02,MA,32,70,1
2022-01-01,MA,32,70,1
2021-12-31,MA,32,70,1
2021-12-30,MA,31,71,1
2021-12-29,MA,31,71,1
2021-12-28,MA,23,59,1
2021-12-27,MA,23,59,1
2021-12-26,MA,27,72,1
2021-12-25,MA,26,73,1
2021-12-24,MA,26,73,1
2021-12-23,MA,27,72,1
2021-12-22,MA,27,72,1
2021-12-21,MA,23,59,1
2021-12-20,MA,21,61,1
2021-12-19,MA,29,72,1
2021-12-18,MA,29,72,1
2021-12-17,MA,29,72,1
2021-12-16,MA,29,72,1
2021-12-15,MA,29,72,1
2021-12-14,MA,22,60,1
2021-12-13,MA,23,59,1
2021-12-12,MA,30,71,1
2021-12-11,MA,29,72,1
2021-12-10,MA,29,72,1
2021-12-09,MA,29,72,1
2021-12-08,MA,30,71,1
2021-12-07,MA,22,60,1
2021-12-06,MA,22,60,1
2021-12-05,MA,30,71,1
2021-12-04,MA,29,72,1
2021-12-03,MA,29,72,1
2021-12-02,MA,29,72,1
2021-12-01,MA,29,72,1
2021-11-30,MA,21,61,1
2021-11-29,MA,21,61,1
2021-11-28,MA,29,72,1
2021-11-27,MA,29,72,1
2021-11-26,MA,29,72,1
2021-11-25,MA,28,73,1
2021-11-24,MA,28,73,1
2021-11-23,MA,21,61,1
2021-11-22,MA,21,61,1
2021-11-21,MA,28,72,1
2021-11-20,MA,29,71,1
2021-11-19,MA,29,71,1
2021-11-18,MA,29,71,1
2021-11-17,MA,29,71,1
2021-11-16,MA,21,61,1
2021-11-15,MA,21,61,1
2021-11-14,MA,29,72,1
2021-11-13,MA,28,73,1
2021-11-12,MA,29,72,1
2021-11-11,MA,29,72,1
2021-11-10,MA,28,73,1
2021-11-09,MA,17,65,1
2021-11-08,MA,17,65,1
2021-11-07,MA,24,76,1
2021-11-06,MA,24,76,1
2021-11-05,MA,25,75,1
2021-11-04,MA,25,75,1
2021-11-03,MA,25,75,1
2021-11-02,MA,18,64,1
2021-11-01,MA,17,65,1
2021-10-31,MA,24,76,1
2021-10-30,MA,24,76,1
2021-10-29,MA,24,76,1
2021-10-28,MA,24,76,1
2021-10-27,MA,24,76,1
2021-10-26,MA,17,65,1
2021-10-25,MA,17,65,1
2021-10-24,MA,26,75,1
2021-10-23,MA,27,74,1
2021-10-22,MA,26,75,1
2021-10-21,MA,26,75,1
2021-10-20,MA,26,75,1
2021-10-19,MA,17,65,1
2021-10-18,MA,17,65,1
2021-10-17,MA,25,76,1
2021-10-16,MA,25,76,1
2021-10-15,MA,25,76,1
2021-10-14,MA,25,76,1
2021-10-13,MA,25,76,1
2021-10-12,MA,16,66,1
2021-10-11,MA,16,66,1
2021-10-10,MA,22,77,1
2021-10-09,MA,22,77,1
2021-10-08,MA,23,76,1
2021-10-07,MA,23,76,1
2021-10-06,MA,22,77,1
2021-10-05,MA,17,62,4
2021-10-04,MA,17,62,4
2021-10-03,MA,23,73,6
2021-10-02,MA,23,73,6
2021-10-01,MA,22,74,6
2021-09-30,MA,22,73,7
2021-09-29,MA,22,73,7
2021-09-28,MA,17,61,5
2021-09-27,MA,17,61,5
2021-09-26,MA,23,72,7
2021-09-25,MA,23,72,7
2021-09-24,MA,22,73,7
2021-09-23,MA,22,73,7
2021-09-22,MA,21,73,8
2021-09-21,MA,10,72,1
2021-09-20,MA,8,74,1
2021-09-19,MA,14,87,1
2021-09-18,MA,14,87,1
2021-09-17,MA,13,88,1
2021-09-16,MA,13,88,1
2021-09-15,MA,13,88,1
2021-09-14,MA,7,75,1
2021-09-13,MA,8,74,1
2021-09-12,MA,13,88,1
2021-09-11,MA,13,88,1
2021-09-10,MA,13,88,1
2021-09-09,MA,13,88,1
2021-09-08,MA,13,88,1
2021-09-07,MA,7,75,1
2021-09-06,MA,7,75,1
2021-09-05,MA,11,89,1
2021-09-04,MA,11,89,1
2021-09-03,MA,11,89,1
2021-09-02,MA,10,90,1
2021-09-01,MA,10,90,1
2021-08-31,MA,6,76,1
2021-08-30,MA,6,76,1
2021-08-29,MA,10,91,1
2021-08-28,MA,10,91,1
2021-08-27,MA,10,91,1
2021-08-26,MA,10,91,1
2021-08-25,MA,10,91,1
2021-08-24,MA,5,77,1
2021-08-23,MA,6,76,1
2021-08-22,MA,12,89,1
2021-08-21,MA,12,89,1
2021-08-20,MA,11,90,1
2021-08-19,MA,11,90,1
2021-08-18,MA,11,90,1
2021-08-17,MA,6,76,1
2021-08-16,MA,6,76,1
2021-08-15,MA,11,89,1
2021-08-14,MA,11,89,1
2021-08-13,MA,11,89,1
2021-08-12,MA,11,89,1
2021-08-11,MA,11,89,1
2021-08-10,MA,6,76,1
2021-08-09,MA,6,76,1
2021-08-08,MA,10,91,1
2021-08-07,MA,11,90,1
2021-08-06,MA,10,91,1
2021-08-05,MA,10,91,1
2021-08-04,MA,10,91,1
2021-08-03,MA,6,76,1
2021-08-02,MA,6,76,1
2021-08-01,MA,10,90,1
2021-07-31,MA,10,90,1
2021-07-30,MA,10,90,1
2021-07-29,MA,10,90,1
2021-07-28,MA,10,90,1
2021-07-27,MA,6,76,1
2021-07-26,MA,6,76,1
2021-07-25,MA,10,90,1
2021-07-24,MA,10,90,1
2021-07-23,MA,10,90,1
2021-07-22,MA,9,91,1
2021-07-21,MA,9,91,1
2021-07-20,MA,5,73,1
2021-07-19,MA,5,73,1
2021-07-18,MA,9,91,1
2021-07-17,MA,9,91,1
2021-07-16,MA,9,91,1
2021-07-15,MA,9,91,1
2021-07-14,MA,9,91,1
2021-07-13,MA,5,73,1
2021-07-12,MA,6,72,1
2021-07-11,MA,10,90,1
2021-07-10,MA,10,90,1
2021-07-09,MA,10,90,1
2021-07-08,MA,10,90,1
2021-07-07,MA,10,90,1
2021-07-06,MA,6,72,1
2021-07-05,MA,6,72,1
2021-07-04,MA,11,88,1
2021-07-03,MA,11,88,1
2021-07-02,MA,11,88,1
2021-07-01,MA,10,89,1
2021-06-30,MA,10,89,1
2021-06-29,MA,6,72,1
2021-06-28,MA,6,72,1
2021-06-27,MA,9,91,1
2021-06-26,MA,9,91,1
2021-06-25,MA,10,90,1
2021-06-24,MA,10,90,1
2021-06-23,MA,10,90,1
2021-06-22,MA,6,72,1
2021-06-21,MA,6,72,1
2021-06-20,MA,10,90,1
2021-06-19,MA,10,90,1
2021-06-18,MA,10,90,1
2021-06-17,MA,10,90,1
2021-06-16,MA,10,90,1
2021-06-15,MA,6,72,1
2021-06-14,MA,6,72,1
2021-06-13,MA,10,90,1
2021-06-12,MA,10,90,1
2021-06-11,MA,10,90,1
2021-06-10,MA,10,90,1
2021-06-09,MA,10,90,1
2021-06-08,MA,6,72,1
2021-06-07,MA,6,72,1
2021-06-06,MA,10,91,1
2021-06-05,MA,10,91,1
2021-06-04,MA,10,91,1
2021-06-03,MA,10,91,1
2021-06-02,MA,10,91,1
2021-06-01,MA,6,72,1
2021-05-31,MA,6,72,1
2021-05-30,MA,10,91,1
2021-05-29,MA,10,91,1
2021-05-28,MA,10,91,1
2021-05-27,MA,10,91,1
2021-05-26,MA,10,91,1
2021-05-25,MA,6,72,1
2021-05-24,MA,6,72,1
2021-05-23,MA,10,91,1
2021-05-22,MA,11,90,1
2021-05-21,MA,10,91,1
2021-05-20,MA,10,91,1
2021-05-19,MA,10,91,1
2021-05-18,MA,6,72,1
2021-05-17,MA,6,72,1
2021-05-16,MA,10,91,1
2021-05-15,MA,11,90,1
2021-05-14,MA,10,91,1
2021-05-13,MA,10,91,1
2021-05-12,MA,11,90,1
2021-05-11,MA,7,71,1
2021-05-10,MA,7,71,1
2021-05-09,MA,10,91,1
2021-05-08,MA,9,92,1
2021-05-07,MA,9,92,1
2021-05-06,MA,10,91,1
2021-05-05,MA,10,91,1
2021-05-04,MA,6,72,1
2021-05-03,MA,6,72,1
2021-05-02,MA,10,91,1
2021-05-01,MA,10,91,1
2021-04-30,MA,9,92,1
2021-04-29,MA,9,92,1
2021-04-28,MA,9,92,1
2021-04-27,MA,7,71,1
2021-04-26,MA,6,72,1
2021-04-25,MA,10,91,1
2021-04-24,MA,10,91,1
2021-04-23,MA,10,91,1
2021-04-22,MA,10,91,1
2021-04-21,MA,10,91,1
2021-04-20,MA,7,71,1
2021-04-19,MA,7,71,1
2021-04-18,MA,10,90,1
2021-04-17,MA,10,90,1
2021-04-16,MA,10,90,1
2021-04-15,MA,10,90,1
2021-04-14,MA,10,90,1
2021-04-13,MA,7,71,1
2021-04-12,MA,7,71,1
2021-04-11,MA,10,90,1
2021-04-10,MA,10,90,1
2021-04-09,MA,10,90,1
2021-04-08,MA,10,90,1
2021-04-07,MA,9,91,1
2021-04-06,MA,6,76,1
2021-04-05,MA,6,76,1
2021-04-04,MA,9,91,1
2021-04-03,MA,9,91,1
2021-04-02,MA,9,91,1
2021-04-01,MA,9,91,1
2021-03-31,MA,9,91,1
2021-03-30,MA,6,72,1
2021-03-29,MA,6,72,1
2021-03-28,MA,9,91,1
2021-03-27,MA,9,91,1
2021-03-26,MA,9,91,1
2021-03-25,MA,9,91,1
2021-03-24,MA,9,91,1
2021-03-23,MA,6,72,1
2021-03-22,MA,6,72,1
2021-03-21,MA,9,92,1
2021-03-20,MA,9,92,1
2021-03-19,MA,9,92,1
2021-03-18,MA,9,92,1
2021-03-17,MA,9,92,1
2021-03-16,MA,6,72,1
2021-03-15,MA,6,72,1
2021-03-14,MA,8,93,1
2021-03-13,MA,7,94,1
2021-03-12,MA,8,93,1
2021-03-11,MA,8,93,1
2021-03-10,MA,8,93,1
2021-03-09,MA,6,72,1
2021-03-08,MA,6,72,1
2021-03-07,MA,8,93,1
2021-03-06,MA,9,92,1
2021-03-05,MA,9,92,1
2021-03-04,MA,9,92,1
2021-03-03,MA,9,92,1
2021-03-02,MA,7,71,1
2021-03-01,MA,7,71,1
2021-02-28,MA,8,92,1
2021-02-27,MA,8,92,1
2021-02-26,MA,8,92,1
2021-02-25,MA,8,92,1
2021-02-24,MA,9,91,1
2021-02-23,MA,8,70,1
2021-02-22,MA,7,71,1
2021-02-21,MA,10,91,1
2021-02-20,MA,10,91,1
2021-02-19,MA,10,91,1
2021-02-18,MA,10,91,1
2021-02-17,MA,10,91,1
2021-02-16,MA,7,71,1
2021-02-15,MA,7,71,1
2021-02-14,MA,10,91,1
2021-02-13,MA,10,91,1
2021-02-12,MA,10,91,1
2021-02-11,MA,11,90,1
2021-02-10,MA,10,91,1
2021-02-09,MA,7,71,1
2021-02-08,MA,7,71,1
2021-02-07,MA,10,91,1
2021-02-06,MA,10,91,1
2021-02-05,MA,10,91,1
2021-02-04,MA,10,91,1
2021-02-03,MA,10,91,1
2021-02-02,MA,7,71,1
2021-02-01,MA,6,72,1
2021-01-31,MA,9,91,1
2021-01-30,MA,11,89,1
2021-01-29,MA,10,90,1
2021-01-28,MA,12,88,1
2021-01-27,MA,12,88,1
2021-01-26,MA,10,68,1
2021-01-25,MA,10,68,1
2021-01-24,MA,15,86,1
2021-01-23,MA,16,85,1
2021-01-22,MA,15,86,1
2021-01-21,MA,16,85,1
2021-01-20,MA,15,86,1
2021-01-19,MA,10,68,1
2021-01-18,MA,9,69,1
2021-01-17,MA,14,87,1
2021-01-16,MA,13,88,1
2021-01-15,MA,14,87,1
2021-01-14,MA,14,87,1
2021-01-13,MA,14,87,1
2021-01-12,MA,10,68,1
2021-01-11,MA,10,68,1
2021-01-10,MA,14,87,1
2021-01-09,MA,14,87,1
2021-01-08,MA,14,87,1
2021-01-07,MA,14,87,1
2021-01-06,MA,13,88,1
2021-01-05,MA,9,69,1
2021-01-04,MA,9,69,1
2021-01-03,MA,13,87,1
2021-01-02,MA,13,87,1
2021-01-01,MA,13,87,1
2020-12-31,MA,12,88,1
2020-12-30,MA,12,88,1
2020-12-29,MA,8,70,1
2020-12-28,MA,9,69,1
2020-12-27,MA,13,88,1
2020-12-26,MA,13,88,1
2020-12-25,MA,13,88,1
2020-12-24,MA,12,89,1
2020-12-23,MA,13,88,1
2020-12-22,MA,7,75,1
2020-12-21,MA,7,71,1
2020-12-20,MA,10,91,1
2020-12-19,MA,10,91,1
2020-12-18,MA,10,91,1
2020-12-17,MA,10,91,1
2020-12-16,MA,10,91,1
2020-12-15,MA,7,71,1
2020-12-14,MA,7,71,1
2020-12-13,MA,8,92,1
2020-12-12,MA,10,90,1
2020-12-11,MA,9,91,1
2020-12-10,MA,9,91,1
2020-12-09,MA,10,90,1
2020-12-08,MA,7,71,1
2020-12-07,MA,7,71,1
2020-12-06,MA,10,92,1
2020-12-05,MA,9,93,1
2020-12-04,MA,8,94,1
2020-12-03,MA,8,94,1
2020-12-02,MA,9,93,1
2020-12-01,MA,4,75,1
2020-11-30,MA,4,75,1
2020-11-29,MA,6,96,1
2020-11-28,MA,6,96,1
2020-11-27,MA,6,96,1
2020-11-26,MA,6,96,1
2020-11-25,MA,6,96,1
2020-11-24,MA,2,77,1
2020-11-23,MA,2,77,1
2020-11-22,MA,5,96,1
2020-11-21,MA,5,96,1
2020-11-20,MA,5,96,1
2020-11-19,MA,5,96,1
2020-11-18,MA,5,96,1
2020-11-17,MA,2,77,1
2020-11-16,MA,2,77,1
2020-11-15,MA,5,97,1
2020-11-14,MA,5,97,1
2020-11-13,MA,5,97,1
2020-11-12,MA,5,97,1
2020-11-11,MA,5,97,1
2020-11-10,MA,2,77,1
2020-11-09,MA,2,77,1
2020-11-08,MA,4,97,1
2020-11-07,MA,4,97,1
2020-11-06,MA,4,97,1
2020-11-05,MA,4,97,1
2020-11-04,MA,4,97,1
2020-11-03,MA,2,77,1
2020-11-02,MA,2,77,1
2020-11-01,MA,5,97,1
2020-10-31,MA,5,97,1
2020-10-30,MA,5,97,1
2020-10-29,MA,5,97,1
2020-10-28,MA,5,97,1
2020-10-27,MA,2,77,1
2020-10-26,MA,2,77,1
2020-10-25,MA,6,96,1
2020-10-24,MA,6,96,1
2020-10-23,MA,6,96,1
2020-10-22,MA,6,96,1
2020-10-21,MA,6,96,1
2020-10-20,MA,2,82,1
2020-10-19,MA,2,82,1
2020-10-18,MA,5,97,1
2020-10-17,MA,5,97,1
2020-10-16,MA,5,97,1
2020-10-15,MA,5,97,1
2020-10-14,MA,5,97,1
2020-10-13,MA,5,97,1
2020-10-12,MA,5,97,1
2020-10-11,MA,5,97,1
2020-10-10,MA,5,97,1
2020-10-09,MA,6,96,1
2020-10-08,MA,6,96,1
2020-10-07,MA,6,96,1
2020-10-06,MA,6,95,1
2020-10-05,MA,5,96,1
2020-10-04,MA,5,96,1
2020-10-03,MA,5,96,1
2020-10-02,MA,4,97,1
2020-10-01,MA,5,96,1
2020-09-30,MA,5,96,1
2020-09-29,MA,5,96,1
2020-09-28,MA,5,96,1
2020-09-27,MA,5,96,1
2020-09-26,MA,5,96,1
2020-09-25,MA,6,95,1
2020-09-24,MA,5,87,1
2020-09-23,MA,6,80,1
2020-09-22,MA,6,80,1
2020-09-21,MA,6,80,1
2020-09-20,MA,6,80,1
2020-09-19,MA,6,80,1
2020-09-18,MA,6,80,1
2020-09-17,MA,7,79,1
2020-09-16,MA,7,79,1
2020-09-15,MA,7,79,1
2020-09-14,MA,7,79,1
2020-09-13,MA,7,78,1
2020-09-12,MA,7,78,1
2020-09-11,MA,7,78,1
2020-09-10,MA,7,78,1
2020-09-09,MA,6,78,1
2020-09-08,MA,6,78,1
2020-09-07,MA,5,79,1
2020-09-06,MA,6,78,1
2020-09-05,MA,6,77,1
2020-09-04,MA,6,77,1
2020-09-03,MA,5,76,1
2020-09-02,MA,6,75,1
2020-09-01,MA,6,75,1
2020-08-31,MA,6,75,1
2020-08-30,MA,6,75,1
2020-08-29,MA,5,76,1
2020-08-28,MA,5,76,1
2020-08-27,MA,5,76,1
2020-08-26,MA,5,71,5
2020-08-25,MA,5,71,5
2020-08-24,MA,5,71,5
2020-08-23,MA,5,71,5
2020-08-22,MA,5,71,5
2020-08-21,MA,5,72,5
2020-08-20,MA,5,72,5
2020-08-19,MA,5,72,5
2020-08-18,MA,5,72,5
2020-08-17,MA,5,72,4
2020-08-16,MA,5,72,4
2020-08-15,MA,5,72,4
2020-08-14,MA,5,73,4
2020-08-13,MA,5,73,4
2020-08-12,MA,5,73,4
2020-08-11,MA,5,73,4
2020-08-10,MA,5,73,4
2020-08-09,MA,4,74,4
2020-08-08,MA,5,73,4
2020-08-07,MA,6,72,4
2020-08-06,MA,6,72,4
2020-08-05,MA,6,72,4
2020-08-04,MA,6,72,4
2020-08-03,MA,5,72,5
2020-08-02,MA,5,72,5
2020-08-01,MA,5,73,5
2023-04-10,MD,14,24,10
2023-04-09,MD,14,25,10
2023-04-08,MD,14,25,10
2023-04-07,MD,14,26,10
2023-04-06,MD,14,26,11
2023-04-05,MD,14,26,11
2023-04-04,MD,14,26,11
2023-04-03,MD,14,26,11
2023-04-02,MD,14,26,10
2023-04-01,MD,14,25,11
2023-03-31,MD,14,27,10
2023-03-30,MD,14,27,10
2023-03-29,MD,14,26,11
2023-03-28,MD,14,27,10
2023-03-27,MD,14,26,11
2023-03-26,MD,14,26,10
2023-03-25,MD,14,26,10
2023-03-24,MD,14,26,11
2023-03-23,MD,14,26,11
2023-03-22,MD,14,26,11
2023-03-21,MD,14,26,11
2023-03-20,MD,14,26,11
2023-03-19,MD,14,25,11
2023-03-18,MD,14,25,11
2023-03-17,MD,14,26,11
2023-03-16,MD,14,26,11
2023-03-15,MD,14,26,11
2023-03-14,MD,14,26,11
2023-03-13,MD,14,26,11
2023-03-12,MD,14,25,11
2023-03-11,MD,14,25,11
2023-03-10,MD,14,26,11
2023-03-09,MD,14,26,11
2023-03-08,MD,14,26,11
2023-03-07,MD,14,26,11
2023-03-06,MD,14,26,11
2023-03-05,MD,14,25,11
2023-03-04,MD,14,25,11
2023-03-03,MD,14,26,11
2023-03-02,MD,14,26,11
2023-03-01,MD,14,26,11
2023-02-28,MD,14,26,11
2023-02-27,MD,14,26,11
2023-02-26,MD,14,25,11
2023-02-25,MD,14,25,11
2023-02-24,MD,14,26,11
2023-02-23,MD,14,26,11
2023-02-22,MD,14,26,11
2023-02-21,MD,14,26,11
2023-02-20,MD,14,26,11
2023-02-19,MD,14,26,11
2023-02-18,MD,14,26,11
2023-02-17,MD,14,26,11
2023-02-16,MD,14,26,11
2023-02-15,MD,14,26,11
2023-02-14,MD,14,26,11
2023-02-13,MD,14,26,11
2023-02-12,MD,14,25,11
2023-02-11,MD,14,25,11
2023-02-10,MD,14,26,11
2023-02-09,MD,14,26,11
2023-02-08,MD,14,26,11
2023-02-07,MD,14,26,11
2023-02-06,MD,14,26,11
2023-02-05,MD,14,25,11
2023-02-04,MD,14,25,11
2023-02-03,MD,14,26,11
2023-02-02,MD,14,26,11
2023-02-01,MD,14,26,11
2023-01-31,MD,14,26,11
2023-01-30,MD,14,26,11
2023-01-29,MD,14,25,11
2023-01-28,MD,14,25,11
2023-01-27,MD,14,26,11
2023-01-26,MD,14,26,11
2023-01-25,MD,14,26,11
2023-01-24,MD,14,26,11
2023-01-23,MD,14,26,11
2023-01-22,MD,14,26,11
2023-01-21,MD,14,26,11
2023-01-20,MD,14,26,11
2023-01-19,MD,14,26,11
2023-01-18,MD,14,26,11
2023-01-17,MD,14,26,11
2023-01-16,MD,14,26,11
2023-01-15,MD,14,26,11
2023-01-14,MD,14,26,11
2023-01-13,MD,14,26,11
2023-01-12,MD,14,26,11
2023-01-11,MD,14,26,11
2023-01-10,MD,14,26,11
2023-01-09,MD,14,26,11
2023-01-08,MD,14,26,11
2023-01-07,MD,14,26,11
2023-01-06,MD,14,26,11
2023-01-05,MD,14,26,11
2023-01-04,MD,14,26,11
2023-01-03,MD,14,26,11
2023-01-02,MD,14,26,11
2023-01-01,MD,14,26,11
2022-12-31,MD,14,26,11
2022-12-30,MD,14,26,11
2022-12-29,MD,14,26,11
2022-12-28,MD,14,26,11
2022-12-27,MD,14,26,11
2022-12-26,MD,14,26,11
2022-12-25,MD,14,26,11
2022-12-24,MD,14,26,11
2022-12-23,MD,14,26,11
2022-12-22,MD,14,26,11
2022-12-21,MD,14,26,11
2022-12-20,MD,14,26,11
2022-12-19,MD,14,26,11
2022-12-18,MD,14,26,11
2022-12-17,MD,14,26,11
2022-12-16,MD,14,26,11
2022-12-15,MD,14,26,11
2022-12-14,MD,14,23,13
2022-12-13,MD,14,18,18
2022-12-12,MD,14,18,18
2022-12-11,MD,14,18,18
2022-12-10,MD,14,18,18
2022-12-09,MD,14,18,18
2022-12-08,MD,14,18,18
2022-12-07,MD,14,23,13
2022-12-06,MD,14,19,17
2022-12-05,MD,14,18,18
2022-12-04,MD,14,18,18
2022-12-03,MD,14,18,18
2022-12-02,MD,14,20,16
2022-12-01,MD,14,18,18
2022-11-30,MD,14,22,14
2022-11-29,MD,14,18,18
2022-11-28,MD,14,18,18
2022-11-27,MD,14,18,18
2022-11-26,MD,14,18,18
2022-11-25,MD,14,20,16
2022-11-24,MD,14,22,15
2022-11-23,MD,14,23,14
2022-11-22,MD,14,19,18
2022-11-21,MD,14,21,16
2022-11-20,MD,14,21,16
2022-11-19,MD,14,21,16
2022-11-18,MD,14,21,16
2022-11-17,MD,14,19,18
2022-11-16,MD,14,23,14
2022-11-15,MD,14,19,18
2022-11-14,MD,14,21,16
2022-11-13,MD,14,20,17
2022-11-12,MD,14,21,16
2022-11-11,MD,14,21,16
2022-11-10,MD,14,19,18
2022-11-09,MD,14,23,14
2022-11-08,MD,14,19,18
2022-11-07,MD,14,19,18
2022-11-06,MD,14,19,18
2022-11-05,MD,14,19,18
2022-11-04,MD,14,20,17
2022-11-03,MD,14,19,18
2022-11-02,MD,14,23,14
2022-11-01,MD,14,20,17
2022-10-31,MD,14,19,18
2022-10-30,MD,15,21,18
2022-10-29,MD,15,21,18
2022-10-28,MD,15,23,16
2022-10-27,MD,15,21,18
2022-10-26,MD,15,25,14
2022-10-25,MD,14,20,17
2022-10-24,MD,14,19,18
2022-10-23,MD,14,22,18
2022-10-22,MD,14,22,18
2022-10-21,MD,14,22,18
2022-10-20,MD,14,22,18
2022-10-19,MD,14,26,14
2022-10-18,MD,14,19,18
2022-10-17,MD,14,19,18
2022-10-16,MD,14,22,18
2022-10-15,MD,14,23,17
2022-10-14,MD,14,22,18
2022-10-13,MD,14,22,18
2022-10-12,MD,14,26,14
2022-10-11,MD,14,19,18
2022-10-10,MD,14,19,18
2022-10-09,MD,14,21,18
2022-10-08,MD,14,21,18
2022-10-07,MD,14,22,18
2022-10-06,MD,14,22,18
2022-10-05,MD,14,26,14
2022-10-04,MD,14,20,18
2022-10-03,MD,14,21,18
2022-10-02,MD,14,20,18
2022-10-01,MD,14,20,18
2022-09-30,MD,14,20,18
2022-09-29,MD,14,20,18
2022-09-28,MD,14,23,14
2022-09-27,MD,14,19,18
2022-09-26,MD,14,19,18
2022-09-25,MD,13,21,18
2022-09-24,MD,14,20,18
2022-09-23,MD,14,20,18
2022-09-22,MD,14,21,17
2022-09-21,MD,14,26,12
2022-09-20,MD,14,20,17
2022-09-19,MD,14,19,18
2022-09-18,MD,14,20,18
2022-09-17,MD,14,20,18
2022-09-16,MD,14,22,16
2022-09-15,MD,14,20,18
2022-09-14,MD,15,23,14
2022-09-13,MD,14,19,18
2022-09-12,MD,13,21,17
2022-09-11,MD,11,24,17
2022-09-10,MD,10,25,17
2022-09-09,MD,11,25,17
2022-09-08,MD,10,27,16
2022-09-07,MD,9,31,13
2022-09-06,MD,10,25,17
2022-09-05,MD,9,26,17
2022-09-04,MD,10,27,17
2022-09-03,MD,11,28,15
2022-09-02,MD,10,27,17
2022-09-01,MD,11,27,16
2022-08-31,MD,9,32,13
2022-08-30,MD,11,24,17
2022-08-29,MD,11,24,17
2022-08-28,MD,11,26,17
2022-08-27,MD,11,26,17
2022-08-26,MD,12,25,17
2022-08-25,MD,12,24,18
2022-08-24,MD,9,31,14
2022-08-23,MD,9,26,18
2022-08-22,MD,12,23,18
2022-08-21,MD,10,29,18
2022-08-20,MD,11,28,18
2022-08-19,MD,12,27,18
2022-08-18,MD,13,27,17
2022-08-17,MD,12,32,13
2022-08-16,MD,10,26,17
2022-08-15,MD,9,27,17
2022-08-14,MD,12,31,17
2022-08-13,MD,9,34,17
2022-08-12,MD,8,34,18
2022-08-11,MD,9,36,15
2022-08-10,MD,10,39,11
2022-08-09,MD,7,32,14
2022-08-08,MD,8,29,16
2022-08-07,MD,11,32,17
2022-08-06,MD,11,31,18
2022-08-05,MD,10,33,17
2022-08-04,MD,9,34,17
2022-08-03,MD,10,37,13
2022-08-02,MD,8,30,15
2022-08-01,MD,8,29,16
2022-07-31,MD,8,35,17
2022-07-30,MD,6,36,18
2022-07-29,MD,7,35,18
2022-07-28,MD,9,33,18
2022-07-27,MD,10,36,14
2022-07-26,MD,8,29,16
2022-07-25,MD,6,29,18
2022-07-24,MD,7,35,18
2022-07-23,MD,8,34,18
2022-07-22,MD,7,35,18
2022-07-21,MD,7,35,18
2022-07-20,MD,9,44,7
2022-07-19,MD,8,27,18
2022-07-18,MD,8,27,18
2022-07-17,MD,9,33,18
2022-07-16,MD,9,33,18
2022-07-15,MD,9,33,18
2022-07-14,MD,10,32,18
2022-07-13,MD,9,37,14
2022-07-12,MD,9,26,18
2022-07-11,MD,9,26,18
2022-07-10,MD,8,34,18
2022-07-09,MD,8,34,18
2022-07-08,MD,7,35,18
2022-07-07,MD,7,36,17
2022-07-06,MD,8,39,13
2022-07-05,MD,7,29,17
2022-07-04,MD,6,29,18
2022-07-03,MD,9,33,18
2022-07-02,MD,9,33,18
2022-07-01,MD,10,33,17
2022-06-30,MD,9,33,18
2022-06-29,MD,8,38,14
2022-06-28,MD,7,29,17
2022-06-27,MD,4,31,18
2022-06-26,MD,5,37,18
2022-06-25,MD,8,34,18
2022-06-24,MD,8,34,18
2022-06-23,MD,8,34,18
2022-06-22,MD,8,40,12
2022-06-21,MD,7,30,16
2022-06-20,MD,7,29,17
2022-06-19,MD,7,35,18
2022-06-18,MD,7,35,18
2022-06-17,MD,8,34,18
2022-06-16,MD,5,37,18
2022-06-15,MD,6,40,14
2022-06-14,MD,5,30,18
2022-06-13,MD,7,28,18
2022-06-12,MD,8,34,18
2022-06-11,MD,9,33,18
2022-06-10,MD,9,34,17
2022-06-09,MD,8,34,18
2022-06-08,MD,8,39,13
2022-06-07,MD,8,27,18
2022-06-06,MD,9,27,17
2022-06-05,MD,8,35,17
2022-06-04,MD,9,34,17
2022-06-03,MD,9,34,17
2022-06-02,MD,8,35,17
2022-06-01,MD,7,40,13
2022-05-31,MD,7,29,17
2022-05-30,MD,7,29,17
2022-05-29,MD,10,33,17
2022-05-28,MD,9,34,17
2022-05-27,MD,9,35,16
2022-05-26,MD,8,35,17
2022-05-25,MD,8,38,14
2022-05-24,MD,8,28,17
2022-05-23,MD,8,28,17
2022-05-22,MD,9,34,17
2022-05-21,MD,8,34,18
2022-05-20,MD,9,34,17
2022-05-19,MD,7,35,18
2022-05-18,MD,7,40,13
2022-05-17,MD,5,30,18
2022-05-16,MD,6,29,18
2022-05-15,MD,8,35,17
2022-05-14,MD,9,34,17
2022-05-13,MD,8,35,17
2022-05-12,MD,10,32,18
2022-05-11,MD,8,39,13
2022-05-10,MD,7,28,18
2022-05-09,MD,9,26,18
2022-05-08,MD,7,35,18
2022-05-07,MD,8,34,18
2022-05-06,MD,10,33,17
2022-05-05,MD,9,34,17
2022-05-04,MD,8,38,14
2022-05-03,MD,7,28,18
2022-05-02,MD,7,29,17
2022-05-01,MD,9,33,18
2022-04-30,MD,7,35,18
2022-04-29,MD,7,35,18
2022-04-28,MD,8,34,18
2022-04-27,MD,9,37,14
2022-04-26,MD,8,29,16
2022-04-25,MD,7,28,18
2022-04-24,MD,11,31,18
2022-04-23,MD,9,33,18
2022-04-22,MD,8,35,17
2022-04-21,MD,6,36,18
2022-04-20,MD,8,38,14
2022-04-19,MD,6,29,18
2022-04-18,MD,6,29,18
2022-04-17,MD,9,33,18
2022-04-16,MD,9,33,18
2022-04-15,MD,8,35,17
2022-04-14,MD,8,34,18
2022-04-13,MD,7,40,13
2022-04-12,MD,6,29,18
2022-04-11,MD,6,29,18
2022-04-10,MD,7,36,17
2022-04-09,MD,7,35,18
2022-04-08,MD,7,37,16
2022-04-07,MD,7,35,18
2022-04-06,MD,7,41,12
2022-04-05,MD,6,29,18
2022-04-04,MD,6,29,18
2022-04-03,MD,8,34,18
2022-04-02,MD,9,33,18
2022-04-01,MD,8,36,16
2022-03-31,MD,7,35,18
2022-03-30,MD,7,39,14
2022-03-29,MD,6,30,17
2022-03-28,MD,8,29,16
2022-03-27,MD,8,36,16
2022-03-26,MD,7,36,17
2022-03-25,MD,8,35,17
2022-03-24,MD,8,34,18
2022-03-23,MD,8,38,14
2022-03-22,MD,7,28,18
2022-03-21,MD,7,28,18
2022-03-20,MD,8,34,18
2022-03-19,MD,8,34,18
2022-03-18,MD,8,35,17
2022-03-17,MD,9,33,18
2022-03-16,MD,9,37,14
2022-03-15,MD,8,27,18
2022-03-14,MD,8,28,17
2022-03-13,MD,10,32,18
2022-03-12,MD,10,33,17
2022-03-11,MD,9,34,17
2022-03-10,MD,8,34,18
2022-03-09,MD,11,37,12
2022-03-08,MD,7,28,18
2022-03-07,MD,7,28,18
2022-03-06,MD,9,33,18
2022-03-05,MD,9,33,18
2022-03-04,MD,8,34,18
2022-03-03,MD,10,32,18
2022-03-02,MD,10,36,14
2022-03-01,MD,9,26,18
2022-02-28,MD,10,27,16
2022-02-27,MD,13,30,17
2022-02-26,MD,13,29,18
2022-02-25,MD,11,32,17
2022-02-24,MD,9,35,16
2022-02-23,MD,11,36,13
2022-02-22,MD,7,28,18
2022-02-21,MD,10,25,18
2022-02-20,MD,10,32,18
2022-02-19,MD,10,32,18
2022-02-18,MD,11,32,17
2022-02-17,MD,11,31,18
2022-02-16,MD,13,35,12
2022-02-15,MD,11,25,17
2022-02-14,MD,10,27,16
2022-02-13,MD,11,32,17
2022-02-12,MD,11,31,18
2022-02-11,MD,11,31,18
2022-02-10,MD,11,32,17
2022-02-09,MD,10,37,13
2022-02-08,MD,9,30,14
2022-02-07,MD,10,29,14
2022-02-06,MD,11,35,14
2022-02-05,MD,11,35,14
2022-02-04,MD,12,30,18
2022-02-03,MD,11,32,17
2022-02-02,MD,12,36,12
2022-02-01,MD,12,31,10
2022-01-31,MD,12,30,11
2022-01-30,MD,14,35,11
2022-01-29,MD,15,34,11
2022-01-28,MD,15,34,11
2022-01-27,MD,15,34,11
2022-01-26,MD,12,47,1
2022-01-25,MD,15,33,5
2022-01-24,MD,15,33,5
2022-01-23,MD,16,39,5
2022-01-22,MD,14,41,5
2022-01-21,MD,13,42,5
2022-01-20,MD,12,43,5
2022-01-19,MD,13,46,1
2022-01-18,MD,13,35,5
2022-01-17,MD,15,33,5
2022-01-16,MD,16,39,5
2022-01-15,MD,12,43,5
2022-01-14,MD,14,41,5
2022-01-13,MD,9,46,5
2022-01-12,MD,11,48,1
2022-01-11,MD,7,41,5
2022-01-10,MD,8,40,5
2022-01-09,MD,10,45,5
2022-01-08,MD,9,46,5
2022-01-07,MD,10,49,1
2022-01-06,MD,7,48,5
2022-01-05,MD,8,51,1
2022-01-04,MD,6,42,5
2022-01-03,MD,6,46,1
2022-01-02,MD,10,45,5
2022-01-01,MD,10,45,5
2021-12-31,MD,8,51,1
2021-12-30,MD,5,54,1
2021-12-29,MD,10,49,1
2021-12-28,MD,5,48,1
2021-12-27,MD,5,47,1
2021-12-26,MD,6,53,1
2021-12-25,MD,6,49,5
2021-12-24,MD,10,45,5
2021-12-23,MD,5,50,5
2021-12-22,MD,4,55,1
2021-12-21,MD,5,43,5
2021-12-20,MD,7,45,1
2021-12-19,MD,6,49,5
2021-12-18,MD,8,47,5
2021-12-17,MD,7,52,1
2021-12-16,MD,6,49,5
2021-12-15,MD,5,54,1
2021-12-14,MD,4,48,1
2021-12-13,MD,4,48,1
2021-12-12,MD,6,49,5
2021-12-11,MD,5,50,5
2021-12-10,MD,4,55,1
2021-12-09,MD,3,52,5
2021-12-08,MD,3,56,1
2021-12-07,MD,4,44,5
2021-12-06,MD,2,50,1
2021-12-05,MD,4,51,5
2021-12-04,MD,4,51,5
2021-12-03,MD,2,57,1
2021-12-02,MD,3,56,1
2021-12-01,MD,2,57,1
2021-11-30,MD,4,48,1
2021-11-29,MD,3,49,1
2021-11-28,MD,5,50,5
2021-11-27,MD,5,54,1
2021-11-26,MD,4,51,5
2021-11-25,MD,4,51,5
2021-11-24,MD,3,56,1
2021-11-23,MD,3,45,5
2021-11-22,MD,4,48,1
2021-11-21,MD,5,50,5
2021-11-20,MD,5,50,5
2021-11-19,MD,4,51,5
2021-11-18,MD,3,56,1
2021-11-17,MD,4,55,1
2021-11-16,MD,4,48,1
2021-11-15,MD,5,43,5
2021-11-14,MD,5,50,5
2021-11-13,MD,4,51,5
2021-11-12,MD,4,51,5
2021-11-11,MD,4,55,1
2021-11-10,MD,4,55,1
2021-11-09,MD,5,44,4
2021-11-08,MD,4,45,5
2021-11-07,MD,6,49,5
2021-11-06,MD,5,50,5
2021-11-05,MD,4,55,1
2021-11-04,MD,4,51,5
2021-11-03,MD,5,54,1
2021-11-02,MD,5,43,5
2021-11-01,MD,5,47,1
2021-10-31,MD,6,49,5
2021-10-30,MD,4,51,5
2021-10-29,MD,4,51,5
2021-10-28,MD,4,51,5
2021-10-27,MD,5,54,1
2021-10-26,MD,6,46,1
2021-10-25,MD,6,46,1
2021-10-24,MD,3,52,5
2021-10-23,MD,3,52,5
2021-10-22,MD,5,50,5
2021-10-21,MD,4,51,5
2021-10-20,MD,6,53,1
2021-10-19,MD,6,46,1
2021-10-18,MD,6,46,1
2021-10-17,MD,6,48,5
2021-10-16,MD,5,49,5
2021-10-15,MD,5,49,5
2021-10-14,MD,6,48,5
2021-10-13,MD,5,53,1
2021-10-12,MD,5,47,1
2021-10-11,MD,6,46,1
2021-10-10,MD,5,50,5
2021-10-09,MD,8,47,5
2021-10-08,MD,5,50,5
2021-10-07,MD,6,49,5
2021-10-06,MD,5,54,1
2021-10-05,MD,5,47,1
2021-10-04,MD,5,47,1
2021-10-03,MD,6,49,5
2021-10-02,MD,4,51,5
2021-10-01,MD,3,52,5
2021-09-30,MD,4,55,1
2021-09-29,MD,4,55,1
2021-09-28,MD,5,46,2
2021-09-27,MD,4,48,1
2021-09-26,MD,4,51,5
2021-09-25,MD,4,51,5
2021-09-24,MD,5,51,4
2021-09-23,MD,4,51,5
2021-09-22,MD,5,54,1
2021-09-21,MD,5,48,1
2021-09-20,MD,4,44,5
2021-09-19,MD,3,52,5
2021-09-18,MD,5,50,5
2021-09-17,MD,5,50,5
2021-09-16,MD,5,50,5
2021-09-15,MD,3,56,1
2021-09-14,MD,4,44,5
2021-09-13,MD,3,50,1
2021-09-12,MD,4,51,5
2021-09-11,MD,4,51,5
2021-09-10,MD,4,55,1
2021-09-09,MD,4,54,2
2021-09-08,MD,5,53,1
2021-09-07,MD,4,48,1
2021-09-06,MD,5,43,5
2021-09-05,MD,5,50,5
2021-09-04,MD,5,50,5
2021-09-03,MD,3,52,5
2021-09-02,MD,3,56,1
2021-09-01,MD,5,54,1
2021-08-31,MD,4,48,1
2021-08-30,MD,5,47,1
2021-08-29,MD,4,55,1
2021-08-28,MD,5,54,1
2021-08-27,MD,4,55,1
2021-08-26,MD,3,56,1
2021-08-25,MD,3,56,1
2021-08-24,MD,5,43,5
2021-08-23,MD,4,48,1
2021-08-22,MD,4,51,5
2021-08-21,MD,5,50,5
2021-08-20,MD,3,52,5
2021-08-19,MD,2,53,5
2021-08-18,MD,2,57,1
2021-08-17,MD,1,47,5
2021-08-16,MD,3,49,1
2021-08-15,MD,5,50,5
2021-08-14,MD,3,52,5
2021-08-13,MD,3,52,5
2021-08-12,MD,2,53,5
2021-08-11,MD,3,56,1
2021-08-10,MD,4,48,1
2021-08-09,MD,3,49,1
2021-08-08,MD,3,52,5
2021-08-07,MD,3,56,1
2021-08-06,MD,3,52,5
2021-08-05,MD,3,56,1
2021-08-04,MD,2,57,1
2021-08-03,MD,3,45,5
2021-08-02,MD,3,45,5
2021-08-01,MD,2,57,1
2021-07-31,MD,4,51,5
2021-07-30,MD,3,56,1
2021-07-29,MD,3,52,5
2021-07-28,MD,3,56,1
2021-07-27,MD,3,49,1
2021-07-26,MD,2,46,5
2021-07-25,MD,4,51,5
2021-07-24,MD,4,51,5
2021-07-23,MD,1,54,5
2021-07-22,MD,1,58,1
2021-07-21,MD,2,57,1
2021-07-20,MD,2,49,1
2021-07-19,MD,2,49,1
2021-07-18,MD,1,54,5
2021-07-17,MD,2,53,5
2021-07-16,MD,2,57,1
2021-07-15,MD,2,57,1
2021-07-14,MD,1,58,1
2021-07-13,MD,2,49,1
2021-07-12,MD,2,49,1
2021-07-11,MD,2,53,5
2021-07-10,MD,3,52,5
2021-07-09,MD,3,52,5
2021-07-08,MD,3,56,1
2021-07-07,MD,2,57,1
2021-07-06,MD,2,49,1
2021-07-05,MD,4,43,5
2021-07-04,MD,2,57,1
2021-07-03,MD,3,52,5
2021-07-02,MD,3,52,5
2021-07-01,MD,3,56,1
2021-06-30,MD,2,57,1
2021-06-29,MD,3,49,1
2021-06-28,MD,2,51,1
2021-06-27,MD,4,55,1
2021-06-26,MD,4,51,5
2021-06-25,MD,2,57,1
2021-06-24,MD,2,56,1
2021-06-23,MD,2,56,1
2021-06-22,MD,3,48,1
2021-06-21,MD,3,48,1
2021-06-20,MD,2,53,5
2021-06-19,MD,3,57,1
2021-06-18,MD,3,53,5
2021-06-17,MD,3,53,5
2021-06-16,MD,3,57,1
2021-06-15,MD,3,46,4
2021-06-14,MD,5,48,1
2021-06-13,MD,2,54,5
2021-06-12,MD,2,58,1
2021-06-11,MD,2,58,1
2021-06-10,MD,3,53,5
2021-06-09,MD,3,56,1
2021-06-08,MD,3,49,1
2021-06-07,MD,3,45,5
2021-06-06,MD,3,57,1
2021-06-05,MD,3,53,5
2021-06-04,MD,2,58,1
2021-06-03,MD,2,58,1
2021-06-02,MD,3,57,1
2021-06-01,MD,3,49,1
2021-05-31,MD,4,44,5
2021-05-30,MD,4,56,1
2021-05-29,MD,4,52,5
2021-05-28,MD,3,53,5
2021-05-27,MD,2,54,5
2021-05-26,MD,3,57,1
2021-05-25,MD,3,49,1
2021-05-24,MD,3,49,1
2021-05-23,MD,3,53,5
2021-05-22,MD,3,53,5
2021-05-21,MD,2,54,5
2021-05-20,MD,3,56,2
2021-05-19,MD,2,58,1
2021-05-18,MD,3,49,1
2021-05-17,MD,3,45,5
2021-05-16,MD,4,56,1
2021-05-15,MD,3,57,1
2021-05-14,MD,3,57,1
2021-05-13,MD,2,58,1
2021-05-12,MD,2,58,1
2021-05-11,MD,2,49,2
2021-05-10,MD,2,50,1
2021-05-09,MD,3,54,4
2021-05-08,MD,3,53,5
2021-05-07,MD,2,58,1
2021-05-06,MD,2,54,5
2021-05-05,MD,2,58,1
2021-05-04,MD,2,50,1
2021-05-03,MD,2,50,1
2021-05-02,MD,3,57,1
2021-05-01,MD,4,52,5
2021-04-30,MD,3,57,1
2021-04-29,MD,2,54,5
2021-04-28,MD,2,58,1
2021-04-27,MD,2,50,1
2021-04-26,MD,2,46,5
2021-04-25,MD,3,57,1
2021-04-24,MD,2,55,4
2021-04-23,MD,2,54,5
2021-04-22,MD,2,58,1
2021-04-21,MD,2,58,1
2021-04-20,MD,2,47,4
2021-04-19,MD,2,50,1
2021-04-18,MD,4,52,5
2021-04-17,MD,2,54,5
2021-04-16,MD,2,54,5
2021-04-15,MD,2,58,1
2021-04-14,MD,2,58,1
2021-04-13,MD,2,46,5
2021-04-12,MD,2,46,5
2021-04-11,MD,4,52,5
2021-04-10,MD,4,52,5
2021-04-09,MD,2,54,5
2021-04-08,MD,2,54,5
2021-04-07,MD,2,58,1
2021-04-06,MD,2,47,5
2021-04-05,MD,2,47,5
2021-04-04,MD,3,53,5
2021-04-03,MD,3,53,5
2021-04-02,MD,3,53,5
2021-04-01,MD,2,54,5
2021-03-31,MD,1,59,1
2021-03-30,MD,1,47,5
2021-03-29,MD,1,47,5
2021-03-28,MD,2,54,5
2021-03-27,MD,1,55,5
2021-03-26,MD,2,54,5
2021-03-25,MD,2,54,5
2021-03-24,MD,3,57,1
2021-03-23,MD,2,46,5
2021-03-22,MD,2,46,5
2021-03-21,MD,3,53,5
2021-03-20,MD,2,54,5
2021-03-19,MD,3,53,5
2021-03-18,MD,3,53,5
2021-03-17,MD,2,58,1
2021-03-16,MD,2,46,5
2021-03-15,MD,2,46,5
2021-03-14,MD,5,51,5
2021-03-13,MD,3,53,5
2021-03-12,MD,3,53,5
2021-03-11,MD,3,53,5
2021-03-10,MD,3,57,1
2021-03-09,MD,2,46,5
2021-03-08,MD,2,46,5
2021-03-07,MD,3,53,5
2021-03-06,MD,2,54,5
2021-03-05,MD,2,54,5
2021-03-04,MD,2,54,5
2021-03-03,MD,2,58,1
2021-03-02,MD,3,45,5
2021-03-01,MD,2,46,5
2021-02-28,MD,3,52,5
2021-02-27,MD,2,53,5
2021-02-26,MD,1,54,5
2021-02-25,MD,1,58,1
2021-02-24,MD,2,57,1
2021-02-23,MD,2,49,1
2021-02-22,MD,2,49,1
2021-02-21,MD,4,55,1
2021-02-20,MD,2,57,1
2021-02-19,MD,1,58,1
2021-02-18,MD,1,58,1
2021-02-17,MD,1,58,1
2021-02-16,MD,1,46,5
2021-02-15,MD,1,50,1
2021-02-14,MD,2,57,1
2021-02-13,MD,2,57,1
2021-02-12,MD,2,57,1
2021-02-11,MD,2,57,1
2021-02-10,MD,2,57,1
2021-02-09,MD,3,48,1
2021-02-08,MD,2,49,1
2021-02-07,MD,2,57,1
2021-02-06,MD,3,56,1
2021-02-05,MD,2,57,1
2021-02-04,MD,3,56,1
2021-02-03,MD,2,57,1
2021-02-02,MD,2,49,1
2021-02-01,MD,3,48,1
2021-01-31,MD,2,57,1
2021-01-30,MD,3,56,1
2021-01-29,MD,2,57,1
2021-01-28,MD,3,56,1
2021-01-27,MD,2,57,1
2021-01-26,MD,4,48,1
2021-01-25,MD,3,49,1
2021-01-24,MD,4,55,1
2021-01-23,MD,3,56,1
2021-01-22,MD,2,57,1
2021-01-21,MD,4,54,1
2021-01-20,MD,2,56,1
2021-01-19,MD,3,48,1
2021-01-18,MD,3,48,1
2021-01-17,MD,5,53,1
2021-01-16,MD,2,56,1
2021-01-15,MD,3,55,1
2021-01-14,MD,2,56,1
2021-01-13,MD,3,55,1
2021-01-12,MD,2,49,1
2021-01-11,MD,4,47,1
2021-01-10,MD,3,55,1
2021-01-09,MD,2,56,1
2021-01-08,MD,3,55,1
2021-01-07,MD,2,56,1
2021-01-06,MD,2,56,1
2021-01-05,MD,4,47,1
2021-01-04,MD,3,48,1
2021-01-03,MD,2,56,1
2021-01-02,MD,3,55,1
2021-01-01,MD,2,56,1
2020-12-31,MD,3,55,1
2020-12-30,MD,3,55,1
2020-12-29,MD,5,46,1
2020-12-28,MD,9,42,1
2020-12-27,MD,11,47,1
2020-12-26,MD,11,47,1
2020-12-25,MD,10,48,1
2020-12-24,MD,11,47,1
2020-12-23,MD,11,47,1
2020-12-22,MD,9,43,1
2020-12-21,MD,9,42,1
2020-12-20,MD,10,48,1
2020-12-19,MD,11,47,1
2020-12-18,MD,11,47,1
2020-12-17,MD,12,46,1
2020-12-16,MD,12,46,1
2020-12-15,MD,10,41,1
2020-12-14,MD,10,41,1
2020-12-13,MD,11,47,1
2020-12-12,MD,11,47,1
2020-12-11,MD,12,46,1
2020-12-10,MD,11,47,1
2020-12-09,MD,13,46,1
2020-12-08,MD,8,44,1
2020-12-07,MD,8,44,1
2020-12-06,MD,9,50,1
2020-12-05,MD,10,49,1
2020-12-04,MD,10,49,1
2020-12-03,MD,10,49,1
2020-12-02,MD,10,49,1
2020-12-01,MD,7,45,1
2020-11-30,MD,7,45,1
2020-11-29,MD,9,50,1
2020-11-28,MD,10,49,1
2020-11-27,MD,9,50,1
2020-11-26,MD,9,50,1
2020-11-25,MD,8,51,1
2020-11-24,MD,7,45,1
2020-11-23,MD,6,46,1
2020-11-22,MD,8,51,1
2020-11-21,MD,9,50,1
2020-11-20,MD,10,49,1
2020-11-19,MD,10,49,1
2020-11-18,MD,10,49,1
2020-11-17,MD,9,43,1
2020-11-16,MD,10,43,1
2020-11-15,MD,10,49,1
2020-11-14,MD,9,50,1
2020-11-13,MD,10,49,1
2020-11-12,MD,9,50,1
2020-11-11,MD,9,50,1
2020-11-10,MD,8,45,1
2020-11-09,MD,8,45,1
2020-11-08,MD,7,52,1
2020-11-07,MD,8,51,1
2020-11-06,MD,8,51,1
2020-11-05,MD,8,51,1
2020-11-04,MD,8,50,1
2020-11-03,MD,9,44,1
2020-11-02,MD,8,45,1
2020-11-01,MD,10,49,1
2020-10-31,MD,10,49,1
2020-10-30,MD,10,48,2
2020-10-29,MD,10,48,2
2020-10-28,MD,10,48,2
2020-10-27,MD,9,43,2
2020-10-26,MD,9,43,1
2020-10-25,MD,9,49,1
2020-10-24,MD,7,51,1
2020-10-23,MD,7,51,1
2020-10-22,MD,8,50,1
2020-10-21,MD,8,50,1
2020-10-20,MD,7,47,1
2020-10-19,MD,7,47,1
2020-10-18,MD,8,50,1
2020-10-17,MD,8,50,1
2020-10-16,MD,8,50,1
2020-10-15,MD,10,48,1
2020-10-14,MD,7,51,1
2020-10-13,MD,7,48,2
2020-10-12,MD,8,46,2
2020-10-11,MD,7,47,4
2020-10-10,MD,9,48,2
2020-10-09,MD,9,48,2
2020-10-08,MD,8,49,2
2020-10-07,MD,8,48,3
2020-10-06,MD,8,48,3
2020-10-05,MD,9,47,3
2020-10-04,MD,8,48,3
2020-10-03,MD,7,49,3
2020-10-02,MD,8,48,3
2020-10-01,MD,8,48,2
2020-09-30,MD,7,48,1
2020-09-29,MD,6,49,2
2020-09-28,MD,7,48,2
2020-09-27,MD,7,48,2
2020-09-26,MD,7,48,2
2020-09-25,MD,7,48,2
2020-09-24,MD,8,46,2
2020-09-23,MD,7,47,1
2020-09-22,MD,7,47,2
2020-09-21,MD,7,46,2
2020-09-20,MD,7,46,2
2020-09-19,MD,7,46,2
2020-09-18,MD,7,45,2
2020-09-17,MD,7,45,2
2020-09-16,MD,7,45,2
2020-09-15,MD,7,45,2
2020-09-14,MD,7,45,3
2020-09-13,MD,6,45,4
2020-09-12,MD,6,45,4
2020-09-11,MD,6,45,4
2020-09-10,MD,6,45,4
2020-09-09,MD,6,45,3
2020-09-08,MD,6,45,4
2020-09-07,MD,6,45,4
2020-09-06,MD,6,45,4
2020-09-05,MD,6,45,4
2020-09-04,MD,6,45,4
2020-09-03,MD,6,45,3
2020-09-02,MD,6,45,3
2020-09-01,MD,6,41,7
2020-08-31,MD,6,41,7
2020-08-30,MD,5,41,8
2020-08-29,MD,7,40,8
2020-08-28,MD,6,41,8
2020-08-27,MD,6,41,7
2020-08-26,MD,8,37,8
2020-08-25,MD,7,39,8
2020-08-24,MD,7,38,9
2020-08-23,MD,9,37,8
2020-08-22,MD,8,38,8
2020-08-21,MD,6,40,8
2020-08-20,MD,5,41,7
2020-08-19,MD,5,41,7
2020-08-18,MD,5,41,7
2020-08-17,MD,5,41,6
2020-08-16,MD,5,41,7
2020-08-15,MD,5,41,7
2020-08-14,MD,5,41,7
2020-08-13,MD,5,40,8
2020-08-12,MD,5,41,7
2020-08-11,MD,6,39,7
2020-08-10,MD,5,41,7
2020-08-09,MD,5,39,9
2020-08-08,MD,5,41,7
2020-08-07,MD,6,40,7
2020-08-06,MD,3,41,9
2020-08-05,MD,4,40,9
2020-08-04,MD,3,41,9
2020-08-03,MD,3,41,9
2020-08-02,MD,3,41,9
2020-08-01,MD,3,41,9
2023-04-10,ME,1,16,14
2023-04-09,ME,1,17,15
2023-04-08,ME,1,17,15
2023-04-07,ME,1,17,15
2023-04-06,ME,1,17,16
2023-04-05,ME,1,19,15
2023-04-04,ME,1,17,16
2023-04-03,ME,1,17,16
2023-04-02,ME,2,16,17
2023-04-01,ME,1,17,17
2023-03-31,ME,1,17,17
2023-03-30,ME,1,17,17
2023-03-29,ME,0,20,15
2023-03-28,ME,1,17,16
2023-03-27,ME,1,17,16
2023-03-26,ME,1,17,17
2023-03-25,ME,1,17,17
2023-03-24,ME,1,17,17
2023-03-23,ME,1,17,17
2023-03-22,ME,1,19,15
2023-03-21,ME,1,17,16
2023-03-20,ME,1,17,16
2023-03-19,ME,1,17,17
2023-03-18,ME,1,17,17
2023-03-17,ME,1,17,17
2023-03-16,ME,1,16,18
2023-03-15,ME,1,19,15
2023-03-14,ME,1,17,16
2023-03-13,ME,1,17,16
2023-03-12,ME,1,17,17
2023-03-11,ME,1,17,17
2023-03-10,ME,1,17,17
2023-03-09,ME,1,18,16
2023-03-08,ME,1,19,15
2023-03-07,ME,1,17,16
2023-03-06,ME,1,17,16
2023-03-05,ME,1,17,17
2023-03-04,ME,1,17,17
2023-03-03,ME,1,17,17
2023-03-02,ME,1,17,17
2023-03-01,ME,1,19,15
2023-02-28,ME,1,17,16
2023-02-27,ME,1,17,16
2023-02-26,ME,1,17,17
2023-02-25,ME,1,17,17
2023-02-24,ME,1,16,18
2023-02-23,ME,1,17,17
2023-02-22,ME,1,18,16
2023-02-21,ME,1,17,16
2023-02-20,ME,1,17,16
2023-02-19,ME,1,17,17
2023-02-18,ME,1,17,17
2023-02-17,ME,1,17,17
2023-02-16,ME,1,17,17
2023-02-15,ME,2,19,14
2023-02-14,ME,1,17,16
2023-02-13,ME,1,17,16
2023-02-12,ME,1,17,17
2023-02-11,ME,1,17,17
2023-02-10,ME,1,17,17
2023-02-09,ME,1,17,17
2023-02-08,ME,1,20,14
2023-02-07,ME,1,17,16
2023-02-06,ME,1,17,16
2023-02-05,ME,1,17,17
2023-02-04,ME,1,17,17
2023-02-03,ME,1,17,17
2023-02-02,ME,1,17,17
2023-02-01,ME,2,19,14
2023-01-31,ME,1,17,16
2023-01-30,ME,1,17,16
2023-01-29,ME,1,17,17
2023-01-28,ME,1,17,17
2023-01-27,ME,1,16,18
2023-01-26,ME,1,17,17
2023-01-25,ME,1,19,15
2023-01-24,ME,1,17,16
2023-01-23,ME,1,17,16
2023-01-22,ME,1,17,17
2023-01-21,ME,1,17,17
2023-01-20,ME,1,18,16
2023-01-19,ME,2,17,16
2023-01-18,ME,2,20,13
2023-01-17,ME,2,17,15
2023-01-16,ME,2,17,15
2023-01-15,ME,2,17,16
2023-01-14,ME,2,17,16
2023-01-13,ME,2,17,16
2023-01-12,ME,2,17,16
2023-01-11,ME,2,20,13
2023-01-10,ME,2,17,15
2023-01-09,ME,2,17,15
2023-01-08,ME,2,16,17
2023-01-07,ME,2,17,16
2023-01-06,ME,2,17,16
2023-01-05,ME,2,17,16
2023-01-04,ME,3,19,13
2023-01-03,ME,2,17,15
2023-01-02,ME,2,17,15
2023-01-01,ME,2,16,17
2022-12-31,ME,2,17,15
2022-12-30,ME,2,17,15
2022-12-29,ME,2,17,16
2022-12-28,ME,2,20,13
2022-12-27,ME,2,17,15
2022-12-26,ME,2,17,15
2022-12-25,ME,2,17,16
2022-12-24,ME,2,17,16
2022-12-23,ME,2,18,15
2022-12-22,ME,2,19,14
2022-12-21,ME,1,20,14
2022-12-20,ME,2,19,13
2022-12-19,ME,2,18,14
2022-12-18,ME,2,18,15
2022-12-17,ME,2,18,15
2022-12-16,ME,3,18,14
2022-12-15,ME,2,19,14
2022-12-14,ME,1,21,13
2022-12-13,ME,1,21,12
2022-12-12,ME,1,21,12
2022-12-11,ME,1,21,13
2022-12-10,ME,2,20,13
2022-12-09,ME,1,21,13
2022-12-08,ME,1,21,13
2022-12-07,ME,1,21,13
2022-12-06,ME,1,21,12
2022-12-05,ME,1,21,12
2022-12-04,ME,1,21,13
2022-12-03,ME,1,21,13
2022-12-02,ME,2,20,13
2022-12-01,ME,1,21,13
2022-11-30,ME,1,21,13
2022-11-29,ME,1,21,12
2022-11-28,ME,1,21,12
2022-11-27,ME,1,21,13
2022-11-26,ME,1,21,13
2022-11-25,ME,1,21,13
2022-11-24,ME,1,21,13
2022-11-23,ME,1,21,13
2022-11-22,ME,1,21,12
2022-11-21,ME,1,21,12
2022-11-20,ME,1,21,13
2022-11-19,ME,1,21,13
2022-11-18,ME,1,21,13
2022-11-17,ME,1,21,13
2022-11-16,ME,1,21,13
2022-11-15,ME,1,21,12
2022-11-14,ME,2,20,12
2022-11-13,ME,1,21,13
2022-11-12,ME,1,21,13
2022-11-11,ME,1,21,13
2022-11-10,ME,1,21,13
2022-11-09,ME,1,22,12
2022-11-08,ME,2,20,12
2022-11-07,ME,2,20,12
2022-11-06,ME,1,21,13
2022-11-05,ME,1,21,13
2022-11-04,ME,1,21,13
2022-11-03,ME,2,20,13
2022-11-02,ME,2,20,13
2022-11-01,ME,1,21,12
2022-10-31,ME,1,21,12
2022-10-30,ME,1,21,13
2022-10-29,ME,1,21,13
2022-10-28,ME,1,21,13
2022-10-27,ME,2,20,13
2022-10-26,ME,2,20,13
2022-10-25,ME,2,20,12
2022-10-24,ME,2,20,12
2022-10-23,ME,1,21,13
2022-10-22,ME,1,21,13
2022-10-21,ME,1,21,13
2022-10-20,ME,1,21,13
2022-10-19,ME,1,21,13
2022-10-18,ME,1,21,12
2022-10-17,ME,1,21,12
2022-10-16,ME,1,21,13
2022-10-15,ME,1,21,13
2022-10-14,ME,1,20,14
2022-10-13,ME,1,20,14
2022-10-12,ME,2,19,14
2022-10-11,ME,1,20,13
2022-10-10,ME,2,19,13
2022-10-09,ME,1,20,14
2022-10-08,ME,1,20,14
2022-10-07,ME,1,20,14
2022-10-06,ME,1,20,14
2022-10-05,ME,2,19,14
2022-10-04,ME,1,21,12
2022-10-03,ME,1,21,12
2022-10-02,ME,1,21,13
2022-10-01,ME,1,21,13
2022-09-30,ME,1,21,13
2022-09-29,ME,1,21,13
2022-09-28,ME,1,20,14
2022-09-27,ME,2,19,13
2022-09-26,ME,1,20,13
2022-09-25,ME,1,20,14
2022-09-24,ME,1,20,14
2022-09-23,ME,1,20,14
2022-09-22,ME,1,21,13
2022-09-21,ME,1,20,14
2022-09-20,ME,1,20,13
2022-09-19,ME,1,20,13
2022-09-18,ME,1,20,14
2022-09-17,ME,1,20,14
2022-09-16,ME,1,20,14
2022-09-15,ME,1,21,13
2022-09-14,ME,2,19,14
2022-09-13,ME,1,20,13
2022-09-12,ME,1,20,13
2022-09-11,ME,1,20,14
2022-09-10,ME,1,20,14
2022-09-09,ME,1,21,14
2022-09-08,ME,1,21,14
2022-09-07,ME,2,20,14
2022-09-06,ME,1,21,13
2022-09-05,ME,1,21,13
2022-09-04,ME,1,22,14
2022-09-03,ME,1,22,14
2022-09-02,ME,1,22,14
2022-09-01,ME,1,23,13
2022-08-31,ME,2,21,14
2022-08-30,ME,1,21,13
2022-08-29,ME,1,21,13
2022-08-28,ME,1,22,14
2022-08-27,ME,1,22,14
2022-08-26,ME,1,22,14
2022-08-25,ME,1,22,14
2022-08-24,ME,1,22,14
2022-08-23,ME,1,22,13
2022-08-22,ME,1,22,13
2022-08-21,ME,1,24,14
2022-08-20,ME,1,24,14
2022-08-19,ME,1,24,14
2022-08-18,ME,1,23,14
2022-08-17,ME,1,23,14
2022-08-16,ME,1,21,13
2022-08-15,ME,1,21,13
2022-08-14,ME,1,23,14
2022-08-13,ME,1,23,14
2022-08-12,ME,1,23,14
2022-08-11,ME,1,23,14
2022-08-10,ME,1,23,14
2022-08-09,ME,1,21,13
2022-08-08,ME,1,23,12
2022-08-07,ME,1,25,13
2022-08-06,ME,1,25,13
2022-08-05,ME,2,24,13
2022-08-04,ME,1,25,13
2022-08-03,ME,1,24,14
2022-08-02,ME,1,21,13
2022-08-01,ME,1,21,13
2022-07-31,ME,2,23,14
2022-07-30,ME,2,23,14
2022-07-29,ME,2,23,14
2022-07-28,ME,1,24,14
2022-07-27,ME,1,24,14
2022-07-26,ME,1,21,13
2022-07-25,ME,1,21,13
2022-07-24,ME,1,23,13
2022-07-23,ME,1,23,13
2022-07-22,ME,1,24,12
2022-07-21,ME,1,24,12
2022-07-20,ME,1,23,13
2022-07-19,ME,2,20,13
2022-07-18,ME,1,22,13
2022-07-17,ME,1,24,13
2022-07-16,ME,1,24,13
2022-07-15,ME,1,25,12
2022-07-14,ME,1,25,12
2022-07-13,ME,1,25,12
2022-07-12,ME,1,22,12
2022-07-11,ME,1,23,12
2022-07-10,ME,1,25,12
2022-07-09,ME,1,25,12
2022-07-08,ME,1,25,12
2022-07-07,ME,1,25,12
2022-07-06,ME,1,24,13
2022-07-05,ME,1,21,13
2022-07-04,ME,1,21,13
2022-07-03,ME,1,24,14
2022-07-02,ME,1,24,14
2022-07-01,ME,2,23,14
2022-06-30,ME,1,24,14
2022-06-29,ME,1,24,14
2022-06-28,ME,1,21,13
2022-06-27,ME,1,21,13
2022-06-26,ME,1,24,14
2022-06-25,ME,1,24,14
2022-06-24,ME,1,24,14
2022-06-23,ME,2,24,13
2022-06-22,ME,2,23,14
2022-06-21,ME,2,20,13
2022-06-20,ME,2,20,13
2022-06-19,ME,2,23,14
2022-06-18,ME,2,23,14
2022-06-17,ME,1,24,14
2022-06-16,ME,2,24,13
2022-06-15,ME,2,23,14
2022-06-14,ME,1,21,13
2022-06-13,ME,2,20,13
2022-06-12,ME,1,24,14
2022-06-11,ME,1,24,14
2022-06-10,ME,2,23,14
2022-06-09,ME,2,24,13
2022-06-08,ME,1,24,14
2022-06-07,ME,2,20,13
2022-06-06,ME,2,20,13
2022-06-05,ME,1,24,14
2022-06-04,ME,1,24,14
2022-06-03,ME,2,23,14
2022-06-02,ME,2,24,13
2022-06-01,ME,2,23,14
2022-05-31,ME,2,20,13
2022-05-30,ME,1,22,12
2022-05-29,ME,1,25,13
2022-05-28,ME,1,25,13
2022-05-27,ME,1,25,13
2022-05-26,ME,1,25,13
2022-05-25,ME,2,24,13
2022-05-24,ME,2,21,12
2022-05-23,ME,2,21,12
2022-05-22,ME,1,25,13
2022-05-21,ME,1,25,13
2022-05-20,ME,2,24,13
2022-05-19,ME,1,25,13
2022-05-18,ME,1,24,14
2022-05-17,ME,1,21,13
2022-05-16,ME,1,21,13
2022-05-15,ME,1,24,14
2022-05-14,ME,1,24,14
2022-05-13,ME,1,24,14
2022-05-12,ME,1,25,13
2022-05-11,ME,1,24,14
2022-05-10,ME,1,21,13
2022-05-09,ME,1,21,13
2022-05-08,ME,1,24,14
2022-05-07,ME,1,24,14
2022-05-06,ME,2,24,13
2022-05-05,ME,1,25,13
2022-05-04,ME,2,24,13
2022-05-03,ME,2,21,12
2022-05-02,ME,2,21,12
2022-05-01,ME,1,25,13
2022-04-30,ME,1,24,14
2022-04-29,ME,2,23,14
2022-04-28,ME,2,23,14
2022-04-27,ME,2,23,14
2022-04-26,ME,2,20,13
2022-04-25,ME,1,21,13
2022-04-24,ME,1,24,14
2022-04-23,ME,1,24,14
2022-04-22,ME,1,24,14
2022-04-21,ME,2,23,14
2022-04-20,ME,2,23,14
2022-04-19,ME,2,20,13
2022-04-18,ME,2,20,13
2022-04-17,ME,1,24,14
2022-04-16,ME,1,24,14
2022-04-15,ME,1,24,14
2022-04-14,ME,2,24,13
2022-04-13,ME,2,23,14
2022-04-12,ME,2,20,13
2022-04-11,ME,2,20,13
2022-04-10,ME,1,24,14
2022-04-09,ME,1,24,14
2022-04-08,ME,1,24,14
2022-04-07,ME,1,25,13
2022-04-06,ME,1,24,14
2022-04-05,ME,1,22,13
2022-04-04,ME,2,21,13
2022-04-03,ME,1,24,14
2022-04-02,ME,1,24,14
2022-04-01,ME,1,24,14
2022-03-31,ME,1,25,13
2022-03-30,ME,1,24,14
2022-03-29,ME,1,22,13
2022-03-28,ME,1,22,13
2022-03-27,ME,1,24,14
2022-03-26,ME,1,24,14
2022-03-25,ME,1,24,14
2022-03-24,ME,2,24,13
2022-03-23,ME,1,24,14
2022-03-22,ME,1,22,13
2022-03-21,ME,1,22,13
2022-03-20,ME,1,24,14
2022-03-19,ME,1,24,14
2022-03-18,ME,1,24,14
2022-03-17,ME,1,24,14
2022-03-16,ME,1,25,13
2022-03-15,ME,1,23,12
2022-03-14,ME,1,23,12
2022-03-13,ME,1,25,13
2022-03-12,ME,1,25,13
2022-03-11,ME,1,25,13
2022-03-10,ME,1,25,13
2022-03-09,ME,1,25,13
2022-03-08,ME,1,23,12
2022-03-07,ME,2,22,12
2022-03-06,ME,1,25,13
2022-03-05,ME,1,25,13
2022-03-04,ME,1,25,13
2022-03-03,ME,2,24,13
2022-03-02,ME,2,24,13
2022-03-01,ME,3,20,13
2022-02-28,ME,3,20,13
2022-02-27,ME,1,24,14
2022-02-26,ME,1,24,14
2022-02-25,ME,2,23,14
2022-02-24,ME,2,23,14
2022-02-23,ME,2,23,14
2022-02-22,ME,2,21,13
2022-02-21,ME,2,21,13
2022-02-20,ME,3,22,14
2022-02-19,ME,3,22,14
2022-02-18,ME,2,23,14
2022-02-17,ME,4,21,14
2022-02-16,ME,4,21,14
2022-02-15,ME,3,20,13
2022-02-14,ME,3,21,12
2022-02-13,ME,2,24,13
2022-02-12,ME,2,24,13
2022-02-11,ME,4,21,14
2022-02-10,ME,3,22,14
2022-02-09,ME,3,23,13
2022-02-08,ME,2,22,13
2022-02-07,ME,3,21,13
2022-02-06,ME,4,21,14
2022-02-05,ME,3,22,14
2022-02-04,ME,2,23,14
2022-02-03,ME,3,22,14
2022-02-02,ME,4,21,14
2022-02-01,ME,4,19,13
2022-01-31,ME,4,19,13
2022-01-30,ME,3,22,14
2022-01-29,ME,3,22,14
2022-01-28,ME,4,21,14
2022-01-27,ME,4,24,11
2022-01-26,ME,4,22,13
2022-01-25,ME,3,21,12
2022-01-24,ME,3,20,13
2022-01-23,ME,2,23,14
2022-01-22,ME,3,22,14
2022-01-21,ME,3,22,14
2022-01-20,ME,3,22,14
2022-01-19,ME,4,22,13
2022-01-18,ME,4,20,12
2022-01-17,ME,3,21,12
2022-01-16,ME,2,24,13
2022-01-15,ME,2,24,13
2022-01-14,ME,4,22,13
2022-01-13,ME,2,24,13
2022-01-12,ME,2,24,13
2022-01-11,ME,2,22,12
2022-01-10,ME,4,20,12
2022-01-09,ME,3,23,13
2022-01-08,ME,3,23,13
2022-01-07,ME,3,23,13
2022-01-06,ME,4,22,13
2022-01-05,ME,3,23,13
2022-01-04,ME,3,21,12
2022-01-03,ME,3,21,12
2022-01-02,ME,2,24,13
2022-01-01,ME,2,24,13
2021-12-31,ME,2,24,13
2021-12-30,ME,2,24,13
2021-12-29,ME,2,24,13
2021-12-28,ME,2,22,12
2021-12-27,ME,2,22,12
2021-12-26,ME,1,25,13
2021-12-25,ME,2,25,12
2021-12-24,ME,1,25,13
2021-12-23,ME,3,23,13
2021-12-22,ME,3,23,13
2021-12-21,ME,3,21,12
2021-12-20,ME,3,21,12
2021-12-19,ME,2,24,13
2021-12-18,ME,2,24,13
2021-12-17,ME,3,23,13
2021-12-16,ME,3,23,13
2021-12-15,ME,4,22,13
2021-12-14,ME,3,21,12
2021-12-13,ME,4,20,12
2021-12-12,ME,5,21,13
2021-12-11,ME,5,21,13
2021-12-10,ME,4,22,13
2021-12-09,ME,5,21,13
2021-12-08,ME,3,25,11
2021-12-07,ME,4,20,12
2021-12-06,ME,3,21,12
2021-12-05,ME,3,23,13
2021-12-04,ME,1,25,13
2021-12-03,ME,3,23,13
2021-12-02,ME,2,24,13
2021-12-01,ME,2,24,13
2021-11-30,ME,1,23,12
2021-11-29,ME,2,22,12
2021-11-28,ME,2,24,13
2021-11-27,ME,3,23,13
2021-11-26,ME,2,24,13
2021-11-25,ME,2,24,13
2021-11-24,ME,2,24,13
2021-11-23,ME,2,22,12
2021-11-22,ME,3,21,12
2021-11-21,ME,1,25,13
2021-11-20,ME,1,25,13
2021-11-19,ME,3,23,13
2021-11-18,ME,4,22,13
2021-11-17,ME,1,26,12
2021-11-16,ME,3,21,12
2021-11-15,ME,2,22,12
2021-11-14,ME,2,24,13
2021-11-13,ME,2,24,13
2021-11-12,ME,4,22,13
2021-11-11,ME,3,23,13
2021-11-10,ME,4,23,12
2021-11-09,ME,3,21,12
2021-11-08,ME,2,22,12
2021-11-07,ME,2,25,12
2021-11-06,ME,3,24,12
2021-11-05,ME,2,26,11
2021-11-04,ME,3,24,12
2021-11-03,ME,2,25,12
2021-11-02,ME,2,23,11
2021-11-01,ME,2,23,11
2021-10-31,ME,1,29,9
2021-10-30,ME,1,29,9
2021-10-29,ME,1,29,9
2021-10-28,ME,1,29,9
2021-10-27,ME,1,29,9
2021-10-26,ME,1,27,8
2021-10-25,ME,1,27,8
2021-10-24,ME,2,28,9
2021-10-23,ME,1,29,9
2021-10-22,ME,2,28,9
2021-10-21,ME,1,29,9
2021-10-20,ME,2,28,9
2021-10-19,ME,2,26,8
2021-10-18,ME,1,27,8
2021-10-17,ME,2,28,9
2021-10-16,ME,2,28,9
2021-10-15,ME,2,28,9
2021-10-14,ME,2,28,9
2021-10-13,ME,2,28,9
2021-10-12,ME,2,26,8
2021-10-11,ME,1,27,8
2021-10-10,ME,2,28,9
2021-10-09,ME,3,27,9
2021-10-08,ME,2,28,9
2021-10-07,ME,1,29,9
2021-10-06,ME,1,29,9
2021-10-05,ME,1,27,8
2021-10-04,ME,1,27,8
2021-10-03,ME,1,29,9
2021-10-02,ME,1,29,9
2021-10-01,ME,2,28,9
2021-09-30,ME,1,29,9
2021-09-29,ME,1,29,9
2021-09-28,ME,1,27,8
2021-09-27,ME,1,27,8
2021-09-26,ME,1,29,9
2021-09-25,ME,1,29,9
2021-09-24,ME,2,28,9
2021-09-23,ME,1,29,9
2021-09-22,ME,1,29,9
2021-09-21,ME,1,27,8
2021-09-20,ME,2,26,8
2021-09-19,ME,2,28,9
2021-09-18,ME,2,28,9
2021-09-17,ME,2,28,9
2021-09-16,ME,2,28,9
2021-09-15,ME,2,28,9
2021-09-14,ME,1,27,8
2021-09-13,ME,2,26,8
2021-09-12,ME,3,27,9
2021-09-11,ME,3,27,9
2021-09-10,ME,2,28,9
2021-09-09,ME,1,29,9
2021-09-08,ME,2,28,9
2021-09-07,ME,1,27,8
2021-09-06,ME,2,26,8
2021-09-05,ME,2,28,9
2021-09-04,ME,1,29,9
2021-09-03,ME,1,29,9
2021-09-02,ME,1,29,9
2021-09-01,ME,3,27,9
2021-08-31,ME,1,27,8
2021-08-30,ME,1,27,8
2021-08-29,ME,1,29,9
2021-08-28,ME,1,29,9
2021-08-27,ME,1,29,9
2021-08-26,ME,1,29,9
2021-08-25,ME,0,30,9
2021-08-24,ME,1,27,8
2021-08-23,ME,2,27,8
2021-08-22,ME,2,28,9
2021-08-21,ME,1,29,9
2021-08-20,ME,2,28,9
2021-08-19,ME,2,28,9
2021-08-18,ME,2,28,9
2021-08-17,ME,1,28,8
2021-08-16,ME,1,28,8
2021-08-15,ME,1,29,9
2021-08-14,ME,1,29,9
2021-08-13,ME,1,29,9
2021-08-12,ME,1,29,9
2021-08-11,ME,1,29,9
2021-08-10,ME,1,28,8
2021-08-09,ME,1,28,8
2021-08-08,ME,1,29,9
2021-08-07,ME,1,29,9
2021-08-06,ME,1,29,9
2021-08-05,ME,1,29,9
2021-08-04,ME,1,29,9
2021-08-03,ME,1,28,8
2021-08-02,ME,1,28,8
2021-08-01,ME,1,29,9
2021-07-31,ME,1,29,9
2021-07-30,ME,1,29,9
2021-07-29,ME,1,29,9
2021-07-28,ME,1,29,9
2021-07-27,ME,0,29,8
2021-07-26,ME,1,28,8
2021-07-25,ME,0,30,9
2021-07-24,ME,0,30,9
2021-07-23,ME,0,30,9
2021-07-22,ME,0,30,9
2021-07-21,ME,1,29,9
2021-07-20,ME,0,28,8
2021-07-19,ME,0,28,8
2021-07-18,ME,1,29,9
2021-07-17,ME,1,29,9
2021-07-16,ME,1,29,9
2021-07-15,ME,1,29,9
2021-07-14,ME,1,29,9
2021-07-13,ME,1,27,8
2021-07-12,ME,1,27,8
2021-07-11,ME,1,29,9
2021-07-10,ME,1,29,9
2021-07-09,ME,1,29,9
2021-07-08,ME,1,29,9
2021-07-07,ME,1,29,9
2021-07-06,ME,1,27,8
2021-07-05,ME,1,27,8
2021-07-04,ME,1,29,9
2021-07-03,ME,1,29,9
2021-07-02,ME,1,29,9
2021-07-01,ME,1,29,9
2021-06-30,ME,1,29,9
2021-06-29,ME,1,27,8
2021-06-28,ME,1,27,8
2021-06-27,ME,1,29,9
2021-06-26,ME,1,29,9
2021-06-25,ME,1,29,9
2021-06-24,ME,1,29,9
2021-06-23,ME,1,29,9
2021-06-22,ME,1,27,8
2021-06-21,ME,1,27,8
2021-06-20,ME,1,29,9
2021-06-19,ME,1,29,9
2021-06-18,ME,1,29,9
2021-06-17,ME,1,29,9
2021-06-16,ME,1,29,9
2021-06-15,ME,1,27,8
2021-06-14,ME,1,27,8
2021-06-13,ME,1,29,9
2021-06-12,ME,1,29,9
2021-06-11,ME,1,29,9
2021-06-10,ME,1,29,9
2021-06-09,ME,1,29,9
2021-06-08,ME,1,27,8
2021-06-07,ME,1,27,8
2021-06-06,ME,1,29,9
2021-06-05,ME,1,29,9
2021-06-04,ME,1,29,9
2021-06-03,ME,1,29,9
2021-06-02,ME,1,29,9
2021-06-01,ME,2,26,8
2021-05-31,ME,1,27,8
2021-05-30,ME,1,29,9
2021-05-29,ME,0,30,9
2021-05-28,ME,1,29,9
2021-05-27,ME,2,28,9
2021-05-26,ME,1,29,9
2021-05-25,ME,1,27,8
2021-05-24,ME,1,27,8
2021-05-23,ME,1,29,9
2021-05-22,ME,1,29,9
2021-05-21,ME,1,29,9
2021-05-20,ME,1,29,9
2021-05-19,ME,1,29,9
2021-05-18,ME,1,27,8
2021-05-17,ME,1,27,8
2021-05-16,ME,1,29,9
2021-05-15,ME,1,29,9
2021-05-14,ME,1,29,9
2021-05-13,ME,1,29,9
2021-05-12,ME,1,29,9
2021-05-11,ME,0,28,8
2021-05-10,ME,1,27,8
2021-05-09,ME,1,29,9
2021-05-08,ME,0,30,9
2021-05-07,ME,1,29,9
2021-05-06,ME,1,29,9
2021-05-05,ME,1,29,9
2021-05-04,ME,1,27,8
2021-05-03,ME,1,27,8
2021-05-02,ME,1,29,9
2021-05-01,ME,1,29,9
2021-04-30,ME,1,29,9
2021-04-29,ME,1,29,9
2021-04-28,ME,1,29,9
2021-04-27,ME,1,27,8
2021-04-26,ME,1,27,8
2021-04-25,ME,1,29,9
2021-04-24,ME,0,30,9
2021-04-23,ME,1,29,9
2021-04-22,ME,1,29,9
2021-04-21,ME,1,29,9
2021-04-20,ME,1,27,8
2021-04-19,ME,1,27,8
2021-04-18,ME,0,30,9
2021-04-17,ME,1,29,9
2021-04-16,ME,1,29,9
2021-04-15,ME,2,28,9
2021-04-14,ME,2,28,9
2021-04-13,ME,2,26,8
2021-04-12,ME,2,26,8
2021-04-11,ME,2,28,9
2021-04-10,ME,1,29,9
2021-04-09,ME,2,28,9
2021-04-08,ME,2,28,9
2021-04-07,ME,1,29,9
2021-04-06,ME,2,27,8
2021-04-05,ME,3,26,8
2021-04-04,ME,2,29,8
2021-04-03,ME,2,29,8
2021-04-02,ME,2,29,8
2021-04-01,ME,1,30,8
2021-03-31,ME,2,29,8
2021-03-30,ME,1,27,8
2021-03-29,ME,0,28,8
2021-03-28,ME,2,29,8
2021-03-27,ME,1,30,8
2021-03-26,ME,2,29,8
2021-03-25,ME,2,29,8
2021-03-24,ME,1,30,8
2021-03-23,ME,2,26,8
2021-03-22,ME,2,26,8
2021-03-21,ME,4,27,8
2021-03-20,ME,2,29,8
2021-03-19,ME,1,30,8
2021-03-18,ME,2,29,8
2021-03-17,ME,0,31,8
2021-03-16,ME,2,27,8
2021-03-15,ME,2,27,8
2021-03-14,ME,2,29,8
2021-03-13,ME,2,29,8
2021-03-12,ME,2,29,8
2021-03-11,ME,2,29,8
2021-03-10,ME,3,28,8
2021-03-09,ME,2,26,8
2021-03-08,ME,2,26,8
2021-03-07,ME,3,28,8
2021-03-06,ME,2,29,8
2021-03-05,ME,2,29,8
2021-03-04,ME,2,29,8
2021-03-03,ME,2,29,8
2021-03-02,ME,2,27,8
2021-03-01,ME,2,27,8
2021-02-28,ME,2,29,8
2021-02-27,ME,2,29,8
2021-02-26,ME,2,29,8
2021-02-25,ME,2,29,8
2021-02-24,ME,2,29,8
2021-02-23,ME,2,27,8
2021-02-22,ME,3,26,8
2021-02-21,ME,2,29,8
2021-02-20,ME,2,29,8
2021-02-19,ME,2,29,8
2021-02-18,ME,2,29,8
2021-02-17,ME,2,29,8
2021-02-16,ME,2,27,8
2021-02-15,ME,2,27,8
2021-02-14,ME,2,29,8
2021-02-13,ME,2,29,8
2021-02-12,ME,2,29,8
2021-02-11,ME,2,29,8
2021-02-10,ME,2,29,8
2021-02-09,ME,3,26,8
2021-02-08,ME,3,26,8
2021-02-07,ME,3,28,8
2021-02-06,ME,2,29,8
2021-02-05,ME,2,29,8
2021-02-04,ME,2,29,8
2021-02-03,ME,3,28,8
2021-02-02,ME,2,27,8
2021-02-01,ME,2,27,8
2021-01-31,ME,2,29,8
2021-01-30,ME,4,27,8
2021-01-29,ME,3,28,8
2021-01-28,ME,3,28,8
2021-01-27,ME,3,28,8
2021-01-26,ME,3,26,8
2021-01-25,ME,1,28,8
2021-01-24,ME,2,29,8
2021-01-23,ME,2,29,8
2021-01-22,ME,3,28,8
2021-01-21,ME,2,29,8
2021-01-20,ME,2,29,8
2021-01-19,ME,2,27,8
2021-01-18,ME,3,26,8
2021-01-17,ME,3,28,8
2021-01-16,ME,3,28,8
2021-01-15,ME,4,27,8
2021-01-14,ME,4,27,8
2021-01-13,ME,2,29,8
2021-01-12,ME,4,25,8
2021-01-11,ME,4,25,8
2021-01-10,ME,4,27,8
2021-01-09,ME,4,27,8
2021-01-08,ME,2,29,8
2021-01-07,ME,5,26,8
2021-01-06,ME,1,30,8
2021-01-05,ME,3,26,8
2021-01-04,ME,3,26,8
2021-01-03,ME,3,28,8
2021-01-02,ME,2,29,8
2021-01-01,ME,1,30,8
2020-12-31,ME,2,29,8
2020-12-30,ME,1,30,8
2020-12-29,ME,5,24,8
2020-12-28,ME,7,22,8
2020-12-27,ME,7,24,8
2020-12-26,ME,7,24,8
2020-12-25,ME,7,24,8
2020-12-24,ME,7,24,8
2020-12-23,ME,7,24,8
2020-12-22,ME,7,23,8
2020-12-21,ME,7,22,8
2020-12-20,ME,7,24,8
2020-12-19,ME,7,24,8
2020-12-18,ME,7,24,8
2020-12-17,ME,8,23,8
2020-12-16,ME,8,23,8
2020-12-15,ME,8,21,8
2020-12-14,ME,8,21,8
2020-12-13,ME,8,23,8
2020-12-12,ME,8,23,8
2020-12-11,ME,7,24,8
2020-12-10,ME,8,23,8
2020-12-09,ME,8,23,8
2020-12-08,ME,9,20,8
2020-12-07,ME,7,22,8
2020-12-06,ME,6,25,8
2020-12-05,ME,6,25,8
2020-12-04,ME,6,25,8
2020-12-03,ME,6,25,8
2020-12-02,ME,7,24,8
2020-12-01,ME,6,23,8
2020-11-30,ME,6,23,8
2020-11-29,ME,7,24,8
2020-11-28,ME,7,24,8
2020-11-27,ME,7,24,8
2020-11-26,ME,7,24,8
2020-11-25,ME,8,23,8
2020-11-24,ME,8,22,8
2020-11-23,ME,8,22,8
2020-11-22,ME,8,23,8
2020-11-21,ME,8,23,8
2020-11-20,ME,7,24,8
2020-11-19,ME,7,24,8
2020-11-18,ME,8,23,8
2020-11-17,ME,8,21,8
2020-11-16,ME,8,21,8
2020-11-15,ME,8,23,8
2020-11-14,ME,8,23,8
2020-11-13,ME,8,23,8
2020-11-12,ME,7,24,8
2020-11-11,ME,7,24,8
2020-11-10,ME,7,22,8
2020-11-09,ME,7,22,8
2020-11-08,ME,7,24,8
2020-11-07,ME,7,24,8
2020-11-06,ME,7,24,8
2020-11-05,ME,7,24,8
2020-11-04,ME,7,31,1
2020-11-03,ME,7,29,1
2020-11-02,ME,7,29,1
2020-11-01,ME,7,31,1
2020-10-31,ME,7,31,1
2020-10-30,ME,7,31,1
2020-10-29,ME,7,31,1
2020-10-28,ME,7,31,1
2020-10-27,ME,7,29,1
2020-10-26,ME,7,26,4
2020-10-25,ME,7,27,5
2020-10-24,ME,7,28,4
2020-10-23,ME,8,30,1
2020-10-22,ME,7,27,5
2020-10-21,ME,7,27,5
2020-10-20,ME,7,26,5
2020-10-19,ME,7,27,4
2020-10-18,ME,7,28,4
2020-10-17,ME,6,28,5
2020-10-16,ME,6,28,5
2020-10-15,ME,6,28,5
2020-10-14,ME,6,28,5
2020-10-13,ME,6,28,5
2020-10-12,ME,6,26,6
2020-10-11,ME,6,26,6
2020-10-10,ME,5,27,6
2020-10-09,ME,5,27,6
2020-10-08,ME,6,27,5
2020-10-07,ME,4,27,7
2020-10-06,ME,4,27,7
2020-10-05,ME,4,27,7
2020-10-04,ME,4,26,7
2020-10-03,ME,5,25,7
2020-10-02,ME,5,25,7
2020-10-01,ME,5,25,7
2020-09-30,ME,4,26,7
2020-09-29,ME,4,27,7
2020-09-28,ME,4,27,7
2020-09-27,ME,3,28,7
2020-09-26,ME,3,28,7
2020-09-25,ME,3,28,7
2020-09-24,ME,3,28,7
2020-09-23,ME,3,28,7
2020-09-22,ME,3,28,7
2020-09-21,ME,4,27,7
2020-09-20,ME,3,28,7
2020-09-19,ME,3,28,6
2020-09-18,ME,3,28,6
2020-09-17,ME,3,28,6
2020-09-16,ME,3,28,6
2020-09-15,ME,3,27,6
2020-09-14,ME,5,28,3
2020-09-13,ME,5,28,3
2020-09-12,ME,5,28,3
2020-09-11,ME,5,28,3
2020-09-10,ME,3,27,6
2020-09-09,ME,3,27,6
2020-09-08,ME,3,27,6
2020-09-07,ME,3,27,6
2020-09-06,ME,3,27,6
2020-09-05,ME,3,27,6
2020-09-04,ME,3,27,6
2020-09-03,ME,3,27,6
2020-09-02,ME,3,27,6
2020-09-01,ME,3,29,4
2020-08-31,ME,3,28,3
2020-08-30,ME,3,27,4
2020-08-29,ME,3,27,4
2020-08-28,ME,3,27,4
2020-08-27,ME,3,27,4
2020-08-26,ME,3,26,5
2020-08-25,ME,3,25,5
2020-08-24,ME,4,25,4
2020-08-23,ME,4,25,4
2020-08-22,ME,4,25,4
2020-08-21,ME,4,25,4
2020-08-20,ME,4,25,4
2020-08-19,ME,3,24,5
2020-08-18,ME,3,25,5
2020-08-17,ME,3,25,4
2020-08-16,ME,3,25,4
2020-08-15,ME,2,25,4
2020-08-14,ME,3,25,5
2020-08-13,ME,3,25,5
2020-08-12,ME,3,25,5
2020-08-11,ME,3,25,4
2020-08-10,ME,3,26,3
2020-08-09,ME,3,26,3
2020-08-08,ME,3,26,3
2020-08-07,ME,3,26,3
2020-08-06,ME,3,26,3
2020-08-05,ME,3,25,3
2020-08-04,ME,4,24,4
2020-08-03,ME,3,25,4
2020-08-02,ME,3,25,4
2020-08-01,ME,3,26,4
2023-04-10,MI,31,121,0
2023-04-09,MI,31,122,0
2023-04-08,MI,31,122,0
2023-04-07,MI,31,122,0
2023-04-06,MI,31,121,4
2023-04-05,MI,31,122,4
2023-04-04,MI,31,121,4
2023-04-03,MI,30,122,4
2023-04-02,MI,30,122,5
2023-04-01,MI,30,124,4
2023-03-31,MI,31,123,4
2023-03-30,MI,30,123,4
2023-03-29,MI,31,122,4
2023-03-28,MI,31,121,4
2023-03-27,MI,30,121,4
2023-03-26,MI,30,123,4
2023-03-25,MI,30,123,4
2023-03-24,MI,28,126,4
2023-03-23,MI,29,125,4
2023-03-22,MI,29,125,4
2023-03-21,MI,30,121,4
2023-03-20,MI,30,121,4
2023-03-19,MI,30,124,4
2023-03-18,MI,29,125,4
2023-03-17,MI,29,125,4
2023-03-16,MI,30,123,4
2023-03-15,MI,29,124,4
2023-03-14,MI,28,123,4
2023-03-13,MI,29,122,4
2023-03-12,MI,29,123,4
2023-03-11,MI,28,125,4
2023-03-10,MI,29,124,4
2023-03-09,MI,29,124,4
2023-03-08,MI,29,124,4
2023-03-07,MI,28,121,5
2023-03-06,MI,30,120,4
2023-03-05,MI,30,123,4
2023-03-04,MI,30,123,4
2023-03-03,MI,30,123,4
2023-03-02,MI,30,123,4
2023-03-01,MI,30,123,4
2023-02-28,MI,29,120,4
2023-02-27,MI,28,121,4
2023-02-26,MI,29,123,4
2023-02-25,MI,29,124,4
2023-02-24,MI,29,124,4
2023-02-23,MI,29,124,4
2023-02-22,MI,29,124,4
2023-02-21,MI,29,121,4
2023-02-20,MI,29,121,4
2023-02-19,MI,29,121,5
2023-02-18,MI,29,123,4
2023-02-17,MI,29,123,4
2023-02-16,MI,29,123,4
2023-02-15,MI,29,123,4
2023-02-14,MI,29,120,4
2023-02-13,MI,29,120,4
2023-02-12,MI,29,124,4
2023-02-11,MI,29,124,4
2023-02-10,MI,29,124,4
2023-02-09,MI,29,124,4
2023-02-08,MI,29,123,4
2023-02-07,MI,29,117,4
2023-02-06,MI,30,116,4
2023-02-05,MI,22,121,12
2023-02-04,MI,22,121,12
2023-02-03,MI,29,122,4
2023-02-02,MI,29,121,5
2023-02-01,MI,29,122,4
2023-01-31,MI,29,118,4
2023-01-30,MI,29,118,4
2023-01-29,MI,29,119,4
2023-01-28,MI,29,118,5
2023-01-27,MI,29,118,5
2023-01-26,MI,29,118,4
2023-01-25,MI,29,118,4
2023-01-24,MI,29,115,4
2023-01-23,MI,29,116,4
2023-01-22,MI,29,118,4
2023-01-21,MI,29,118,4
2023-01-20,MI,29,116,6
2023-01-19,MI,29,117,5
2023-01-18,MI,29,118,4
2023-01-17,MI,29,116,4
2023-01-16,MI,29,117,4
2023-01-15,MI,28,118,5
2023-01-14,MI,28,119,4
2023-01-13,MI,29,118,4
2023-01-12,MI,28,117,5
2023-01-11,MI,29,116,4
2023-01-10,MI,29,115,4
2023-01-09,MI,29,115,4
2023-01-08,MI,30,116,4
2023-01-07,MI,30,115,5
2023-01-06,MI,29,117,4
2023-01-05,MI,29,116,5
2023-01-04,MI,28,118,4
2023-01-03,MI,29,114,4
2023-01-02,MI,29,115,4
2023-01-01,MI,30,114,5
2022-12-31,MI,29,115,3
2022-12-30,MI,31,113,3
2022-12-29,MI,31,113,5
2022-12-28,MI,31,114,4
2022-12-27,MI,31,111,5
2022-12-26,MI,31,112,4
2022-12-25,MI,31,113,5
2022-12-24,MI,31,114,5
2022-12-23,MI,32,114,4
2022-12-22,MI,32,114,4
2022-12-21,MI,32,114,4
2022-12-20,MI,32,113,4
2022-12-19,MI,32,114,4
2022-12-18,MI,33,120,4
2022-12-17,MI,32,121,5
2022-12-16,MI,33,122,4
2022-12-15,MI,31,124,4
2022-12-14,MI,31,123,4
2022-12-13,MI,31,120,4
2022-12-12,MI,32,119,4
2022-12-11,MI,33,120,4
2022-12-10,MI,31,122,4
2022-12-09,MI,32,121,4
2022-12-08,MI,31,122,4
2022-12-07,MI,30,122,4
2022-12-06,MI,31,120,4
2022-12-05,MI,30,121,4
2022-12-04,MI,28,124,4
2022-12-03,MI,29,124,4
2022-12-02,MI,30,123,4
2022-12-01,MI,29,124,4
2022-11-30,MI,30,123,4
2022-11-29,MI,30,121,4
2022-11-28,MI,31,116,4
2022-11-27,MI,30,123,4
2022-11-26,MI,30,124,4
2022-11-25,MI,31,123,4
2022-11-24,MI,30,124,4
2022-11-23,MI,30,124,4
2022-11-22,MI,30,120,4
2022-11-21,MI,30,120,4
2022-11-20,MI,28,126,4
2022-11-19,MI,29,125,4
2022-11-18,MI,30,124,4
2022-11-17,MI,29,125,4
2022-11-16,MI,30,124,4
2022-11-15,MI,30,121,4
2022-11-14,MI,30,121,4
2022-11-13,MI,27,124,4
2022-11-12,MI,28,123,4
2022-11-11,MI,29,122,4
2022-11-10,MI,29,122,4
2022-11-09,MI,30,121,4
2022-11-08,MI,30,121,4
2022-11-07,MI,31,120,4
2022-11-06,MI,30,123,4
2022-11-05,MI,29,124,4
2022-11-04,MI,30,123,4
2022-11-03,MI,30,123,4
2022-11-02,MI,30,123,4
2022-11-01,MI,30,121,4
2022-10-31,MI,30,120,4
2022-10-30,MI,29,123,4
2022-10-29,MI,29,124,4
2022-10-28,MI,30,123,4
2022-10-27,MI,30,123,4
2022-10-26,MI,30,123,4
2022-10-25,MI,30,122,4
2022-10-24,MI,29,123,4
2022-10-23,MI,28,126,4
2022-10-22,MI,28,126,4
2022-10-21,MI,30,124,4
2022-10-20,MI,30,124,4
2022-10-19,MI,30,123,4
2022-10-18,MI,30,122,4
2022-10-17,MI,30,121,4
2022-10-16,MI,29,125,4
2022-10-15,MI,28,126,4
2022-10-14,MI,30,124,4
2022-10-13,MI,29,125,4
2022-10-12,MI,30,124,4
2022-10-11,MI,30,122,4
2022-10-10,MI,30,122,4
2022-10-09,MI,29,124,4
2022-10-08,MI,29,125,4
2022-10-07,MI,30,124,4
2022-10-06,MI,30,124,4
2022-10-05,MI,30,124,4
2022-10-04,MI,30,120,4
2022-10-03,MI,30,120,4
2022-10-02,MI,27,127,4
2022-10-01,MI,28,126,4
2022-09-30,MI,31,123,4
2022-09-29,MI,30,124,4
2022-09-28,MI,30,124,4
2022-09-27,MI,30,124,4
2022-09-26,MI,30,123,4
2022-09-25,MI,30,122,4
2022-09-24,MI,22,130,4
2022-09-23,MI,31,121,4
2022-09-22,MI,31,120,4
2022-09-21,MI,31,120,4
2022-09-20,MI,31,119,4
2022-09-19,MI,31,119,4
2022-09-18,MI,30,124,4
2022-09-17,MI,29,125,4
2022-09-16,MI,28,126,4
2022-09-15,MI,29,125,4
2022-09-14,MI,29,125,4
2022-09-13,MI,29,121,4
2022-09-12,MI,28,122,4
2022-09-11,MI,29,123,4
2022-09-10,MI,29,123,4
2022-09-09,MI,30,122,4
2022-09-08,MI,30,122,4
2022-09-07,MI,30,122,4
2022-09-06,MI,30,120,4
2022-09-05,MI,29,121,4
2022-09-04,MI,29,124,4
2022-09-03,MI,29,125,4
2022-09-02,MI,30,124,4
2022-09-01,MI,30,124,4
2022-08-31,MI,30,124,4
2022-08-30,MI,30,121,4
2022-08-29,MI,30,120,4
2022-08-28,MI,21,123,12
2022-08-27,MI,20,124,12
2022-08-26,MI,29,123,4
2022-08-25,MI,30,122,4
2022-08-24,MI,30,122,4
2022-08-23,MI,30,121,4
2022-08-22,MI,30,122,4
2022-08-21,MI,30,126,4
2022-08-20,MI,28,128,4
2022-08-19,MI,29,127,4
2022-08-18,MI,28,127,4
2022-08-17,MI,29,126,4
2022-08-16,MI,29,121,4
2022-08-15,MI,29,123,4
2022-08-14,MI,29,127,4
2022-08-13,MI,30,127,4
2022-08-12,MI,30,127,4
2022-08-11,MI,30,127,4
2022-08-10,MI,30,126,4
2022-08-09,MI,30,121,4
2022-08-08,MI,30,122,4
2022-08-07,MI,29,128,4
2022-08-06,MI,30,127,4
2022-08-05,MI,30,127,4
2022-08-04,MI,30,127,4
2022-08-03,MI,30,127,4
2022-08-02,MI,30,123,4
2022-08-01,MI,30,123,4
2022-07-31,MI,30,126,4
2022-07-30,MI,30,127,4
2022-07-29,MI,30,127,4
2022-07-28,MI,30,127,4
2022-07-27,MI,30,127,4
2022-07-26,MI,30,122,4
2022-07-25,MI,29,121,4
2022-07-24,MI,30,127,4
2022-07-23,MI,30,127,4
2022-07-22,MI,30,127,4
2022-07-21,MI,30,127,4
2022-07-20,MI,30,127,4
2022-07-19,MI,30,123,4
2022-07-18,MI,30,123,4
2022-07-17,MI,30,128,4
2022-07-16,MI,30,128,4
2022-07-15,MI,30,128,4
2022-07-14,MI,30,128,4
2022-07-13,MI,30,128,4
2022-07-12,MI,30,122,4
2022-07-11,MI,30,123,4
2022-07-10,MI,30,128,4
2022-07-09,MI,30,128,4
2022-07-08,MI,30,128,4
2022-07-07,MI,29,129,4
2022-07-06,MI,29,129,4
2022-07-05,MI,29,121,4
2022-07-04,MI,30,120,4
2022-07-03,MI,30,126,4
2022-07-02,MI,29,127,4
2022-07-01,MI,30,127,4
2022-06-30,MI,29,128,4
2022-06-29,MI,29,128,4
2022-06-28,MI,30,123,4
2022-06-27,MI,30,123,4
2022-06-26,MI,29,129,4
2022-06-25,MI,29,129,4
2022-06-24,MI,30,128,4
2022-06-23,MI,30,128,4
2022-06-22,MI,30,128,4
2022-06-21,MI,30,122,4
2022-06-20,MI,30,122,4
2022-06-19,MI,29,128,4
2022-06-18,MI,29,128,4
2022-06-17,MI,29,128,4
2022-06-16,MI,29,128,4
2022-06-15,MI,26,131,4
2022-06-14,MI,26,126,4
2022-06-13,MI,25,127,4
2022-06-12,MI,25,132,4
2022-06-11,MI,26,131,4
2022-06-10,MI,25,132,4
2022-06-09,MI,25,132,4
2022-06-08,MI,25,132,4
2022-06-07,MI,26,128,4
2022-06-06,MI,27,126,4
2022-06-05,MI,27,130,4
2022-06-04,MI,27,130,4
2022-06-03,MI,26,131,4
2022-06-02,MI,31,125,4
2022-06-01,MI,17,139,4
2022-05-31,MI,26,126,4
2022-05-30,MI,16,136,4
2022-05-29,MI,18,140,4
2022-05-28,MI,17,141,4
2022-05-27,MI,25,133,4
2022-05-26,MI,24,134,4
2022-05-25,MI,25,133,4
2022-05-24,MI,34,118,4
2022-05-23,MI,25,125,4
2022-05-22,MI,25,131,4
2022-05-21,MI,25,132,4
2022-05-20,MI,26,131,4
2022-05-19,MI,34,123,4
2022-05-18,MI,34,123,4
2022-05-17,MI,26,127,4
2022-05-16,MI,34,119,4
2022-05-15,MI,26,131,4
2022-05-14,MI,25,132,4
2022-05-13,MI,26,132,4
2022-05-12,MI,34,124,4
2022-05-11,MI,34,124,4
2022-05-10,MI,25,127,4
2022-05-09,MI,33,120,4
2022-05-08,MI,24,134,4
2022-05-07,MI,24,134,4
2022-05-06,MI,33,125,4
2022-05-05,MI,32,126,4
2022-05-04,MI,32,126,4
2022-05-03,MI,32,121,4
2022-05-02,MI,24,129,4
2022-05-01,MI,24,134,4
2022-04-30,MI,32,127,4
2022-04-29,MI,25,134,4
2022-04-28,MI,24,135,4
2022-04-27,MI,25,134,4
2022-04-26,MI,33,121,4
2022-04-25,MI,33,121,4
2022-04-24,MI,25,134,4
2022-04-23,MI,24,135,4
2022-04-22,MI,24,135,4
2022-04-21,MI,33,126,4
2022-04-20,MI,25,134,4
2022-04-19,MI,33,120,4
2022-04-18,MI,32,120,4
2022-04-17,MI,24,133,4
2022-04-16,MI,25,132,4
2022-04-15,MI,23,134,4
2022-04-14,MI,32,125,4
2022-04-13,MI,27,130,4
2022-04-12,MI,34,119,4
2022-04-11,MI,34,119,4
2022-04-10,MI,25,134,4
2022-04-09,MI,24,135,4
2022-04-08,MI,34,125,4
2022-04-07,MI,26,133,4
2022-04-06,MI,26,133,4
2022-04-05,MI,34,120,4
2022-04-04,MI,32,122,4
2022-04-03,MI,25,133,4
2022-04-02,MI,31,128,4
2022-04-01,MI,34,125,4
2022-03-31,MI,34,125,4
2022-03-30,MI,26,133,4
2022-03-29,MI,33,122,4
2022-03-28,MI,35,120,4
2022-03-27,MI,25,135,4
2022-03-26,MI,25,135,4
2022-03-25,MI,34,126,4
2022-03-24,MI,34,126,4
2022-03-23,MI,34,126,4
2022-03-22,MI,34,121,4
2022-03-21,MI,34,120,4
2022-03-20,MI,36,123,4
2022-03-19,MI,37,122,4
2022-03-18,MI,34,125,4
2022-03-17,MI,36,123,4
2022-03-16,MI,35,124,4
2022-03-15,MI,36,118,4
2022-03-14,MI,35,119,4
2022-03-13,MI,35,124,4
2022-03-12,MI,35,124,4
2022-03-11,MI,35,124,4
2022-03-10,MI,35,124,4
2022-03-09,MI,35,124,4
2022-03-08,MI,34,120,4
2022-03-07,MI,34,119,4
2022-03-06,MI,34,124,4
2022-03-05,MI,30,128,4
2022-03-04,MI,34,124,4
2022-03-03,MI,33,125,4
2022-03-02,MI,34,124,4
2022-03-01,MI,31,123,4
2022-02-28,MI,34,120,4
2022-02-27,MI,34,125,4
2022-02-26,MI,33,126,4
2022-02-25,MI,34,126,4
2022-02-24,MI,35,125,4
2022-02-23,MI,29,131,4
2022-02-22,MI,36,119,4
2022-02-21,MI,37,118,4
2022-02-20,MI,36,124,4
2022-02-19,MI,35,125,4
2022-02-18,MI,37,123,4
2022-02-17,MI,39,121,4
2022-02-16,MI,38,122,4
2022-02-15,MI,38,117,4
2022-02-14,MI,29,126,4
2022-02-13,MI,36,124,4
2022-02-12,MI,36,124,4
2022-02-11,MI,37,123,4
2022-02-10,MI,37,123,4
2022-02-09,MI,37,123,4
2022-02-08,MI,37,118,4
2022-02-07,MI,46,109,4
2022-02-06,MI,45,114,4
2022-02-05,MI,47,112,4
2022-02-04,MI,47,112,4
2022-02-03,MI,47,112,4
2022-02-02,MI,47,112,4
2022-02-01,MI,40,114,4
2022-01-31,MI,46,109,4
2022-01-30,MI,48,111,4
2022-01-29,MI,48,111,4
2022-01-28,MI,52,107,4
2022-01-27,MI,53,106,4
2022-01-26,MI,44,115,4
2022-01-25,MI,52,102,4
2022-01-24,MI,52,102,4
2022-01-23,MI,54,104,4
2022-01-22,MI,53,105,4
2022-01-21,MI,51,107,4
2022-01-20,MI,45,114,4
2022-01-19,MI,52,107,4
2022-01-18,MI,50,105,4
2022-01-17,MI,51,104,4
2022-01-16,MI,54,106,4
2022-01-15,MI,54,106,4
2022-01-14,MI,53,107,4
2022-01-13,MI,49,111,4
2022-01-12,MI,50,110,4
2022-01-11,MI,50,105,4
2022-01-10,MI,52,103,4
2022-01-09,MI,49,110,4
2022-01-08,MI,47,112,4
2022-01-07,MI,48,111,4
2022-01-06,MI,48,111,4
2022-01-05,MI,47,112,4
2022-01-04,MI,47,108,4
2022-01-03,MI,46,109,4
2022-01-02,MI,45,115,4
2022-01-01,MI,43,117,4
2021-12-31,MI,36,124,4
2021-12-30,MI,36,124,4
2021-12-29,MI,37,123,4
2021-12-28,MI,43,112,4
2021-12-27,MI,43,111,4
2021-12-26,MI,44,115,4
2021-12-25,MI,42,117,4
2021-12-24,MI,41,118,4
2021-12-23,MI,42,116,4
2021-12-22,MI,36,122,4
2021-12-21,MI,44,109,4
2021-12-20,MI,43,111,4
2021-12-19,MI,43,115,4
2021-12-18,MI,44,114,4
2021-12-17,MI,42,116,4
2021-12-16,MI,40,118,4
2021-12-15,MI,41,117,4
2021-12-14,MI,37,118,4
2021-12-13,MI,31,124,4
2021-12-12,MI,37,122,4
2021-12-11,MI,37,122,4
2021-12-10,MI,32,127,4
2021-12-09,MI,34,125,4
2021-12-08,MI,31,128,4
2021-12-07,MI,35,119,4
2021-12-06,MI,27,127,4
2021-12-05,MI,30,128,4
2021-12-04,MI,26,133,4
2021-12-03,MI,27,132,4
2021-12-02,MI,31,128,4
2021-12-01,MI,29,130,4
2021-11-30,MI,23,132,4
2021-11-29,MI,24,131,4
2021-11-28,MI,23,137,4
2021-11-27,MI,23,136,5
2021-11-26,MI,23,135,6
2021-11-25,MI,22,136,6
2021-11-24,MI,24,136,4
2021-11-23,MI,24,130,5
2021-11-22,MI,23,131,5
2021-11-21,MI,23,136,5
2021-11-20,MI,22,137,5
2021-11-19,MI,22,138,4
2021-11-18,MI,20,140,4
2021-11-17,MI,13,147,4
2021-11-16,MI,14,142,4
2021-11-15,MI,6,150,4
2021-11-14,MI,7,152,4
2021-11-13,MI,6,152,5
2021-11-12,MI,6,153,4
2021-11-11,MI,6,153,4
2021-11-10,MI,14,145,4
2021-11-09,MI,6,150,4
2021-11-08,MI,6,150,4
2021-11-07,MI,6,146,12
2021-11-06,MI,6,154,4
2021-11-05,MI,6,154,4
2021-11-04,MI,6,154,4
2021-11-03,MI,6,154,4
2021-11-02,MI,6,149,4
2021-11-01,MI,6,148,4
2021-10-31,MI,6,154,4
2021-10-30,MI,6,154,4
2021-10-29,MI,6,154,4
2021-10-28,MI,6,154,4
2021-10-27,MI,6,154,4
2021-10-26,MI,6,149,4
2021-10-25,MI,6,149,4
2021-10-24,MI,6,153,4
2021-10-23,MI,6,153,4
2021-10-22,MI,6,153,4
2021-10-21,MI,6,153,4
2021-10-20,MI,6,153,4
2021-10-19,MI,7,147,5
2021-10-18,MI,7,148,4
2021-10-17,MI,6,151,7
2021-10-16,MI,6,150,8
2021-10-15,MI,7,153,4
2021-10-14,MI,7,153,4
2021-10-13,MI,6,154,4
2021-10-12,MI,6,149,4
2021-10-11,MI,6,149,4
2021-10-10,MI,6,149,8
2021-10-09,MI,6,153,4
2021-10-08,MI,6,153,4
2021-10-07,MI,6,153,4
2021-10-06,MI,6,153,4
2021-10-05,MI,6,149,4
2021-10-04,MI,6,149,4
2021-10-03,MI,5,155,4
2021-10-02,MI,5,155,4
2021-10-01,MI,5,155,4
2021-09-30,MI,5,155,4
2021-09-29,MI,5,155,4
2021-09-28,MI,5,150,4
2021-09-27,MI,5,150,4
2021-09-26,MI,5,155,4
2021-09-25,MI,5,155,4
2021-09-24,MI,5,155,4
2021-09-23,MI,5,148,11
2021-09-22,MI,5,155,4
2021-09-21,MI,5,150,4
2021-09-20,MI,5,150,4
2021-09-19,MI,5,155,4
2021-09-18,MI,5,155,4
2021-09-17,MI,5,155,4
2021-09-16,MI,5,155,4
2021-09-15,MI,5,155,4
2021-09-14,MI,6,149,4
2021-09-13,MI,5,150,4
2021-09-12,MI,5,146,12
2021-09-11,MI,5,147,11
2021-09-10,MI,5,154,4
2021-09-09,MI,5,154,4
2021-09-08,MI,5,154,4
2021-09-07,MI,5,150,4
2021-09-06,MI,5,150,4
2021-09-05,MI,5,155,4
2021-09-04,MI,5,155,4
2021-09-03,MI,5,155,4
2021-09-02,MI,5,155,4
2021-09-01,MI,5,155,4
2021-08-31,MI,6,149,4
2021-08-30,MI,5,150,4
2021-08-29,MI,5,154,4
2021-08-28,MI,5,154,4
2021-08-27,MI,5,150,8
2021-08-26,MI,5,154,4
2021-08-25,MI,5,154,4
2021-08-24,MI,5,150,4
2021-08-23,MI,5,151,4
2021-08-22,MI,5,155,4
2021-08-21,MI,5,155,4
2021-08-20,MI,5,155,4
2021-08-19,MI,4,156,4
2021-08-18,MI,4,156,4
2021-08-17,MI,4,151,4
2021-08-16,MI,4,151,4
2021-08-15,MI,4,156,4
2021-08-14,MI,4,156,4
2021-08-13,MI,4,156,4
2021-08-12,MI,4,156,4
2021-08-11,MI,4,156,4
2021-08-10,MI,4,151,4
2021-08-09,MI,4,151,4
2021-08-08,MI,4,156,4
2021-08-07,MI,4,156,4
2021-08-06,MI,4,156,4
2021-08-05,MI,4,156,4
2021-08-04,MI,4,156,4
2021-08-03,MI,4,151,4
2021-08-02,MI,4,151,4
2021-08-01,MI,4,155,4
2021-07-31,MI,4,155,4
2021-07-30,MI,5,154,4
2021-07-29,MI,6,153,4
2021-07-28,MI,6,153,4
2021-07-27,MI,5,150,4
2021-07-26,MI,5,150,4
2021-07-25,MI,5,155,4
2021-07-24,MI,5,155,4
2021-07-23,MI,5,155,4
2021-07-22,MI,5,155,4
2021-07-21,MI,5,155,4
2021-07-20,MI,5,150,4
2021-07-19,MI,5,150,4
2021-07-18,MI,5,155,4
2021-07-17,MI,5,155,4
2021-07-16,MI,6,154,4
2021-07-15,MI,5,155,4
2021-07-14,MI,5,155,4
2021-07-13,MI,5,150,4
2021-07-12,MI,5,150,4
2021-07-11,MI,5,155,4
2021-07-10,MI,5,155,4
2021-07-09,MI,5,155,4
2021-07-08,MI,6,154,4
2021-07-07,MI,6,154,4
2021-07-06,MI,6,149,4
2021-07-05,MI,5,150,4
2021-07-04,MI,5,155,4
2021-07-03,MI,4,156,4
2021-07-02,MI,5,155,4
2021-07-01,MI,5,155,4
2021-06-30,MI,5,155,4
2021-06-29,MI,5,150,4
2021-06-28,MI,4,151,4
2021-06-27,MI,6,154,4
2021-06-26,MI,6,154,4
2021-06-25,MI,5,155,4
2021-06-24,MI,5,155,4
2021-06-23,MI,6,154,4
2021-06-22,MI,5,150,4
2021-06-21,MI,6,149,4
2021-06-20,MI,6,154,4
2021-06-19,MI,6,154,4
2021-06-18,MI,6,154,4
2021-06-17,MI,6,154,4
2021-06-16,MI,6,154,4
2021-06-15,MI,6,149,4
2021-06-14,MI,5,150,4
2021-06-13,MI,6,154,4
2021-06-12,MI,6,154,4
2021-06-11,MI,5,155,4
2021-06-10,MI,4,156,4
2021-06-09,MI,4,156,4
2021-06-08,MI,4,151,4
2021-06-07,MI,4,151,4
2021-06-06,MI,13,147,4
2021-06-05,MI,12,148,4
2021-06-04,MI,4,156,4
2021-06-03,MI,12,148,4
2021-06-02,MI,12,148,4
2021-06-01,MI,12,144,4
2021-05-31,MI,13,143,4
2021-05-30,MI,13,146,4
2021-05-29,MI,13,146,4
2021-05-28,MI,12,147,4
2021-05-27,MI,12,147,4
2021-05-26,MI,12,147,4
2021-05-25,MI,12,143,4
2021-05-24,MI,12,143,4
2021-05-23,MI,13,146,4
2021-05-22,MI,13,146,4
2021-05-21,MI,13,146,4
2021-05-20,MI,13,146,4
2021-05-19,MI,13,146,4
2021-05-18,MI,12,142,4
2021-05-17,MI,12,142,4
2021-05-16,MI,13,147,4
2021-05-15,MI,13,147,4
2021-05-14,MI,13,147,4
2021-05-13,MI,13,147,4
2021-05-12,MI,13,147,4
2021-05-11,MI,3,151,4
2021-05-10,MI,7,147,4
2021-05-09,MI,4,156,4
2021-05-08,MI,4,156,4
2021-05-07,MI,4,156,4
2021-05-06,MI,12,148,4
2021-05-05,MI,13,147,4
2021-05-04,MI,12,143,4
2021-05-03,MI,12,143,4
2021-05-02,MI,14,146,4
2021-05-01,MI,14,146,4
2021-04-30,MI,14,146,4
2021-04-29,MI,14,146,4
2021-04-28,MI,14,146,4
2021-04-27,MI,13,140,4
2021-04-26,MI,13,140,4
2021-04-25,MI,14,146,4
2021-04-24,MI,14,146,4
2021-04-23,MI,14,146,4
2021-04-22,MI,14,146,4
2021-04-21,MI,14,146,4
2021-04-20,MI,13,141,4
2021-04-19,MI,13,140,4
2021-04-18,MI,14,146,4
2021-04-17,MI,14,146,4
2021-04-16,MI,15,145,4
2021-04-15,MI,15,145,4
2021-04-14,MI,14,146,4
2021-04-13,MI,12,142,4
2021-04-12,MI,13,141,4
2021-04-11,MI,16,143,4
2021-04-10,MI,16,143,4
2021-04-09,MI,17,142,4
2021-04-08,MI,13,146,4
2021-04-07,MI,4,155,4
2021-04-06,MI,4,150,4
2021-04-05,MI,3,151,4
2021-04-04,MI,3,157,4
2021-04-03,MI,3,157,4
2021-04-02,MI,3,157,4
2021-04-01,MI,3,157,4
2021-03-31,MI,3,157,4
2021-03-30,MI,3,152,4
2021-03-29,MI,3,152,4
2021-03-28,MI,3,157,4
2021-03-27,MI,3,157,4
2021-03-26,MI,3,157,4
2021-03-25,MI,3,157,4
2021-03-24,MI,3,157,4
2021-03-23,MI,3,151,4
2021-03-22,MI,3,151,4
2021-03-21,MI,3,157,4
2021-03-20,MI,3,157,4
2021-03-19,MI,2,158,4
2021-03-18,MI,2,158,4
2021-03-17,MI,2,158,4
2021-03-16,MI,2,152,4
2021-03-15,MI,2,152,4
2021-03-14,MI,2,158,4
2021-03-13,MI,2,158,4
2021-03-12,MI,2,158,4
2021-03-11,MI,2,158,4
2021-03-10,MI,2,159,3
2021-03-09,MI,2,154,4
2021-03-08,MI,2,154,4
2021-03-07,MI,3,157,4
2021-03-06,MI,2,158,4
2021-03-05,MI,2,159,3
2021-03-04,MI,2,158,4
2021-03-03,MI,2,158,4
2021-03-02,MI,2,153,4
2021-03-01,MI,3,152,4
2021-02-28,MI,3,157,4
2021-02-27,MI,3,157,4
2021-02-26,MI,3,157,4
2021-02-25,MI,3,157,4
2021-02-24,MI,3,157,4
2021-02-23,MI,3,151,4
2021-02-22,MI,3,152,4
2021-02-21,MI,4,156,4
2021-02-20,MI,4,156,4
2021-02-19,MI,4,156,4
2021-02-18,MI,4,156,4
2021-02-17,MI,5,155,4
2021-02-16,MI,6,148,4
2021-02-15,MI,6,148,4
2021-02-14,MI,6,154,4
2021-02-13,MI,6,154,4
2021-02-12,MI,6,154,4
2021-02-11,MI,6,154,4
2021-02-10,MI,6,154,4
2021-02-09,MI,13,142,4
2021-02-08,MI,13,143,4
2021-02-07,MI,13,147,4
2021-02-06,MI,14,146,4
2021-02-05,MI,13,147,4
2021-02-04,MI,14,146,4
2021-02-03,MI,13,146,4
2021-02-02,MI,13,144,4
2021-02-01,MI,24,133,4
2021-01-31,MI,26,134,4
2021-01-30,MI,26,134,4
2021-01-29,MI,26,134,4
2021-01-28,MI,26,133,4
2021-01-27,MI,26,133,4
2021-01-26,MI,25,131,4
2021-01-25,MI,25,131,4
2021-01-24,MI,25,135,4
2021-01-23,MI,25,135,4
2021-01-22,MI,25,135,4
2021-01-21,MI,26,134,4
2021-01-20,MI,25,135,4
2021-01-19,MI,25,132,4
2021-01-18,MI,25,131,4
2021-01-17,MI,25,135,4
2021-01-16,MI,25,135,4
2021-01-15,MI,24,136,4
2021-01-14,MI,24,135,4
2021-01-13,MI,25,135,4
2021-01-12,MI,25,132,4
2021-01-11,MI,23,133,4
2021-01-10,MI,25,135,4
2021-01-09,MI,24,136,4
2021-01-08,MI,24,136,4
2021-01-07,MI,23,136,4
2021-01-06,MI,24,134,4
2021-01-05,MI,24,130,4
2021-01-04,MI,25,128,4
2021-01-03,MI,25,133,4
2021-01-02,MI,25,133,4
2021-01-01,MI,25,133,4
2020-12-31,MI,25,133,4
2020-12-30,MI,25,134,4
2020-12-29,MI,26,128,4
2020-12-28,MI,27,127,4
2020-12-27,MI,27,131,4
2020-12-26,MI,27,131,4
2020-12-25,MI,27,131,4
2020-12-24,MI,27,131,4
2020-12-23,MI,27,131,4
2020-12-22,MI,29,126,4
2020-12-21,MI,31,124,4
2020-12-20,MI,31,128,4
2020-12-19,MI,31,128,4
2020-12-18,MI,31,128,4
2020-12-17,MI,32,126,4
2020-12-16,MI,32,126,4
2020-12-15,MI,32,123,4
2020-12-14,MI,33,122,4
2020-12-13,MI,32,127,4
2020-12-12,MI,31,128,4
2020-12-11,MI,33,126,4
2020-12-10,MI,32,126,4
2020-12-09,MI,33,125,4
2020-12-08,MI,33,123,4
2020-12-07,MI,31,125,4
2020-12-06,MI,32,127,4
2020-12-05,MI,33,126,4
2020-12-04,MI,34,125,4
2020-12-03,MI,30,128,4
2020-12-02,MI,25,133,4
2020-12-01,MI,18,137,4
2020-11-30,MI,17,138,4
2020-11-29,MI,15,144,4
2020-11-28,MI,15,144,4
2020-11-27,MI,16,143,4
2020-11-26,MI,15,144,4
2020-11-25,MI,16,143,4
2020-11-24,MI,17,139,4
2020-11-23,MI,19,137,4
2020-11-22,MI,17,142,4
2020-11-21,MI,17,142,4
2020-11-20,MI,19,140,4
2020-11-19,MI,18,140,4
2020-11-18,MI,18,140,4
2020-11-17,MI,19,137,4
2020-11-16,MI,18,138,4
2020-11-15,MI,16,143,4
2020-11-14,MI,16,144,4
2020-11-13,MI,18,142,4
2020-11-12,MI,19,140,4
2020-11-11,MI,19,140,4
2020-11-10,MI,18,139,4
2020-11-09,MI,15,142,4
2020-11-08,MI,14,146,4
2020-11-07,MI,14,146,4
2020-11-06,MI,15,145,4
2020-11-05,MI,13,146,4
2020-11-04,MI,13,146,4
2020-11-03,MI,12,145,4
2020-11-02,MI,12,143,4
2020-11-01,MI,11,145,5
2020-10-31,MI,11,144,6
2020-10-30,MI,11,144,6
2020-10-29,MI,11,144,5
2020-10-28,MI,11,143,5
2020-10-27,MI,11,139,7
2020-10-26,MI,9,138,7
2020-10-25,MI,8,140,8
2020-10-24,MI,8,140,8
2020-10-23,MI,8,140,8
2020-10-22,MI,7,141,8
2020-10-21,MI,9,139,8
2020-10-20,MI,8,139,7
2020-10-19,MI,12,136,7
2020-10-18,MI,12,137,7
2020-10-17,MI,12,137,7
2020-10-16,MI,6,144,6
2020-10-15,MI,8,142,5
2020-10-14,MI,6,144,5
2020-10-13,MI,7,141,6
2020-10-12,MI,6,141,6
2020-10-11,MI,7,140,6
2020-10-10,MI,6,141,6
2020-10-09,MI,6,137,10
2020-10-08,MI,6,138,9
2020-10-07,MI,6,136,9
2020-10-06,MI,6,137,9
2020-10-05,MI,6,136,9
2020-10-04,MI,7,136,9
2020-10-03,MI,7,134,11
2020-10-02,MI,7,137,9
2020-10-01,MI,7,122,23
2020-09-30,MI,7,135,11
2020-09-29,MI,7,122,24
2020-09-28,MI,7,121,26
2020-09-27,MI,7,118,27
2020-09-26,MI,6,120,27
2020-09-25,MI,7,122,24
2020-09-24,MI,6,123,24
2020-09-23,MI,6,121,26
2020-09-22,MI,7,119,27
2020-09-21,MI,6,122,25
2020-09-20,MI,6,122,25
2020-09-19,MI,5,123,25
2020-09-18,MI,6,122,25
2020-09-17,MI,6,122,25
2020-09-16,MI,6,122,25
2020-09-15,MI,7,121,25
2020-09-14,MI,6,122,25
2020-09-13,MI,4,124,25
2020-09-12,MI,5,123,25
2020-09-11,MI,5,123,25
2020-09-10,MI,5,123,25
2020-09-09,MI,5,121,25
2020-09-08,MI,5,117,27
2020-09-07,MI,6,116,27
2020-09-06,MI,6,116,27
2020-09-05,MI,6,116,27
2020-09-04,MI,6,116,27
2020-09-03,MI,5,117,27
2020-09-02,MI,5,117,27
2020-09-01,MI,5,117,27
2020-08-31,MI,5,116,28
2020-08-30,MI,6,115,28
2020-08-29,MI,6,115,28
2020-08-28,MI,7,114,28
2020-08-27,MI,7,112,30
2020-08-26,MI,7,112,30
2020-08-25,MI,7,112,30
2020-08-24,MI,6,113,30
2020-08-23,MI,6,113,30
2020-08-22,MI,6,113,30
2020-08-21,MI,6,113,31
2020-08-20,MI,7,109,34
2020-08-19,MI,7,110,33
2020-08-18,MI,8,110,31
2020-08-17,MI,7,110,27
2020-08-16,MI,6,113,26
2020-08-15,MI,6,114,26
2020-08-14,MI,6,115,25
2020-08-13,MI,7,114,25
2020-08-12,MI,7,114,25
2020-08-11,MI,7,116,23
2020-08-10,MI,8,115,22
2020-08-09,MI,8,117,21
2020-08-08,MI,8,117,21
2020-08-07,MI,7,120,21
2020-08-06,MI,7,118,23
2020-08-05,MI,7,117,23
2020-08-04,MI,6,117,24
2020-08-03,MI,7,82,52
2020-08-02,MI,6,83,51
2020-08-01,MI,7,82,51
2023-04-10,MN,8,78,40
2023-04-09,MN,8,79,40
2023-04-08,MN,8,79,40
2023-04-07,MN,8,79,40
2023-04-06,MN,8,79,41
2023-04-05,MN,8,80,40
2023-04-04,MN,8,79,41
2023-04-03,MN,8,79,41
2023-04-02,MN,8,79,41
2023-04-01,MN,8,79,41
2023-03-31,MN,8,79,41
2023-03-30,MN,8,79,41
2023-03-29,MN,8,80,40
2023-03-28,MN,8,79,41
2023-03-27,MN,8,79,41
2023-03-26,MN,8,79,41
2023-03-25,MN,8,79,41
2023-03-24,MN,8,79,41
2023-03-23,MN,8,79,41
2023-03-22,MN,8,80,40
2023-03-21,MN,8,79,41
2023-03-20,MN,8,79,41
2023-03-19,MN,8,79,41
2023-03-18,MN,8,82,38
2023-03-17,MN,8,79,41
2023-03-16,MN,8,79,41
2023-03-15,MN,8,80,40
2023-03-14,MN,8,78,42
2023-03-13,MN,8,78,42
2023-03-12,MN,8,78,42
2023-03-11,MN,8,78,42
2023-03-10,MN,8,78,42
2023-03-09,MN,8,78,42
2023-03-08,MN,8,79,41
2023-03-07,MN,8,78,42
2023-03-06,MN,8,78,42
2023-03-05,MN,8,78,42
2023-03-04,MN,8,78,42
2023-03-03,MN,8,78,42
2023-03-02,MN,8,78,42
2023-03-01,MN,8,79,41
2023-02-28,MN,8,78,42
2023-02-27,MN,8,78,42
2023-02-26,MN,8,78,42
2023-02-25,MN,8,78,42
2023-02-24,MN,9,77,42
2023-02-23,MN,8,78,42
2023-02-22,MN,8,79,41
2023-02-21,MN,8,78,42
2023-02-20,MN,8,78,42
2023-02-19,MN,8,78,42
2023-02-18,MN,8,78,42
2023-02-17,MN,9,77,42
2023-02-16,MN,9,77,42
2023-02-15,MN,9,78,41
2023-02-14,MN,9,77,42
2023-02-13,MN,9,77,42
2023-02-12,MN,9,77,42
2023-02-11,MN,9,77,42
2023-02-10,MN,9,77,42
2023-02-09,MN,9,77,42
2023-02-08,MN,9,78,41
2023-02-07,MN,9,77,42
2023-02-06,MN,9,77,42
2023-02-05,MN,9,77,42
2023-02-04,MN,9,77,42
2023-02-03,MN,9,77,42
2023-02-02,MN,9,78,41
2023-02-01,MN,9,79,40
2023-01-31,MN,8,76,44
2023-01-30,MN,8,76,44
2023-01-29,MN,8,76,44
2023-01-28,MN,8,76,44
2023-01-27,MN,8,76,44
2023-01-26,MN,8,76,44
2023-01-25,MN,9,77,42
2023-01-24,MN,8,76,44
2023-01-23,MN,8,76,44
2023-01-22,MN,8,76,44
2023-01-21,MN,8,76,44
2023-01-20,MN,9,76,43
2023-01-19,MN,9,76,43
2023-01-18,MN,9,77,42
2023-01-17,MN,9,76,43
2023-01-16,MN,9,76,43
2023-01-15,MN,9,76,43
2023-01-14,MN,9,76,43
2023-01-13,MN,9,76,43
2023-01-12,MN,9,76,43
2023-01-11,MN,9,77,42
2023-01-10,MN,8,76,44
2023-01-09,MN,8,76,44
2023-01-08,MN,9,76,43
2023-01-07,MN,9,76,43
2023-01-06,MN,8,76,44
2023-01-05,MN,8,76,44
2023-01-04,MN,9,77,42
2023-01-03,MN,8,75,45
2023-01-02,MN,8,76,44
2023-01-01,MN,8,75,45
2022-12-31,MN,8,76,43
2022-12-30,MN,8,76,43
2022-12-29,MN,8,76,44
2022-12-28,MN,9,77,42
2022-12-27,MN,9,76,43
2022-12-26,MN,9,76,43
2022-12-25,MN,9,76,43
2022-12-24,MN,9,76,43
2022-12-23,MN,9,76,43
2022-12-22,MN,9,76,43
2022-12-21,MN,9,77,42
2022-12-20,MN,8,76,44
2022-12-19,MN,8,76,44
2022-12-18,MN,8,78,45
2022-12-17,MN,8,78,45
2022-12-16,MN,8,78,45
2022-12-15,MN,8,78,45
2022-12-14,MN,9,78,43
2022-12-13,MN,8,77,45
2022-12-12,MN,8,77,45
2022-12-11,MN,8,77,45
2022-12-10,MN,8,77,45
2022-12-09,MN,8,77,45
2022-12-08,MN,8,76,46
2022-12-07,MN,10,77,43
2022-12-06,MN,9,76,45
2022-12-05,MN,9,76,45
2022-12-04,MN,9,76,45
2022-12-03,MN,9,76,45
2022-12-02,MN,8,77,45
2022-12-01,MN,9,77,44
2022-11-30,MN,9,78,43
2022-11-29,MN,9,77,44
2022-11-28,MN,9,77,44
2022-11-27,MN,9,77,44
2022-11-26,MN,9,77,44
2022-11-25,MN,9,77,44
2022-11-24,MN,9,77,44
2022-11-23,MN,9,78,43
2022-11-22,MN,9,77,44
2022-11-21,MN,9,77,44
2022-11-20,MN,9,77,44
2022-11-19,MN,9,66,55
2022-11-18,MN,9,77,44
2022-11-17,MN,9,77,44
2022-11-16,MN,9,78,43
2022-11-15,MN,9,79,42
2022-11-14,MN,9,79,42
2022-11-13,MN,9,68,53
2022-11-12,MN,9,68,53
2022-11-11,MN,9,79,42
2022-11-10,MN,9,79,42
2022-11-09,MN,9,80,41
2022-11-08,MN,9,79,42
2022-11-07,MN,9,79,42
2022-11-06,MN,9,79,42
2022-11-05,MN,9,79,42
2022-11-04,MN,9,79,42
2022-11-03,MN,9,79,42
2022-11-02,MN,9,82,39
2022-11-01,MN,20,80,30
2022-10-31,MN,20,81,29
2022-10-30,MN,20,80,30
2022-10-29,MN,21,79,30
2022-10-28,MN,21,79,30
2022-10-27,MN,21,78,31
2022-10-26,MN,21,79,30
2022-10-25,MN,21,78,31
2022-10-24,MN,21,78,31
2022-10-23,MN,22,80,31
2022-10-22,MN,22,80,31
2022-10-21,MN,22,80,31
2022-10-20,MN,22,80,31
2022-10-19,MN,22,81,30
2022-10-18,MN,21,78,31
2022-10-17,MN,21,78,31
2022-10-16,MN,22,86,31
2022-10-15,MN,22,86,31
2022-10-14,MN,22,86,31
2022-10-13,MN,22,86,31
2022-10-12,MN,22,87,30
2022-10-11,MN,22,78,31
2022-10-10,MN,22,78,31
2022-10-09,MN,22,86,31
2022-10-08,MN,22,86,31
2022-10-07,MN,22,86,31
2022-10-06,MN,21,86,31
2022-10-05,MN,21,87,30
2022-10-04,MN,21,78,31
2022-10-03,MN,21,78,31
2022-10-02,MN,22,84,31
2022-10-01,MN,22,84,31
2022-09-30,MN,22,84,31
2022-09-29,MN,22,84,31
2022-09-28,MN,22,85,30
2022-09-27,MN,21,78,31
2022-09-26,MN,22,78,31
2022-09-25,MN,22,86,31
2022-09-24,MN,22,86,31
2022-09-23,MN,22,86,31
2022-09-22,MN,22,86,31
2022-09-21,MN,21,87,30
2022-09-20,MN,21,78,31
2022-09-19,MN,21,78,31
2022-09-18,MN,21,85,31
2022-09-17,MN,22,84,31
2022-09-16,MN,21,85,31
2022-09-15,MN,22,84,31
2022-09-14,MN,20,87,30
2022-09-13,MN,20,79,31
2022-09-12,MN,20,79,31
2022-09-11,MN,21,87,31
2022-09-10,MN,21,87,31
2022-09-09,MN,21,87,31
2022-09-08,MN,21,87,31
2022-09-07,MN,21,88,30
2022-09-06,MN,20,79,31
2022-09-05,MN,20,79,31
2022-09-04,MN,21,85,31
2022-09-03,MN,21,85,31
2022-09-02,MN,21,85,31
2022-09-01,MN,21,85,31
2022-08-31,MN,21,86,30
2022-08-30,MN,20,79,31
2022-08-29,MN,20,79,31
2022-08-28,MN,20,88,31
2022-08-27,MN,20,88,31
2022-08-26,MN,20,88,31
2022-08-25,MN,20,88,31
2022-08-24,MN,20,89,30
2022-08-23,MN,20,79,31
2022-08-22,MN,20,78,32
2022-08-21,MN,20,86,32
2022-08-20,MN,20,87,31
2022-08-19,MN,20,87,31
2022-08-18,MN,20,87,31
2022-08-17,MN,20,88,30
2022-08-16,MN,20,79,31
2022-08-15,MN,20,79,31
2022-08-14,MN,20,88,31
2022-08-13,MN,20,88,31
2022-08-12,MN,20,88,31
2022-08-11,MN,20,88,31
2022-08-10,MN,20,90,29
2022-08-09,MN,20,79,31
2022-08-08,MN,20,79,31
2022-08-07,MN,20,88,31
2022-08-06,MN,20,88,31
2022-08-05,MN,19,89,31
2022-08-04,MN,20,89,30
2022-08-03,MN,17,93,29
2022-08-02,MN,20,80,30
2022-08-01,MN,20,80,30
2022-07-31,MN,21,88,30
2022-07-30,MN,21,88,30
2022-07-29,MN,21,88,30
2022-07-28,MN,21,88,30
2022-07-27,MN,21,89,29
2022-07-26,MN,20,80,30
2022-07-25,MN,20,80,30
2022-07-24,MN,21,88,30
2022-07-23,MN,21,88,30
2022-07-22,MN,21,88,30
2022-07-21,MN,21,88,30
2022-07-20,MN,21,89,29
2022-07-19,MN,20,80,30
2022-07-18,MN,20,80,30
2022-07-17,MN,21,88,30
2022-07-16,MN,21,88,30
2022-07-15,MN,21,88,30
2022-07-14,MN,21,88,30
2022-07-13,MN,21,89,29
2022-07-12,MN,20,80,30
2022-07-11,MN,20,80,30
2022-07-10,MN,21,88,30
2022-07-09,MN,21,88,30
2022-07-08,MN,21,88,30
2022-07-07,MN,21,88,30
2022-07-06,MN,21,89,29
2022-07-05,MN,20,80,30
2022-07-04,MN,22,87,21
2022-07-03,MN,21,88,30
2022-07-02,MN,21,88,30
2022-07-01,MN,21,88,30
2022-06-30,MN,21,88,30
2022-06-29,MN,21,89,29
2022-06-28,MN,20,80,30
2022-06-27,MN,20,80,30
2022-06-26,MN,21,88,30
2022-06-25,MN,21,88,30
2022-06-24,MN,22,87,30
2022-06-23,MN,22,87,30
2022-06-22,MN,22,88,29
2022-06-21,MN,20,81,30
2022-06-20,MN,20,81,30
2022-06-19,MN,21,88,30
2022-06-18,MN,21,88,30
2022-06-17,MN,21,88,30
2022-06-16,MN,21,88,30
2022-06-15,MN,21,89,29
2022-06-14,MN,20,80,30
2022-06-13,MN,20,80,30
2022-06-12,MN,22,87,30
2022-06-11,MN,22,87,30
2022-06-10,MN,22,87,30
2022-06-09,MN,22,87,30
2022-06-08,MN,22,88,29
2022-06-07,MN,21,79,30
2022-06-06,MN,21,79,30
2022-06-05,MN,21,88,30
2022-06-04,MN,21,88,30
2022-06-03,MN,21,88,30
2022-06-02,MN,21,88,30
2022-06-01,MN,21,89,29
2022-05-31,MN,20,80,30
2022-05-30,MN,20,80,30
2022-05-29,MN,21,88,30
2022-05-28,MN,21,88,30
2022-05-27,MN,21,88,30
2022-05-26,MN,21,88,30
2022-05-25,MN,21,89,29
2022-05-24,MN,20,80,30
2022-05-23,MN,20,80,30
2022-05-22,MN,20,89,30
2022-05-21,MN,20,89,30
2022-05-20,MN,20,89,30
2022-05-19,MN,20,89,30
2022-05-18,MN,20,90,29
2022-05-17,MN,20,80,30
2022-05-16,MN,20,80,30
2022-05-15,MN,20,89,30
2022-05-14,MN,20,89,30
2022-05-13,MN,20,89,30
2022-05-12,MN,20,89,30
2022-05-11,MN,20,90,29
2022-05-10,MN,20,80,30
2022-05-09,MN,20,80,30
2022-05-08,MN,20,89,30
2022-05-07,MN,20,89,30
2022-05-06,MN,20,89,30
2022-05-05,MN,20,89,30
2022-05-04,MN,20,90,29
2022-05-03,MN,20,80,30
2022-05-02,MN,20,80,30
2022-05-01,MN,20,89,30
2022-04-30,MN,20,89,30
2022-04-29,MN,20,89,30
2022-04-28,MN,20,89,30
2022-04-27,MN,20,90,29
2022-04-26,MN,20,80,30
2022-04-25,MN,20,80,30
2022-04-24,MN,20,89,30
2022-04-23,MN,20,89,30
2022-04-22,MN,20,89,30
2022-04-21,MN,20,89,30
2022-04-20,MN,20,90,29
2022-04-19,MN,20,81,30
2022-04-18,MN,20,80,30
2022-04-17,MN,20,89,30
2022-04-16,MN,20,89,30
2022-04-15,MN,20,89,30
2022-04-14,MN,20,89,30
2022-04-13,MN,20,90,29
2022-04-12,MN,20,80,30
2022-04-11,MN,20,80,30
2022-04-10,MN,21,88,30
2022-04-09,MN,21,88,30
2022-04-08,MN,21,88,30
2022-04-07,MN,21,88,30
2022-04-06,MN,21,89,29
2022-04-05,MN,20,80,30
2022-04-04,MN,20,80,30
2022-04-03,MN,20,89,30
2022-04-02,MN,20,89,30
2022-04-01,MN,20,89,30
2022-03-31,MN,20,89,30
2022-03-30,MN,20,90,29
2022-03-29,MN,20,80,30
2022-03-28,MN,20,80,30
2022-03-27,MN,21,88,30
2022-03-26,MN,21,88,30
2022-03-25,MN,21,88,30
2022-03-24,MN,21,88,30
2022-03-23,MN,21,89,29
2022-03-22,MN,20,80,30
2022-03-21,MN,20,80,30
2022-03-20,MN,21,88,30
2022-03-19,MN,21,88,30
2022-03-18,MN,21,88,30
2022-03-17,MN,21,88,30
2022-03-16,MN,21,89,29
2022-03-15,MN,19,81,30
2022-03-14,MN,20,82,29
2022-03-13,MN,21,89,29
2022-03-12,MN,21,89,29
2022-03-11,MN,21,89,29
2022-03-10,MN,21,89,29
2022-03-09,MN,21,90,28
2022-03-08,MN,20,81,29
2022-03-07,MN,21,80,29
2022-03-06,MN,22,88,29
2022-03-05,MN,22,88,29
2022-03-04,MN,22,88,29
2022-03-03,MN,22,88,29
2022-03-02,MN,22,89,28
2022-03-01,MN,21,80,29
2022-02-28,MN,20,81,29
2022-02-27,MN,22,88,29
2022-02-26,MN,22,88,29
2022-02-25,MN,22,88,29
2022-02-24,MN,22,88,29
2022-02-23,MN,22,89,28
2022-02-22,MN,21,80,29
2022-02-21,MN,20,81,29
2022-02-20,MN,22,88,29
2022-02-19,MN,22,88,29
2022-02-18,MN,22,88,29
2022-02-17,MN,22,88,29
2022-02-16,MN,23,88,28
2022-02-15,MN,22,79,29
2022-02-14,MN,22,79,29
2022-02-13,MN,23,87,29
2022-02-12,MN,23,87,29
2022-02-11,MN,23,87,29
2022-02-10,MN,23,87,29
2022-02-09,MN,23,88,28
2022-02-08,MN,23,80,27
2022-02-07,MN,23,80,27
2022-02-06,MN,24,88,27
2022-02-05,MN,24,88,27
2022-02-04,MN,24,86,29
2022-02-03,MN,26,72,41
2022-02-02,MN,26,109,4
2022-02-01,MN,23,80,27
2022-01-31,MN,23,82,25
2022-01-30,MN,24,90,25
2022-01-29,MN,24,90,25
2022-01-28,MN,24,90,25
2022-01-27,MN,24,90,25
2022-01-26,MN,24,91,24
2022-01-25,MN,23,83,25
2022-01-24,MN,23,82,25
2022-01-23,MN,24,90,25
2022-01-22,MN,24,90,25
2022-01-21,MN,24,90,25
2022-01-20,MN,24,90,25
2022-01-19,MN,24,91,24
2022-01-18,MN,23,82,25
2022-01-17,MN,24,81,25
2022-01-16,MN,26,88,25
2022-01-15,MN,26,88,25
2022-01-14,MN,26,88,25
2022-01-13,MN,26,88,25
2022-01-12,MN,26,89,24
2022-01-11,MN,25,80,25
2022-01-10,MN,25,80,25
2022-01-09,MN,27,87,25
2022-01-08,MN,27,87,25
2022-01-07,MN,26,88,25
2022-01-06,MN,26,88,25
2022-01-05,MN,25,90,24
2022-01-04,MN,23,82,25
2022-01-03,MN,23,82,25
2022-01-02,MN,24,90,25
2022-01-01,MN,24,90,25
2021-12-31,MN,24,90,25
2021-12-30,MN,24,89,26
2021-12-29,MN,24,90,25
2021-12-28,MN,23,82,25
2021-12-27,MN,23,82,25
2021-12-26,MN,23,91,25
2021-12-25,MN,23,91,25
2021-12-24,MN,23,91,25
2021-12-23,MN,23,91,25
2021-12-22,MN,23,91,25
2021-12-21,MN,22,83,25
2021-12-20,MN,22,83,25
2021-12-19,MN,23,91,25
2021-12-18,MN,23,91,25
2021-12-17,MN,23,91,25
2021-12-16,MN,23,90,26
2021-12-15,MN,23,91,25
2021-12-14,MN,22,82,26
2021-12-13,MN,22,82,26
2021-12-12,MN,24,90,25
2021-12-11,MN,24,90,25
2021-12-10,MN,23,90,26
2021-12-09,MN,23,90,26
2021-12-08,MN,23,91,25
2021-12-07,MN,23,82,25
2021-12-06,MN,24,81,25
2021-12-05,MN,25,89,25
2021-12-04,MN,25,89,25
2021-12-03,MN,25,89,25
2021-12-02,MN,24,90,25
2021-12-01,MN,23,91,25
2021-11-30,MN,22,82,26
2021-11-29,MN,22,83,25
2021-11-28,MN,23,91,25
2021-11-27,MN,23,91,25
2021-11-26,MN,23,91,25
2021-11-25,MN,23,91,25
2021-11-24,MN,23,92,24
2021-11-23,MN,21,84,25
2021-11-22,MN,21,84,25
2021-11-21,MN,21,93,25
2021-11-20,MN,21,93,25
2021-11-19,MN,22,91,26
2021-11-18,MN,18,95,26
2021-11-17,MN,17,96,26
2021-11-16,MN,18,88,25
2021-11-15,MN,16,89,26
2021-11-14,MN,16,98,25
2021-11-13,MN,16,98,25
2021-11-12,MN,16,97,26
2021-11-11,MN,16,98,25
2021-11-10,MN,16,99,24
2021-11-09,MN,16,89,25
2021-11-08,MN,16,89,25
2021-11-07,MN,16,98,25
2021-11-06,MN,16,98,25
2021-11-05,MN,16,97,26
2021-11-04,MN,17,97,25
2021-11-03,MN,16,99,24
2021-11-02,MN,16,89,25
2021-11-01,MN,16,89,25
2021-10-31,MN,16,98,25
2021-10-30,MN,17,97,25
2021-10-29,MN,17,97,25
2021-10-28,MN,16,97,26
2021-10-27,MN,16,98,25
2021-10-26,MN,17,88,25
2021-10-25,MN,17,88,25
2021-10-24,MN,17,97,25
2021-10-23,MN,17,97,25
2021-10-22,MN,16,98,25
2021-10-21,MN,15,98,26
2021-10-20,MN,16,99,24
2021-10-19,MN,14,90,26
2021-10-18,MN,14,90,26
2021-10-17,MN,15,99,25
2021-10-16,MN,15,99,25
2021-10-15,MN,15,99,25
2021-10-14,MN,15,99,25
2021-10-13,MN,15,100,24
2021-10-12,MN,15,90,25
2021-10-11,MN,15,90,25
2021-10-10,MN,15,99,25
2021-10-09,MN,15,99,25
2021-10-08,MN,15,99,25
2021-10-07,MN,14,99,26
2021-10-06,MN,15,100,24
2021-10-05,MN,15,89,26
2021-10-04,MN,16,89,25
2021-10-03,MN,16,98,25
2021-10-02,MN,16,98,25
2021-10-01,MN,15,98,26
2021-09-30,MN,15,98,26
2021-09-29,MN,17,98,24
2021-09-28,MN,16,89,25
2021-09-27,MN,18,87,25
2021-09-26,MN,17,97,25
2021-09-25,MN,17,97,25
2021-09-24,MN,16,98,25
2021-09-23,MN,16,98,25
2021-09-22,MN,16,99,24
2021-09-21,MN,14,91,26
2021-09-20,MN,14,91,26
2021-09-19,MN,15,99,25
2021-09-18,MN,15,99,25
2021-09-17,MN,14,99,26
2021-09-16,MN,14,99,26
2021-09-15,MN,15,100,24
2021-09-14,MN,15,90,25
2021-09-13,MN,15,90,25
2021-09-12,MN,15,99,25
2021-09-11,MN,15,99,25
2021-09-10,MN,15,99,25
2021-09-09,MN,15,99,25
2021-09-08,MN,16,99,24
2021-09-07,MN,16,89,25
2021-09-06,MN,16,89,25
2021-09-05,MN,16,98,25
2021-09-04,MN,16,98,25
2021-09-03,MN,16,106,17
2021-09-02,MN,17,106,16
2021-09-01,MN,17,107,15
2021-08-31,MN,17,97,16
2021-08-30,MN,15,99,16
2021-08-29,MN,16,107,16
2021-08-28,MN,16,107,16
2021-08-27,MN,14,99,26
2021-08-26,MN,16,106,17
2021-08-25,MN,17,107,15
2021-08-24,MN,17,97,16
2021-08-23,MN,16,98,16
2021-08-22,MN,15,108,16
2021-08-21,MN,15,108,16
2021-08-20,MN,14,108,17
2021-08-19,MN,16,107,16
2021-08-18,MN,16,108,15
2021-08-17,MN,16,98,16
2021-08-16,MN,16,98,16
2021-08-15,MN,16,107,16
2021-08-14,MN,15,108,16
2021-08-13,MN,14,100,25
2021-08-12,MN,16,107,16
2021-08-11,MN,15,109,15
2021-08-10,MN,15,98,17
2021-08-09,MN,16,98,16
2021-08-08,MN,15,108,16
2021-08-07,MN,15,108,16
2021-08-06,MN,16,107,16
2021-08-05,MN,16,107,16
2021-08-04,MN,16,108,15
2021-08-03,MN,14,91,25
2021-08-02,MN,16,98,16
2021-08-01,MN,16,107,16
2021-07-31,MN,14,109,16
2021-07-30,MN,16,107,16
2021-07-29,MN,15,107,17
2021-07-28,MN,16,108,15
2021-07-27,MN,15,98,17
2021-07-26,MN,14,91,25
2021-07-25,MN,16,107,16
2021-07-24,MN,15,108,16
2021-07-23,MN,16,107,16
2021-07-22,MN,15,108,16
2021-07-21,MN,15,109,15
2021-07-20,MN,15,99,16
2021-07-19,MN,16,98,16
2021-07-18,MN,15,108,16
2021-07-17,MN,15,108,16
2021-07-16,MN,15,108,16
2021-07-15,MN,16,107,16
2021-07-14,MN,15,108,16
2021-07-13,MN,16,98,16
2021-07-12,MN,15,99,16
2021-07-11,MN,14,109,16
2021-07-10,MN,14,109,16
2021-07-09,MN,15,108,16
2021-07-08,MN,15,108,16
2021-07-07,MN,15,109,15
2021-07-06,MN,15,100,16
2021-07-05,MN,15,100,15
2021-07-04,MN,14,101,24
2021-07-03,MN,16,109,14
2021-07-02,MN,15,110,14
2021-07-01,MN,15,110,14
2021-06-30,MN,16,109,14
2021-06-29,MN,14,101,15
2021-06-28,MN,14,101,15
2021-06-27,MN,13,103,23
2021-06-26,MN,14,110,15
2021-06-25,MN,15,109,15
2021-06-24,MN,14,110,15
2021-06-23,MN,13,103,23
2021-06-22,MN,14,101,15
2021-06-21,MN,14,101,15
2021-06-20,MN,15,109,15
2021-06-19,MN,13,111,15
2021-06-18,MN,14,110,15
2021-06-17,MN,13,102,24
2021-06-16,MN,15,110,14
2021-06-15,MN,14,101,15
2021-06-14,MN,15,100,15
2021-06-13,MN,14,110,15
2021-06-12,MN,13,111,15
2021-06-11,MN,13,102,24
2021-06-10,MN,15,109,15
2021-06-09,MN,13,112,14
2021-06-08,MN,15,100,15
2021-06-07,MN,14,100,16
2021-06-06,MN,13,102,24
2021-06-05,MN,13,111,15
2021-06-04,MN,13,111,15
2021-06-03,MN,13,111,15
2021-06-02,MN,13,112,14
2021-06-01,MN,14,102,14
2021-05-31,MN,13,103,14
2021-05-30,MN,13,112,14
2021-05-29,MN,14,111,14
2021-05-28,MN,14,110,15
2021-05-27,MN,14,110,15
2021-05-26,MN,14,111,14
2021-05-25,MN,14,102,14
2021-05-24,MN,13,103,14
2021-05-23,MN,14,102,23
2021-05-22,MN,15,110,14
2021-05-21,MN,14,111,14
2021-05-20,MN,13,103,23
2021-05-19,MN,15,110,14
2021-05-18,MN,13,94,23
2021-05-17,MN,13,103,14
2021-05-16,MN,13,103,23
2021-05-15,MN,13,112,14
2021-05-14,MN,13,103,23
2021-05-13,MN,13,103,23
2021-05-12,MN,13,112,14
2021-05-11,MN,13,103,14
2021-05-10,MN,14,102,14
2021-05-09,MN,14,111,14
2021-05-08,MN,13,103,23
2021-05-07,MN,13,103,23
2021-05-06,MN,15,110,14
2021-05-05,MN,14,111,14
2021-05-04,MN,13,103,14
2021-05-03,MN,13,94,23
2021-05-02,MN,13,112,14
2021-05-01,MN,14,111,14
2021-04-30,MN,15,110,14
2021-04-29,MN,15,110,14
2021-04-28,MN,15,110,14
2021-04-27,MN,14,102,14
2021-04-26,MN,13,102,15
2021-04-25,MN,14,110,15
2021-04-24,MN,15,110,14
2021-04-23,MN,16,109,14
2021-04-22,MN,15,110,14
2021-04-21,MN,16,109,14
2021-04-20,MN,16,100,14
2021-04-19,MN,15,101,14
2021-04-18,MN,15,110,14
2021-04-17,MN,15,110,14
2021-04-16,MN,16,109,14
2021-04-15,MN,16,109,14
2021-04-14,MN,16,109,14
2021-04-13,MN,15,91,24
2021-04-12,MN,16,100,14
2021-04-11,MN,14,111,14
2021-04-10,MN,14,111,14
2021-04-09,MN,14,111,14
2021-04-08,MN,14,111,14
2021-04-07,MN,14,102,23
2021-04-06,MN,15,101,14
2021-04-05,MN,15,101,14
2021-04-04,MN,15,110,14
2021-04-03,MN,15,110,14
2021-04-02,MN,16,109,14
2021-04-01,MN,16,109,14
2021-03-31,MN,15,110,14
2021-03-30,MN,15,100,15
2021-03-29,MN,17,99,14
2021-03-28,MN,16,109,14
2021-03-27,MN,15,110,14
2021-03-26,MN,16,108,15
2021-03-25,MN,19,106,14
2021-03-24,MN,19,106,14
2021-03-23,MN,18,98,14
2021-03-22,MN,18,98,14
2021-03-21,MN,19,106,14
2021-03-20,MN,19,106,14
2021-03-19,MN,19,106,14
2021-03-18,MN,19,106,14
2021-03-17,MN,19,106,14
2021-03-16,MN,19,96,15
2021-03-15,MN,19,97,14
2021-03-14,MN,18,107,14
2021-03-13,MN,18,107,14
2021-03-12,MN,18,107,14
2021-03-11,MN,18,107,14
2021-03-10,MN,18,107,14
2021-03-09,MN,19,97,14
2021-03-08,MN,19,97,14
2021-03-07,MN,19,106,14
2021-03-06,MN,19,106,14
2021-03-05,MN,19,106,14
2021-03-04,MN,19,106,14
2021-03-03,MN,20,106,13
2021-03-02,MN,20,96,14
2021-03-01,MN,20,96,14
2021-02-28,MN,20,105,14
2021-02-27,MN,20,105,14
2021-02-26,MN,20,104,15
2021-02-25,MN,20,103,16
2021-02-24,MN,20,105,14
2021-02-23,MN,20,96,14
2021-02-22,MN,20,94,16
2021-02-21,MN,20,105,14
2021-02-20,MN,21,104,14
2021-02-19,MN,21,104,14
2021-02-18,MN,21,104,14
2021-02-17,MN,20,105,14
2021-02-16,MN,20,96,14
2021-02-15,MN,19,96,15
2021-02-14,MN,20,105,14
2021-02-13,MN,20,104,15
2021-02-12,MN,20,105,14
2021-02-11,MN,20,105,14
2021-02-10,MN,20,104,15
2021-02-09,MN,21,94,15
2021-02-08,MN,20,96,14
2021-02-07,MN,20,105,14
2021-02-06,MN,20,105,14
2021-02-05,MN,20,103,16
2021-02-04,MN,20,105,14
2021-02-03,MN,20,105,14
2021-02-02,MN,20,96,14
2021-02-01,MN,21,96,14
2021-01-31,MN,21,105,13
2021-01-30,MN,21,105,13
2021-01-29,MN,22,104,13
2021-01-28,MN,20,106,13
2021-01-27,MN,20,106,13
2021-01-26,MN,20,96,14
2021-01-25,MN,20,95,15
2021-01-24,MN,21,105,13
2021-01-23,MN,20,106,13
2021-01-22,MN,22,104,13
2021-01-21,MN,20,105,14
2021-01-20,MN,20,105,14
2021-01-19,MN,22,95,13
2021-01-18,MN,21,96,13
2021-01-17,MN,19,106,14
2021-01-16,MN,19,106,14
2021-01-15,MN,20,106,13
2021-01-14,MN,22,103,14
2021-01-13,MN,22,103,14
2021-01-12,MN,22,95,13
2021-01-11,MN,22,94,14
2021-01-10,MN,22,103,14
2021-01-09,MN,23,102,14
2021-01-08,MN,22,103,14
2021-01-07,MN,22,116,1
2021-01-06,MN,21,105,13
2021-01-05,MN,22,95,13
2021-01-04,MN,24,93,13
2021-01-03,MN,22,104,13
2021-01-02,MN,22,104,13
2021-01-01,MN,20,106,13
2020-12-31,MN,23,103,13
2020-12-30,MN,22,104,13
2020-12-29,MN,22,96,13
2020-12-28,MN,22,96,13
2020-12-27,MN,23,103,13
2020-12-26,MN,24,102,13
2020-12-25,MN,24,102,13
2020-12-24,MN,24,102,13
2020-12-23,MN,23,103,13
2020-12-22,MN,24,93,13
2020-12-21,MN,24,93,13
2020-12-20,MN,25,101,13
2020-12-19,MN,26,100,13
2020-12-18,MN,25,100,14
2020-12-17,MN,23,103,13
2020-12-16,MN,25,101,13
2020-12-15,MN,26,91,13
2020-12-14,MN,26,91,13
2020-12-13,MN,24,112,2
2020-12-12,MN,26,110,2
2020-12-11,MN,26,109,3
2020-12-10,MN,26,109,3
2020-12-09,MN,28,107,3
2020-12-08,MN,30,96,3
2020-12-07,MN,30,97,2
2020-12-06,MN,28,108,2
2020-12-05,MN,29,107,2
2020-12-04,MN,29,98,11
2020-12-03,MN,31,104,3
2020-12-02,MN,29,107,2
2020-12-01,MN,30,97,2
2020-11-30,MN,29,97,3
2020-11-29,MN,29,107,2
2020-11-28,MN,28,108,2
2020-11-27,MN,28,108,2
2020-11-26,MN,27,100,11
2020-11-25,MN,26,110,2
2020-11-24,MN,28,99,2
2020-11-23,MN,28,99,2
2020-11-22,MN,27,110,2
2020-11-21,MN,27,110,2
2020-11-20,MN,27,110,2
2020-11-19,MN,28,109,2
2020-11-18,MN,27,110,2
2020-11-17,MN,29,99,2
2020-11-16,MN,29,99,2
2020-11-15,MN,27,110,2
2020-11-14,MN,28,109,2
2020-11-13,MN,29,108,2
2020-11-12,MN,29,108,2
2020-11-11,MN,30,107,2
2020-11-10,MN,26,103,1
2020-11-09,MN,25,104,1
2020-11-08,MN,26,112,1
2020-11-07,MN,24,114,1
2020-11-06,MN,27,111,1
2020-11-05,MN,26,112,1
2020-11-04,MN,26,112,1
2020-11-03,MN,28,100,2
2020-11-02,MN,27,102,1
2020-11-01,MN,26,111,2
2020-10-31,MN,26,112,1
2020-10-30,MN,26,112,1
2020-10-29,MN,26,112,1
2020-10-28,MN,25,112,2
2020-10-27,MN,26,103,1
2020-10-26,MN,26,102,1
2020-10-25,MN,26,102,2
2020-10-24,MN,26,103,1
2020-10-23,MN,26,103,1
2020-10-22,MN,26,103,1
2020-10-21,MN,26,103,1
2020-10-20,MN,28,100,1
2020-10-19,MN,24,104,1
2020-10-18,MN,23,104,2
2020-10-17,MN,25,103,1
2020-10-16,MN,26,101,2
2020-10-15,MN,24,101,4
2020-10-14,MN,24,101,4
2020-10-13,MN,26,99,4
2020-10-12,MN,25,100,4
2020-10-11,MN,22,101,6
2020-10-10,MN,22,102,5
2020-10-09,MN,26,99,4
2020-10-08,MN,27,98,4
2020-10-07,MN,27,100,2
2020-10-06,MN,26,100,3
2020-10-05,MN,26,98,5
2020-10-04,MN,26,99,4
2020-10-03,MN,26,99,4
2020-10-02,MN,28,99,2
2020-10-01,MN,26,98,5
2020-09-30,MN,28,96,5
2020-09-29,MN,27,87,15
2020-09-28,MN,27,88,14
2020-09-27,MN,23,90,16
2020-09-26,MN,22,89,18
2020-09-25,MN,26,89,14
2020-09-24,MN,26,83,20
2020-09-23,MN,23,87,19
2020-09-22,MN,22,87,20
2020-09-21,MN,22,79,28
2020-09-20,MN,22,78,29
2020-09-19,MN,22,77,30
2020-09-18,MN,23,80,26
2020-09-17,MN,20,79,30
2020-09-16,MN,17,81,31
2020-09-15,MN,18,77,34
2020-09-14,MN,18,77,34
2020-09-13,MN,17,76,35
2020-09-12,MN,16,77,35
2020-09-11,MN,16,78,34
2020-09-10,MN,16,76,36
2020-09-09,MN,17,76,35
2020-09-08,MN,16,76,37
2020-09-07,MN,16,79,34
2020-09-06,MN,16,78,35
2020-09-05,MN,16,78,35
2020-09-04,MN,14,80,35
2020-09-03,MN,15,78,36
2020-09-02,MN,15,80,34
2020-09-01,MN,15,79,35
2020-08-31,MN,15,79,35
2020-08-30,MN,14,78,37
2020-08-29,MN,15,78,36
2020-08-28,MN,15,78,36
2020-08-27,MN,11,77,41
2020-08-26,MN,11,78,40
2020-08-25,MN,10,78,41
2020-08-24,MN,10,80,39
2020-08-23,MN,11,76,42
2020-08-22,MN,11,75,43
2020-08-21,MN,9,79,41
2020-08-20,MN,10,75,43
2020-08-19,MN,10,76,42
2020-08-18,MN,10,75,44
2020-08-17,MN,10,75,42
2020-08-16,MN,9,76,43
2020-08-15,MN,9,77,42
2020-08-14,MN,9,79,39
2020-08-13,MN,9,77,41
2020-08-12,MN,10,77,41
2020-08-11,MN,10,76,42
2020-08-10,MN,11,76,41
2020-08-09,MN,10,77,41
2020-08-08,MN,10,75,43
2020-08-07,MN,10,77,41
2020-08-06,MN,11,76,41
2020-08-05,MN,12,76,39
2020-08-04,MN,12,74,41
2020-08-03,MN,11,73,42
2020-08-02,MN,11,74,42
2020-08-01,MN,8,74,43
2023-04-10,MO,21,52,19
2023-04-09,MO,22,56,26
2023-04-08,MO,23,57,26
2023-04-07,MO,24,58,27
2023-04-06,MO,24,59,31
2023-04-05,MO,23,60,32
2023-04-04,MO,23,58,35
2023-04-03,MO,25,57,35
2023-04-02,MO,25,57,35
2023-04-01,MO,25,57,35
2023-03-31,MO,26,56,35
2023-03-30,MO,25,56,36
2023-03-29,MO,27,57,33
2023-03-28,MO,28,53,36
2023-03-27,MO,27,55,35
2023-03-26,MO,27,55,35
2023-03-25,MO,27,55,35
2023-03-24,MO,24,58,36
2023-03-23,MO,26,56,36
2023-03-22,MO,27,58,33
2023-03-21,MO,25,57,36
2023-03-20,MO,26,56,36
2023-03-19,MO,27,58,33
2023-03-18,MO,28,55,35
2023-03-17,MO,27,56,35
2023-03-16,MO,27,55,36
2023-03-15,MO,29,56,33
2023-03-14,MO,28,53,37
2023-03-13,MO,27,56,35
2023-03-12,MO,27,57,35
2023-03-11,MO,27,56,36
2023-03-10,MO,24,59,36
2023-03-09,MO,24,59,36
2023-03-08,MO,25,61,33
2023-03-07,MO,24,59,35
2023-03-06,MO,24,59,35
2023-03-05,MO,24,60,35
2023-03-04,MO,24,60,35
2023-03-03,MO,26,56,37
2023-03-02,MO,26,58,35
2023-03-01,MO,27,59,33
2023-02-28,MO,26,57,35
2023-02-27,MO,26,57,36
2023-02-26,MO,26,58,36
2023-02-25,MO,26,59,35
2023-02-24,MO,26,59,35
2023-02-23,MO,26,59,35
2023-02-22,MO,27,58,34
2023-02-21,MO,26,55,37
2023-02-20,MO,26,56,36
2023-02-19,MO,27,58,35
2023-02-18,MO,26,58,36
2023-02-17,MO,26,58,36
2023-02-16,MO,25,59,36
2023-02-15,MO,27,61,32
2023-02-14,MO,26,56,36
2023-02-13,MO,26,56,36
2023-02-12,MO,27,57,35
2023-02-11,MO,27,57,35
2023-02-10,MO,26,57,36
2023-02-09,MO,27,57,35
2023-02-08,MO,28,59,32
2023-02-07,MO,26,57,35
2023-02-06,MO,26,58,34
2023-02-05,MO,28,57,34
2023-02-04,MO,28,57,34
2023-02-03,MO,26,58,35
2023-02-02,MO,28,56,35
2023-02-01,MO,28,58,33
2023-01-31,MO,27,55,36
2023-01-30,MO,25,57,36
2023-01-29,MO,26,58,35
2023-01-28,MO,26,58,35
2023-01-27,MO,24,60,36
2023-01-26,MO,25,59,36
2023-01-25,MO,27,60,33
2023-01-24,MO,27,58,34
2023-01-23,MO,26,58,35
2023-01-22,MO,26,58,35
2023-01-21,MO,26,58,35
2023-01-20,MO,27,57,35
2023-01-19,MO,27,57,35
2023-01-18,MO,28,59,32
2023-01-17,MO,27,55,36
2023-01-16,MO,25,57,36
2023-01-15,MO,24,60,36
2023-01-14,MO,26,58,37
2023-01-13,MO,27,58,36
2023-01-12,MO,27,58,36
2023-01-11,MO,27,62,32
2023-01-10,MO,27,57,36
2023-01-09,MO,26,58,36
2023-01-08,MO,27,58,36
2023-01-07,MO,27,58,36
2023-01-06,MO,27,58,37
2023-01-05,MO,27,58,36
2023-01-04,MO,28,60,33
2023-01-03,MO,27,57,36
2023-01-02,MO,29,56,35
2023-01-01,MO,27,56,36
2022-12-31,MO,27,56,33
2022-12-30,MO,29,55,32
2022-12-29,MO,31,56,32
2022-12-28,MO,30,55,34
2022-12-27,MO,29,55,35
2022-12-26,MO,28,56,35
2022-12-25,MO,29,56,34
2022-12-24,MO,28,56,35
2022-12-23,MO,30,56,33
2022-12-22,MO,29,57,33
2022-12-21,MO,28,58,33
2022-12-20,MO,27,58,34
2022-12-19,MO,27,58,34
2022-12-18,MO,26,59,34
2022-12-17,MO,26,58,35
2022-12-16,MO,28,58,33
2022-12-15,MO,29,56,34
2022-12-14,MO,30,61,28
2022-12-13,MO,28,62,28
2022-12-12,MO,28,62,28
2022-12-11,MO,27,65,28
2022-12-10,MO,27,65,28
2022-12-09,MO,26,66,28
2022-12-08,MO,27,66,27
2022-12-07,MO,27,65,28
2022-12-06,MO,25,65,28
2022-12-05,MO,26,66,27
2022-12-04,MO,25,68,27
2022-12-03,MO,24,69,27
2022-12-02,MO,28,65,27
2022-12-01,MO,27,66,27
2022-11-30,MO,28,64,27
2022-11-29,MO,27,64,27
2022-11-28,MO,25,66,27
2022-11-27,MO,26,66,27
2022-11-26,MO,26,66,27
2022-11-25,MO,27,65,27
2022-11-24,MO,27,65,27
2022-11-23,MO,27,65,27
2022-11-22,MO,25,66,27
2022-11-21,MO,25,67,27
2022-11-20,MO,25,68,27
2022-11-19,MO,24,70,26
2022-11-18,MO,26,68,26
2022-11-17,MO,26,67,27
2022-11-16,MO,27,65,27
2022-11-15,MO,26,65,27
2022-11-14,MO,26,65,27
2022-11-13,MO,26,67,27
2022-11-12,MO,26,67,27
2022-11-11,MO,26,67,27
2022-11-10,MO,26,67,27
2022-11-09,MO,27,67,26
2022-11-08,MO,26,66,26
2022-11-07,MO,25,67,26
2022-11-06,MO,27,68,26
2022-11-05,MO,26,69,26
2022-11-04,MO,27,68,26
2022-11-03,MO,27,68,26
2022-11-02,MO,27,68,26
2022-11-01,MO,27,65,26
2022-10-31,MO,24,68,26
2022-10-30,MO,25,69,26
2022-10-29,MO,26,68,26
2022-10-28,MO,24,70,26
2022-10-27,MO,26,68,26
2022-10-26,MO,26,68,26
2022-10-25,MO,24,68,26
2022-10-24,MO,24,68,26
2022-10-23,MO,25,70,26
2022-10-22,MO,25,70,26
2022-10-21,MO,26,69,26
2022-10-20,MO,25,70,26
2022-10-19,MO,26,69,26
2022-10-18,MO,26,66,26
2022-10-17,MO,26,67,25
2022-10-16,MO,26,69,25
2022-10-15,MO,25,71,25
2022-10-14,MO,25,71,25
2022-10-13,MO,25,71,25
2022-10-12,MO,28,67,26
2022-10-11,MO,25,68,26
2022-10-10,MO,24,68,26
2022-10-09,MO,25,75,26
2022-10-08,MO,25,77,26
2022-10-07,MO,24,78,26
2022-10-06,MO,26,77,25
2022-10-05,MO,26,76,26
2022-10-04,MO,25,70,26
2022-10-03,MO,26,68,25
2022-10-02,MO,24,71,26
2022-10-01,MO,24,71,26
2022-09-30,MO,25,70,26
2022-09-29,MO,26,70,25
2022-09-28,MO,27,68,26
2022-09-27,MO,25,67,26
2022-09-26,MO,25,67,26
2022-09-25,MO,26,69,26
2022-09-24,MO,26,70,25
2022-09-23,MO,26,69,26
2022-09-22,MO,26,69,26
2022-09-21,MO,27,68,26
2022-09-20,MO,26,67,26
2022-09-19,MO,26,67,26
2022-09-18,MO,26,69,26
2022-09-17,MO,26,69,26
2022-09-16,MO,25,70,25
2022-09-15,MO,27,67,26
2022-09-14,MO,28,66,26
2022-09-13,MO,27,67,26
2022-09-12,MO,27,67,26
2022-09-11,MO,27,70,25
2022-09-10,MO,27,70,25
2022-09-09,MO,26,72,26
2022-09-08,MO,26,72,26
2022-09-07,MO,27,71,26
2022-09-06,MO,25,71,26
2022-09-05,MO,25,72,26
2022-09-04,MO,25,75,26
2022-09-03,MO,24,76,26
2022-09-02,MO,25,75,26
2022-09-01,MO,24,76,26
2022-08-31,MO,25,74,26
2022-08-30,MO,25,71,26
2022-08-29,MO,26,70,26
2022-08-28,MO,27,74,26
2022-08-27,MO,27,74,26
2022-08-26,MO,27,75,26
2022-08-25,MO,27,75,26
2022-08-24,MO,27,75,26
2022-08-23,MO,26,71,26
2022-08-22,MO,27,71,26
2022-08-21,MO,28,82,26
2022-08-20,MO,29,81,26
2022-08-19,MO,29,81,26
2022-08-18,MO,27,83,26
2022-08-17,MO,28,83,25
2022-08-16,MO,26,72,26
2022-08-15,MO,25,73,26
2022-08-14,MO,28,85,26
2022-08-13,MO,28,85,26
2022-08-12,MO,28,85,26
2022-08-11,MO,30,83,26
2022-08-10,MO,31,82,26
2022-08-09,MO,27,71,26
2022-08-08,MO,29,69,26
2022-08-07,MO,32,82,26
2022-08-06,MO,32,82,26
2022-08-05,MO,35,80,25
2022-08-04,MO,34,80,26
2022-08-03,MO,34,80,26
2022-08-02,MO,30,68,26
2022-08-01,MO,31,68,25
2022-07-31,MO,32,84,25
2022-07-30,MO,32,84,25
2022-07-29,MO,32,84,25
2022-07-28,MO,32,84,25
2022-07-27,MO,33,82,26
2022-07-26,MO,32,67,25
2022-07-25,MO,32,66,26
2022-07-24,MO,32,83,26
2022-07-23,MO,31,84,26
2022-07-22,MO,32,83,26
2022-07-21,MO,31,84,26
2022-07-20,MO,34,81,26
2022-07-19,MO,30,68,26
2022-07-18,MO,30,68,26
2022-07-17,MO,31,84,26
2022-07-16,MO,32,83,26
2022-07-15,MO,34,81,26
2022-07-14,MO,34,81,26
2022-07-13,MO,32,84,25
2022-07-12,MO,31,68,25
2022-07-11,MO,30,69,25
2022-07-10,MO,31,85,25
2022-07-09,MO,33,83,25
2022-07-08,MO,32,84,25
2022-07-07,MO,30,86,25
2022-07-06,MO,32,84,25
2022-07-05,MO,29,70,25
2022-07-04,MO,29,70,25
2022-07-03,MO,33,83,25
2022-07-02,MO,34,82,25
2022-07-01,MO,33,83,25
2022-06-30,MO,31,85,25
2022-06-29,MO,32,83,26
2022-06-28,MO,29,72,25
2022-06-27,MO,28,72,25
2022-06-26,MO,30,86,25
2022-06-25,MO,29,87,25
2022-06-24,MO,30,86,25
2022-06-23,MO,33,83,25
2022-06-22,MO,33,82,26
2022-06-21,MO,31,68,25
2022-06-20,MO,31,68,25
2022-06-19,MO,34,82,25
2022-06-18,MO,32,84,25
2022-06-17,MO,33,84,24
2022-06-16,MO,29,88,24
2022-06-15,MO,31,86,24
2022-06-14,MO,30,70,24
2022-06-13,MO,30,70,24
2022-06-12,MO,30,87,24
2022-06-11,MO,31,85,25
2022-06-10,MO,30,86,25
2022-06-09,MO,31,85,25
2022-06-08,MO,32,83,26
2022-06-07,MO,30,69,25
2022-06-06,MO,28,71,25
2022-06-05,MO,29,87,25
2022-06-04,MO,28,88,25
2022-06-03,MO,30,86,25
2022-06-02,MO,28,88,25
2022-06-01,MO,30,85,26
2022-05-31,MO,29,70,25
2022-05-30,MO,27,72,25
2022-05-29,MO,30,86,25
2022-05-28,MO,30,86,25
2022-05-27,MO,33,83,25
2022-05-26,MO,33,83,25
2022-05-25,MO,30,85,26
2022-05-24,MO,28,70,26
2022-05-23,MO,28,70,26
2022-05-22,MO,30,85,26
2022-05-21,MO,30,87,24
2022-05-20,MO,29,87,25
2022-05-19,MO,28,88,25
2022-05-18,MO,31,83,26
2022-05-17,MO,27,71,26
2022-05-16,MO,30,68,25
2022-05-15,MO,29,86,25
2022-05-14,MO,30,85,25
2022-05-13,MO,32,84,25
2022-05-12,MO,32,84,25
2022-05-11,MO,30,85,26
2022-05-10,MO,28,71,25
2022-05-09,MO,30,69,25
2022-05-08,MO,34,82,25
2022-05-07,MO,33,83,25
2022-05-06,MO,32,84,25
2022-05-05,MO,32,84,25
2022-05-04,MO,32,85,24
2022-05-03,MO,28,71,25
2022-05-02,MO,29,70,25
2022-05-01,MO,32,84,25
2022-04-30,MO,33,83,25
2022-04-29,MO,31,85,25
2022-04-28,MO,31,84,26
2022-04-27,MO,33,82,26
2022-04-26,MO,30,68,26
2022-04-25,MO,30,68,26
2022-04-24,MO,33,82,26
2022-04-23,MO,32,83,26
2022-04-22,MO,32,83,26
2022-04-21,MO,32,83,26
2022-04-20,MO,33,83,25
2022-04-19,MO,29,69,26
2022-04-18,MO,29,70,25
2022-04-17,MO,32,84,25
2022-04-16,MO,33,83,25
2022-04-15,MO,36,80,25
2022-04-14,MO,35,81,25
2022-04-13,MO,38,77,26
2022-04-12,MO,32,66,26
2022-04-11,MO,32,66,26
2022-04-10,MO,32,83,26
2022-04-09,MO,32,83,26
2022-04-08,MO,32,83,26
2022-04-07,MO,31,84,26
2022-04-06,MO,31,84,26
2022-04-05,MO,28,70,26
2022-04-04,MO,28,71,25
2022-04-03,MO,34,82,25
2022-04-02,MO,33,82,26
2022-04-01,MO,33,83,25
2022-03-31,MO,36,79,26
2022-03-30,MO,37,78,26
2022-03-29,MO,28,69,26
2022-03-28,MO,29,70,26
2022-03-27,MO,34,81,26
2022-03-26,MO,31,84,26
2022-03-25,MO,33,82,26
2022-03-24,MO,32,84,25
2022-03-23,MO,35,80,26
2022-03-22,MO,32,69,25
2022-03-21,MO,34,66,26
2022-03-20,MO,36,79,26
2022-03-19,MO,37,78,26
2022-03-18,MO,36,79,26
2022-03-17,MO,37,79,25
2022-03-16,MO,37,79,25
2022-03-15,MO,34,66,26
2022-03-14,MO,33,68,25
2022-03-13,MO,35,80,26
2022-03-12,MO,34,82,25
2022-03-11,MO,34,82,25
2022-03-10,MO,34,82,25
2022-03-09,MO,31,85,25
2022-03-08,MO,31,70,25
2022-03-07,MO,33,68,25
2022-03-06,MO,34,81,26
2022-03-05,MO,34,82,25
2022-03-04,MO,37,79,25
2022-03-03,MO,37,79,25
2022-03-02,MO,37,79,25
2022-03-01,MO,34,66,26
2022-02-28,MO,32,68,26
2022-02-27,MO,33,82,26
2022-02-26,MO,36,80,25
2022-02-25,MO,34,82,25
2022-02-24,MO,37,78,26
2022-02-23,MO,36,80,25
2022-02-22,MO,31,71,25
2022-02-21,MO,35,67,25
2022-02-20,MO,35,81,25
2022-02-19,MO,34,82,25
2022-02-18,MO,35,81,25
2022-02-17,MO,32,84,25
2022-02-16,MO,33,83,25
2022-02-15,MO,32,68,25
2022-02-14,MO,37,63,25
2022-02-13,MO,36,80,25
2022-02-12,MO,36,79,26
2022-02-11,MO,39,77,25
2022-02-10,MO,42,74,25
2022-02-09,MO,52,74,15
2022-02-08,MO,41,60,25
2022-02-07,MO,40,61,25
2022-02-06,MO,41,75,25
2022-02-05,MO,41,75,25
2022-02-04,MO,44,72,25
2022-02-03,MO,46,70,25
2022-02-02,MO,44,72,25
2022-02-01,MO,43,57,25
2022-01-31,MO,46,55,25
2022-01-30,MO,45,71,25
2022-01-29,MO,45,71,25
2022-01-28,MO,43,73,25
2022-01-27,MO,44,72,25
2022-01-26,MO,56,70,15
2022-01-25,MO,43,55,26
2022-01-24,MO,43,55,26
2022-01-23,MO,45,71,25
2022-01-22,MO,46,70,25
2022-01-21,MO,48,68,25
2022-01-20,MO,45,70,26
2022-01-19,MO,56,70,15
2022-01-18,MO,41,57,26
2022-01-17,MO,40,59,26
2022-01-16,MO,40,75,26
2022-01-15,MO,44,71,26
2022-01-14,MO,44,71,26
2022-01-13,MO,47,68,26
2022-01-12,MO,56,70,15
2022-01-11,MO,44,56,25
2022-01-10,MO,45,55,25
2022-01-09,MO,45,71,25
2022-01-08,MO,43,73,25
2022-01-07,MO,46,71,24
2022-01-06,MO,45,74,22
2022-01-05,MO,47,73,21
2022-01-04,MO,38,67,19
2022-01-03,MO,37,63,24
2022-01-02,MO,40,79,22
2022-01-01,MO,41,76,24
2021-12-31,MO,40,79,22
2021-12-30,MO,42,78,21
2021-12-29,MO,42,80,19
2021-12-28,MO,34,67,23
2021-12-27,MO,35,67,22
2021-12-26,MO,38,78,25
2021-12-25,MO,37,79,25
2021-12-24,MO,38,78,25
2021-12-23,MO,39,77,25
2021-12-22,MO,38,79,24
2021-12-21,MO,35,65,25
2021-12-20,MO,34,65,26
2021-12-19,MO,36,80,25
2021-12-18,MO,37,79,25
2021-12-17,MO,35,81,25
2021-12-16,MO,34,82,25
2021-12-15,MO,35,81,25
2021-12-14,MO,34,66,25
2021-12-13,MO,33,67,25
2021-12-12,MO,36,80,25
2021-12-11,MO,35,81,25
2021-12-10,MO,35,80,26
2021-12-09,MO,38,78,25
2021-12-08,MO,36,80,25
2021-12-07,MO,36,65,25
2021-12-06,MO,35,65,25
2021-12-05,MO,39,77,25
2021-12-04,MO,37,79,25
2021-12-03,MO,36,80,25
2021-12-02,MO,37,79,25
2021-12-01,MO,35,81,25
2021-11-30,MO,33,66,26
2021-11-29,MO,32,68,25
2021-11-28,MO,34,81,25
2021-11-27,MO,35,80,25
2021-11-26,MO,35,79,26
2021-11-25,MO,33,82,25
2021-11-24,MO,35,79,26
2021-11-23,MO,33,67,25
2021-11-22,MO,31,69,25
2021-11-21,MO,31,84,26
2021-11-20,MO,32,84,25
2021-11-19,MO,34,82,25
2021-11-18,MO,35,81,25
2021-11-17,MO,39,77,25
2021-11-16,MO,33,67,25
2021-11-15,MO,34,66,25
2021-11-14,MO,35,78,26
2021-11-13,MO,34,80,25
2021-11-12,MO,35,79,25
2021-11-11,MO,34,80,25
2021-11-10,MO,32,82,25
2021-11-09,MO,32,67,25
2021-11-08,MO,32,67,25
2021-11-07,MO,33,83,25
2021-11-06,MO,35,81,25
2021-11-05,MO,36,80,25
2021-11-04,MO,35,81,25
2021-11-03,MO,35,81,25
2021-11-02,MO,32,67,26
2021-11-01,MO,32,67,26
2021-10-31,MO,36,80,25
2021-10-30,MO,36,80,25
2021-10-29,MO,37,79,25
2021-10-28,MO,36,81,24
2021-10-27,MO,36,79,26
2021-10-26,MO,33,67,25
2021-10-25,MO,32,68,25
2021-10-24,MO,32,85,24
2021-10-23,MO,33,84,24
2021-10-22,MO,38,78,25
2021-10-21,MO,37,79,25
2021-10-20,MO,37,79,25
2021-10-19,MO,33,68,24
2021-10-18,MO,33,67,26
2021-10-17,MO,32,84,25
2021-10-16,MO,32,84,25
2021-10-15,MO,32,83,26
2021-10-14,MO,35,81,25
2021-10-13,MO,36,80,25
2021-10-12,MO,33,66,25
2021-10-11,MO,31,67,26
2021-10-10,MO,33,83,25
2021-10-09,MO,34,81,26
2021-10-08,MO,37,79,25
2021-10-07,MO,38,78,25
2021-10-06,MO,34,82,25
2021-10-05,MO,30,70,25
2021-10-04,MO,33,67,26
2021-10-03,MO,33,83,25
2021-10-02,MO,33,83,25
2021-10-01,MO,34,81,26
2021-09-30,MO,36,80,25
2021-09-29,MO,38,77,26
2021-09-28,MO,34,65,25
2021-09-27,MO,33,68,24
2021-09-26,MO,34,81,26
2021-09-25,MO,37,79,25
2021-09-24,MO,35,81,25
2021-09-23,MO,36,80,25
2021-09-22,MO,41,76,24
2021-09-21,MO,33,68,24
2021-09-20,MO,33,68,24
2021-09-19,MO,34,82,25
2021-09-18,MO,34,81,26
2021-09-17,MO,37,80,24
2021-09-16,MO,37,80,24
2021-09-15,MO,37,78,26
2021-09-14,MO,33,67,25
2021-09-13,MO,32,68,24
2021-09-12,MO,34,82,25
2021-09-11,MO,35,81,25
2021-09-10,MO,37,79,25
2021-09-09,MO,36,81,24
2021-09-08,MO,34,83,24
2021-09-07,MO,30,70,24
2021-09-06,MO,29,71,25
2021-09-05,MO,32,84,25
2021-09-04,MO,30,86,25
2021-09-03,MO,34,81,26
2021-09-02,MO,35,82,24
2021-09-01,MO,37,78,26
2021-08-31,MO,32,67,25
2021-08-30,MO,33,65,26
2021-08-29,MO,34,82,25
2021-08-28,MO,34,81,26
2021-08-27,MO,37,79,25
2021-08-26,MO,38,78,25
2021-08-25,MO,37,79,25
2021-08-24,MO,32,67,26
2021-08-23,MO,34,67,24
2021-08-22,MO,32,84,25
2021-08-21,MO,35,81,25
2021-08-20,MO,36,81,24
2021-08-19,MO,37,80,24
2021-08-18,MO,38,77,26
2021-08-17,MO,31,70,25
2021-08-16,MO,34,66,25
2021-08-15,MO,35,81,24
2021-08-14,MO,37,79,24
2021-08-13,MO,37,78,25
2021-08-12,MO,38,77,25
2021-08-11,MO,37,78,25
2021-08-10,MO,37,64,24
2021-08-09,MO,36,65,24
2021-08-08,MO,33,82,25
2021-08-07,MO,32,83,25
2021-08-06,MO,34,81,25
2021-08-05,MO,36,79,25
2021-08-04,MO,35,79,25
2021-08-03,MO,31,68,25
2021-08-02,MO,30,70,24
2021-08-01,MO,32,83,24
2021-07-31,MO,30,85,24
2021-07-30,MO,31,83,25
2021-07-29,MO,32,82,25
2021-07-28,MO,35,80,24
2021-07-27,MO,31,69,24
2021-07-26,MO,32,68,24
2021-07-25,MO,32,82,25
2021-07-24,MO,34,80,25
2021-07-23,MO,33,81,25
2021-07-22,MO,32,81,26
2021-07-21,MO,36,78,25
2021-07-20,MO,29,69,25
2021-07-19,MO,30,68,25
2021-07-18,MO,29,85,25
2021-07-17,MO,29,85,25
2021-07-16,MO,33,81,25
2021-07-15,MO,33,81,25
2021-07-14,MO,38,78,24
2021-07-13,MO,33,65,25
2021-07-12,MO,30,69,24
2021-07-11,MO,31,85,24
2021-07-10,MO,32,84,24
2021-07-09,MO,34,81,25
2021-07-08,MO,30,85,25
2021-07-07,MO,34,81,25
2021-07-06,MO,29,70,25
2021-07-05,MO,29,71,24
2021-07-04,MO,30,85,25
2021-07-03,MO,31,85,24
2021-07-02,MO,31,84,25
2021-07-01,MO,28,87,25
2021-06-30,MO,29,87,24
2021-06-29,MO,27,72,24
2021-06-28,MO,27,71,25
2021-06-27,MO,25,90,25
2021-06-26,MO,27,88,25
2021-06-25,MO,26,89,25
2021-06-24,MO,29,85,26
2021-06-23,MO,29,86,25
2021-06-22,MO,28,70,25
2021-06-21,MO,26,71,26
2021-06-20,MO,27,89,24
2021-06-19,MO,28,87,25
2021-06-18,MO,29,86,25
2021-06-17,MO,30,84,26
2021-06-16,MO,28,89,23
2021-06-15,MO,26,72,26
2021-06-14,MO,25,78,20
2021-06-13,MO,25,94,21
2021-06-12,MO,25,94,21
2021-06-11,MO,25,95,20
2021-06-10,MO,26,95,19
2021-06-09,MO,27,93,20
2021-06-08,MO,24,79,20
2021-06-07,MO,25,79,20
2021-06-06,MO,28,93,19
2021-06-05,MO,29,92,19
2021-06-04,MO,27,93,20
2021-06-03,MO,27,93,20
2021-06-02,MO,25,96,19
2021-06-01,MO,25,79,20
2021-05-31,MO,24,81,19
2021-05-30,MO,26,94,20
2021-05-29,MO,26,94,20
2021-05-28,MO,25,95,20
2021-05-27,MO,26,94,20
2021-05-26,MO,26,94,20
2021-05-25,MO,24,80,20
2021-05-24,MO,24,81,19
2021-05-23,MO,26,94,20
2021-05-22,MO,27,92,21
2021-05-21,MO,27,94,19
2021-05-20,MO,27,92,21
2021-05-19,MO,28,92,20
2021-05-18,MO,26,78,19
2021-05-17,MO,25,79,19
2021-05-16,MO,28,92,20
2021-05-15,MO,30,90,20
2021-05-14,MO,29,91,20
2021-05-13,MO,28,92,20
2021-05-12,MO,27,93,20
2021-05-11,MO,23,81,20
2021-05-10,MO,24,82,19
2021-05-09,MO,26,96,18
2021-05-08,MO,25,96,19
2021-05-07,MO,24,97,19
2021-05-06,MO,28,93,19
2021-05-05,MO,27,95,18
2021-05-04,MO,25,78,20
2021-05-03,MO,23,81,20
2021-05-02,MO,28,91,21
2021-05-01,MO,28,92,20
2021-04-30,MO,28,94,18
2021-04-29,MO,30,90,20
2021-04-28,MO,28,93,19
2021-04-27,MO,26,76,21
2021-04-26,MO,27,79,19
2021-04-25,MO,28,91,21
2021-04-24,MO,28,92,20
2021-04-23,MO,28,92,20
2021-04-22,MO,27,93,20
2021-04-21,MO,30,91,19
2021-04-20,MO,25,79,19
2021-04-19,MO,25,80,19
2021-04-18,MO,29,91,20
2021-04-17,MO,29,91,20
2021-04-16,MO,29,91,20
2021-04-15,MO,28,92,20
2021-04-14,MO,31,91,18
2021-04-13,MO,23,81,19
2021-04-12,MO,24,82,19
2021-04-11,MO,25,95,20
2021-04-10,MO,25,96,19
2021-04-09,MO,27,94,19
2021-04-08,MO,27,94,19
2021-04-07,MO,26,96,18
2021-04-06,MO,24,81,20
2021-04-05,MO,24,81,20
2021-04-04,MO,25,96,19
2021-04-03,MO,24,96,20
2021-04-02,MO,27,95,18
2021-04-01,MO,24,96,20
2021-03-31,MO,27,93,20
2021-03-30,MO,27,78,19
2021-03-29,MO,26,80,19
2021-03-28,MO,26,93,21
2021-03-27,MO,27,94,19
2021-03-26,MO,24,97,19
2021-03-25,MO,24,97,19
2021-03-24,MO,25,95,20
2021-03-23,MO,24,82,18
2021-03-22,MO,23,82,20
2021-03-21,MO,24,96,20
2021-03-20,MO,26,94,20
2021-03-19,MO,28,92,20
2021-03-18,MO,26,94,20
2021-03-17,MO,28,92,20
2021-03-16,MO,23,80,21
2021-03-15,MO,23,84,20
2021-03-14,MO,25,95,20
2021-03-13,MO,26,93,21
2021-03-12,MO,25,94,21
2021-03-11,MO,26,93,21
2021-03-10,MO,26,93,21
2021-03-09,MO,25,79,21
2021-03-08,MO,25,81,20
2021-03-07,MO,27,91,22
2021-03-06,MO,28,91,21
2021-03-05,MO,29,91,20
2021-03-04,MO,29,91,20
2021-03-03,MO,28,92,20
2021-03-02,MO,26,78,21
2021-03-01,MO,28,79,18
2021-02-28,MO,29,90,21
2021-02-27,MO,29,91,20
2021-02-26,MO,31,87,22
2021-02-25,MO,29,91,20
2021-02-24,MO,29,91,20
2021-02-23,MO,29,74,21
2021-02-22,MO,29,77,18
2021-02-21,MO,30,88,22
2021-02-20,MO,30,91,19
2021-02-19,MO,27,94,19
2021-02-18,MO,27,91,22
2021-02-17,MO,30,93,17
2021-02-16,MO,29,77,19
2021-02-15,MO,30,78,19
2021-02-14,MO,30,89,21
2021-02-13,MO,33,87,20
2021-02-12,MO,28,93,19
2021-02-11,MO,31,91,18
2021-02-10,MO,35,85,20
2021-02-09,MO,24,82,19
2021-02-08,MO,29,77,19
2021-02-07,MO,29,89,22
2021-02-06,MO,30,90,20
2021-02-05,MO,30,90,20
2021-02-04,MO,29,91,20
2021-02-03,MO,32,91,17
2021-02-02,MO,29,78,18
2021-02-01,MO,28,78,19
2021-01-31,MO,30,91,19
2021-01-30,MO,33,87,20
2021-01-29,MO,35,87,18
2021-01-28,MO,33,88,19
2021-01-27,MO,31,90,19
2021-01-26,MO,27,79,19
2021-01-25,MO,29,78,19
2021-01-24,MO,27,94,19
2021-01-23,MO,28,91,21
2021-01-22,MO,28,91,21
2021-01-21,MO,32,89,19
2021-01-20,MO,32,92,16
2021-01-19,MO,32,75,19
2021-01-18,MO,34,74,18
2021-01-17,MO,35,86,19
2021-01-16,MO,36,82,22
2021-01-15,MO,37,85,18
2021-01-14,MO,36,89,15
2021-01-13,MO,37,89,14
2021-01-12,MO,36,70,19
2021-01-11,MO,34,71,20
2021-01-10,MO,34,87,19
2021-01-09,MO,36,86,18
2021-01-08,MO,34,87,19
2021-01-07,MO,34,88,18
2021-01-06,MO,35,86,19
2021-01-05,MO,31,75,19
2021-01-04,MO,31,77,18
2021-01-03,MO,31,90,19
2021-01-02,MO,35,87,18
2021-01-01,MO,32,89,19
2020-12-31,MO,33,87,20
2020-12-30,MO,34,89,17
2020-12-29,MO,33,74,18
2020-12-28,MO,46,59,20
2020-12-27,MO,54,67,19
2020-12-26,MO,52,67,21
2020-12-25,MO,51,68,21
2020-12-24,MO,54,71,15
2020-12-23,MO,57,68,15
2020-12-22,MO,51,61,15
2020-12-21,MO,49,61,15
2020-12-20,MO,56,65,19
2020-12-19,MO,55,66,19
2020-12-18,MO,57,68,15
2020-12-17,MO,60,65,15
2020-12-16,MO,61,64,15
2020-12-15,MO,55,56,15
2020-12-14,MO,56,56,15
2020-12-13,MO,61,64,15
2020-12-12,MO,62,62,16
2020-12-11,MO,65,60,15
2020-12-10,MO,64,61,15
2020-12-09,MO,63,63,14
2020-12-08,MO,57,55,15
2020-12-07,MO,56,56,15
2020-12-06,MO,62,63,15
2020-12-05,MO,63,62,15
2020-12-04,MO,62,63,15
2020-12-03,MO,63,62,15
2020-12-02,MO,61,64,15
2020-12-01,MO,53,59,15
2020-11-30,MO,56,57,14
2020-11-29,MO,58,67,15
2020-11-28,MO,60,65,15
2020-11-27,MO,60,65,15
2020-11-26,MO,58,67,15
2020-11-25,MO,60,65,15
2020-11-24,MO,57,55,14
2020-11-23,MO,57,54,15
2020-11-22,MO,62,63,15
2020-11-21,MO,62,63,15
2020-11-20,MO,67,58,15
2020-11-19,MO,65,60,15
2020-11-18,MO,66,70,4
2020-11-17,MO,61,52,14
2020-11-16,MO,54,58,15
2020-11-15,MO,54,83,4
2020-11-14,MO,54,83,4
2020-11-13,MO,57,69,15
2020-11-12,MO,56,70,15
2020-11-11,MO,54,83,4
2020-11-10,MO,51,62,15
2020-11-09,MO,51,62,15
2020-11-08,MO,53,84,4
2020-11-07,MO,51,85,5
2020-11-06,MO,57,80,4
2020-11-05,MO,54,83,4
2020-11-04,MO,53,83,4
2020-11-03,MO,46,78,4
2020-11-02,MO,47,77,4
2020-11-01,MO,56,80,4
2020-10-31,MO,55,80,5
2020-10-30,MO,54,82,4
2020-10-29,MO,56,80,4
2020-10-28,MO,53,83,4
2020-10-27,MO,49,77,4
2020-10-26,MO,53,74,4
2020-10-25,MO,54,81,4
2020-10-24,MO,54,80,5
2020-10-23,MO,54,81,4
2020-10-22,MO,55,80,4
2020-10-21,MO,55,80,4
2020-10-20,MO,51,79,4
2020-10-19,MO,53,78,4
2020-10-18,MO,56,80,4
2020-10-17,MO,56,80,4
2020-10-16,MO,58,78,4
2020-10-15,MO,55,81,4
2020-10-14,MO,53,82,5
2020-10-13,MO,52,78,6
2020-10-12,MO,52,80,7
2020-10-11,MO,53,80,7
2020-10-10,MO,52,81,7
2020-10-09,MO,53,80,7
2020-10-08,MO,52,82,6
2020-10-07,MO,50,84,6
2020-10-06,MO,47,85,7
2020-10-05,MO,51,82,6
2020-10-04,MO,51,80,8
2020-10-03,MO,52,79,8
2020-10-02,MO,53,80,6
2020-10-01,MO,51,82,6
2020-09-30,MO,51,82,6
2020-09-29,MO,48,68,23
2020-09-28,MO,50,66,23
2020-09-27,MO,50,66,23
2020-09-26,MO,50,66,23
2020-09-25,MO,48,68,23
2020-09-24,MO,50,64,25
2020-09-23,MO,50,64,25
2020-09-22,MO,49,65,25
2020-09-21,MO,46,67,26
2020-09-20,MO,43,66,30
2020-09-19,MO,43,66,30
2020-09-18,MO,45,62,32
2020-09-17,MO,44,63,32
2020-09-16,MO,45,62,32
2020-09-15,MO,44,63,32
2020-09-14,MO,41,66,32
2020-09-13,MO,42,65,32
2020-09-12,MO,42,65,32
2020-09-11,MO,43,64,32
2020-09-10,MO,43,64,32
2020-09-09,MO,43,64,32
2020-09-08,MO,42,65,32
2020-09-07,MO,41,65,42
2020-09-06,MO,43,63,42
2020-09-05,MO,44,62,42
2020-09-04,MO,44,62,42
2020-09-03,MO,44,62,42
2020-09-02,MO,41,65,33
2020-09-01,MO,43,63,33
2020-08-31,MO,43,63,33
2020-08-30,MO,43,63,33
2020-08-29,MO,43,63,33
2020-08-28,MO,44,63,32
2020-08-27,MO,30,65,44
2020-08-26,MO,29,64,46
2020-08-25,MO,30,63,46
2020-08-24,MO,30,63,46
2020-08-23,MO,27,65,47
2020-08-22,MO,28,64,47
2020-08-21,MO,30,63,46
2020-08-20,MO,31,62,46
2020-08-19,MO,30,62,46
2020-08-18,MO,30,62,46
2020-08-17,MO,33,60,42
2020-08-16,MO,30,62,42
2020-08-15,MO,29,63,43
2020-08-14,MO,32,56,47
2020-08-13,MO,31,57,47
2020-08-12,MO,30,58,47
2020-08-11,MO,32,55,48
2020-08-10,MO,32,54,48
2020-08-09,MO,32,54,48
2020-08-08,MO,31,56,48
2020-08-07,MO,31,56,48
2020-08-06,MO,29,57,49
2020-08-05,MO,28,59,48
2020-08-04,MO,29,58,48
2020-08-03,MO,28,58,48
2020-08-02,MO,28,57,48
2020-08-01,MO,27,58,48
2023-04-10,MS,11,59,9
2023-04-09,MS,13,72,10
2023-04-08,MS,12,76,9
2023-04-07,MS,13,75,9
2023-04-06,MS,13,75,11
2023-04-05,MS,11,78,11
2023-04-04,MS,13,78,10
2023-04-03,MS,12,79,11
2023-04-02,MS,14,76,12
2023-04-01,MS,15,75,13
2023-03-31,MS,18,74,12
2023-03-30,MS,18,75,10
2023-03-29,MS,17,74,12
2023-03-28,MS,14,79,11
2023-03-27,MS,15,80,10
2023-03-26,MS,14,81,10
2023-03-25,MS,15,80,10
2023-03-24,MS,16,77,12
2023-03-23,MS,15,78,12
2023-03-22,MS,16,79,10
2023-03-21,MS,16,79,10
2023-03-20,MS,17,76,12
2023-03-19,MS,16,77,12
2023-03-18,MS,16,78,11
2023-03-17,MS,16,79,10
2023-03-16,MS,16,79,10
2023-03-15,MS,16,78,11
2023-03-14,MS,15,79,11
2023-03-13,MS,15,78,12
2023-03-12,MS,15,78,12
2023-03-11,MS,15,78,12
2023-03-10,MS,15,78,12
2023-03-09,MS,15,79,11
2023-03-08,MS,16,79,10
2023-03-07,MS,17,77,11
2023-03-06,MS,16,76,13
2023-03-05,MS,18,74,13
2023-03-04,MS,17,76,12
2023-03-03,MS,18,77,10
2023-03-02,MS,15,79,11
2023-03-01,MS,17,76,12
2023-02-28,MS,16,77,12
2023-02-27,MS,16,76,13
2023-02-26,MS,16,78,11
2023-02-25,MS,17,76,12
2023-02-24,MS,16,77,12
2023-02-23,MS,15,78,12
2023-02-22,MS,16,78,11
2023-02-21,MS,16,78,11
2023-02-20,MS,16,76,13
2023-02-19,MS,15,77,13
2023-02-18,MS,17,76,12
2023-02-17,MS,17,76,12
2023-02-16,MS,17,77,11
2023-02-15,MS,17,77,11
2023-02-14,MS,16,77,12
2023-02-13,MS,13,82,10
2023-02-12,MS,16,77,12
2023-02-11,MS,16,77,12
2023-02-10,MS,17,77,11
2023-02-09,MS,17,75,13
2023-02-08,MS,17,77,11
2023-02-07,MS,16,77,12
2023-02-06,MS,17,74,14
2023-02-05,MS,19,76,10
2023-02-04,MS,17,78,10
2023-02-03,MS,17,77,11
2023-02-02,MS,17,77,11
2023-02-01,MS,16,77,12
2023-01-31,MS,14,79,12
2023-01-30,MS,15,78,12
2023-01-29,MS,16,76,13
2023-01-28,MS,16,76,13
2023-01-27,MS,15,78,12
2023-01-26,MS,17,76,12
2023-01-25,MS,16,77,12
2023-01-24,MS,17,77,11
2023-01-23,MS,16,77,12
2023-01-22,MS,16,76,13
2023-01-21,MS,17,76,12
2023-01-20,MS,17,78,10
2023-01-19,MS,18,77,10
2023-01-18,MS,17,75,13
2023-01-17,MS,15,78,12
2023-01-16,MS,17,78,10
2023-01-15,MS,17,77,11
2023-01-14,MS,16,78,11
2023-01-13,MS,17,76,12
2023-01-12,MS,15,79,11
2023-01-11,MS,16,78,11
2023-01-10,MS,19,75,11
2023-01-09,MS,18,76,11
2023-01-08,MS,17,76,12
2023-01-07,MS,18,76,11
2023-01-06,MS,17,78,10
2023-01-05,MS,17,79,9
2023-01-04,MS,17,77,11
2023-01-03,MS,17,76,12
2023-01-02,MS,16,79,10
2023-01-01,MS,16,78,11
2022-12-31,MS,16,79,9
2022-12-30,MS,16,79,9
2022-12-29,MS,17,78,10
2022-12-28,MS,16,78,11
2022-12-27,MS,18,77,10
2022-12-26,MS,17,77,11
2022-12-25,MS,17,79,9
2022-12-24,MS,16,78,10
2022-12-23,MS,18,76,10
2022-12-22,MS,15,76,12
2022-12-21,MS,14,79,10
2022-12-20,MS,14,78,11
2022-12-19,MS,13,79,11
2022-12-18,MS,12,81,12
2022-12-17,MS,12,82,11
2022-12-16,MS,13,80,12
2022-12-15,MS,12,82,11
2022-12-14,MS,11,84,9
2022-12-13,MS,11,84,9
2022-12-12,MS,12,84,9
2022-12-11,MS,11,85,9
2022-12-10,MS,12,84,9
2022-12-09,MS,11,85,9
2022-12-08,MS,13,83,9
2022-12-07,MS,12,84,9
2022-12-06,MS,10,86,9
2022-12-05,MS,9,87,9
2022-12-04,MS,10,86,9
2022-12-03,MS,10,86,9
2022-12-02,MS,10,86,9
2022-12-01,MS,12,83,9
2022-11-30,MS,11,84,9
2022-11-29,MS,12,83,9
2022-11-28,MS,11,84,9
2022-11-27,MS,12,83,9
2022-11-26,MS,11,85,9
2022-11-25,MS,11,85,9
2022-11-24,MS,11,85,9
2022-11-23,MS,12,84,9
2022-11-22,MS,10,86,9
2022-11-21,MS,10,86,9
2022-11-20,MS,11,85,9
2022-11-19,MS,11,85,9
2022-11-18,MS,10,86,9
2022-11-17,MS,12,84,9
2022-11-16,MS,12,84,9
2022-11-15,MS,12,84,9
2022-11-14,MS,12,84,9
2022-11-13,MS,13,84,9
2022-11-12,MS,13,84,9
2022-11-11,MS,12,85,9
2022-11-10,MS,11,86,9
2022-11-09,MS,12,85,9
2022-11-08,MS,11,85,9
2022-11-07,MS,11,85,9
2022-11-06,MS,11,85,9
2022-11-05,MS,11,85,9
2022-11-04,MS,12,84,9
2022-11-03,MS,11,84,9
2022-11-02,MS,12,83,9
2022-11-01,MS,13,82,9
2022-10-31,MS,12,83,9
2022-10-30,MS,13,82,9
2022-10-29,MS,13,82,9
2022-10-28,MS,13,82,9
2022-10-27,MS,12,81,9
2022-10-26,MS,11,82,9
2022-10-25,MS,12,83,9
2022-10-24,MS,11,84,9
2022-10-23,MS,11,84,9
2022-10-22,MS,12,83,9
2022-10-21,MS,10,85,9
2022-10-20,MS,12,83,9
2022-10-19,MS,12,83,9
2022-10-18,MS,11,84,9
2022-10-17,MS,12,83,9
2022-10-16,MS,11,85,9
2022-10-15,MS,12,84,9
2022-10-14,MS,12,84,9
2022-10-13,MS,11,85,9
2022-10-12,MS,13,83,9
2022-10-11,MS,11,85,9
2022-10-10,MS,11,85,9
2022-10-09,MS,11,85,9
2022-10-08,MS,11,85,9
2022-10-07,MS,11,86,9
2022-10-06,MS,12,84,9
2022-10-05,MS,11,85,9
2022-10-04,MS,12,84,9
2022-10-03,MS,12,84,9
2022-10-02,MS,11,84,9
2022-10-01,MS,12,83,9
2022-09-30,MS,12,83,9
2022-09-29,MS,11,84,9
2022-09-28,MS,11,84,9
2022-09-27,MS,10,85,9
2022-09-26,MS,10,85,9
2022-09-25,MS,11,84,9
2022-09-24,MS,9,86,9
2022-09-23,MS,10,85,9
2022-09-22,MS,11,84,9
2022-09-21,MS,11,84,9
2022-09-20,MS,12,83,9
2022-09-19,MS,12,83,9
2022-09-18,MS,10,85,9
2022-09-17,MS,12,83,9
2022-09-16,MS,11,84,9
2022-09-15,MS,12,82,9
2022-09-14,MS,11,83,9
2022-09-13,MS,9,85,9
2022-09-12,MS,9,85,9
2022-09-11,MS,10,83,9
2022-09-10,MS,9,84,9
2022-09-09,MS,10,84,9
2022-09-08,MS,9,85,9
2022-09-07,MS,10,84,9
2022-09-06,MS,11,84,9
2022-09-05,MS,12,83,9
2022-09-04,MS,11,84,9
2022-09-03,MS,11,84,9
2022-09-02,MS,12,83,9
2022-09-01,MS,10,85,9
2022-08-31,MS,10,85,9
2022-08-30,MS,9,86,9
2022-08-29,MS,9,86,9
2022-08-28,MS,10,87,9
2022-08-27,MS,10,87,9
2022-08-26,MS,9,88,9
2022-08-25,MS,11,87,9
2022-08-24,MS,11,87,9
2022-08-23,MS,11,85,9
2022-08-22,MS,11,85,9
2022-08-21,MS,10,91,9
2022-08-20,MS,11,90,9
2022-08-19,MS,12,89,9
2022-08-18,MS,11,90,9
2022-08-17,MS,11,90,9
2022-08-16,MS,9,87,9
2022-08-15,MS,9,87,9
2022-08-14,MS,11,91,9
2022-08-13,MS,10,92,9
2022-08-12,MS,10,92,9
2022-08-11,MS,10,92,9
2022-08-10,MS,10,92,9
2022-08-09,MS,11,85,9
2022-08-08,MS,12,84,9
2022-08-07,MS,12,91,9
2022-08-06,MS,11,92,9
2022-08-05,MS,12,91,9
2022-08-04,MS,11,92,9
2022-08-03,MS,11,92,9
2022-08-02,MS,9,88,9
2022-08-01,MS,9,88,9
2022-07-31,MS,10,93,9
2022-07-30,MS,9,94,9
2022-07-29,MS,10,93,9
2022-07-28,MS,10,93,9
2022-07-27,MS,12,97,3
2022-07-26,MS,13,89,3
2022-07-25,MS,13,89,3
2022-07-24,MS,13,96,3
2022-07-23,MS,12,97,3
2022-07-22,MS,13,96,3
2022-07-21,MS,13,96,3
2022-07-20,MS,13,96,3
2022-07-19,MS,11,91,3
2022-07-18,MS,11,91,3
2022-07-17,MS,11,98,3
2022-07-16,MS,10,99,3
2022-07-15,MS,11,98,3
2022-07-14,MS,12,97,3
2022-07-13,MS,11,98,3
2022-07-12,MS,11,91,3
2022-07-11,MS,10,92,3
2022-07-10,MS,12,97,3
2022-07-09,MS,13,96,3
2022-07-08,MS,12,97,3
2022-07-07,MS,14,95,3
2022-07-06,MS,13,96,3
2022-07-05,MS,12,89,3
2022-07-04,MS,12,89,3
2022-07-03,MS,11,97,3
2022-07-02,MS,11,97,3
2022-07-01,MS,12,96,3
2022-06-30,MS,13,95,3
2022-06-29,MS,14,94,3
2022-06-28,MS,14,87,3
2022-06-27,MS,14,87,3
2022-06-26,MS,14,94,3
2022-06-25,MS,14,94,3
2022-06-24,MS,14,94,3
2022-06-23,MS,14,94,3
2022-06-22,MS,12,96,3
2022-06-21,MS,11,90,3
2022-06-20,MS,13,88,3
2022-06-19,MS,10,98,3
2022-06-18,MS,10,98,3
2022-06-17,MS,10,98,3
2022-06-16,MS,11,97,3
2022-06-15,MS,12,96,3
2022-06-14,MS,11,89,3
2022-06-13,MS,11,89,3
2022-06-12,MS,12,95,3
2022-06-11,MS,13,94,3
2022-06-10,MS,12,95,3
2022-06-09,MS,13,94,3
2022-06-08,MS,13,94,3
2022-06-07,MS,11,89,3
2022-06-06,MS,11,89,3
2022-06-05,MS,11,96,3
2022-06-04,MS,11,96,3
2022-06-03,MS,10,97,3
2022-06-02,MS,13,94,3
2022-06-01,MS,13,94,3
2022-05-31,MS,15,85,3
2022-05-30,MS,15,85,3
2022-05-29,MS,16,91,3
2022-05-28,MS,14,93,3
2022-05-27,MS,14,93,3
2022-05-26,MS,12,95,3
2022-05-25,MS,13,94,3
2022-05-24,MS,15,85,3
2022-05-23,MS,13,87,3
2022-05-22,MS,13,94,3
2022-05-21,MS,13,94,3
2022-05-20,MS,12,96,3
2022-05-19,MS,15,93,3
2022-05-18,MS,14,94,3
2022-05-17,MS,14,87,3
2022-05-16,MS,15,86,3
2022-05-15,MS,15,93,3
2022-05-14,MS,15,93,3
2022-05-13,MS,13,95,3
2022-05-12,MS,13,95,3
2022-05-11,MS,14,94,3
2022-05-10,MS,11,90,3
2022-05-09,MS,11,91,3
2022-05-08,MS,13,95,3
2022-05-07,MS,13,95,3
2022-05-06,MS,11,97,3
2022-05-05,MS,10,98,3
2022-05-04,MS,12,96,3
2022-05-03,MS,12,89,3
2022-05-02,MS,13,88,3
2022-05-01,MS,16,92,3
2022-04-30,MS,15,93,3
2022-04-29,MS,14,94,3
2022-04-28,MS,15,93,3
2022-04-27,MS,14,94,3
2022-04-26,MS,13,88,3
2022-04-25,MS,13,88,3
2022-04-24,MS,14,94,3
2022-04-23,MS,15,93,3
2022-04-22,MS,13,95,3
2022-04-21,MS,15,93,3
2022-04-20,MS,14,94,3
2022-04-19,MS,13,88,3
2022-04-18,MS,13,88,3
2022-04-17,MS,15,93,3
2022-04-16,MS,17,91,3
2022-04-15,MS,15,93,3
2022-04-14,MS,15,93,3
2022-04-13,MS,15,93,3
2022-04-12,MS,12,89,3
2022-04-11,MS,13,88,3
2022-04-10,MS,12,96,3
2022-04-09,MS,14,94,3
2022-04-08,MS,13,95,3
2022-04-07,MS,14,94,3
2022-04-06,MS,15,93,3
2022-04-05,MS,14,87,3
2022-04-04,MS,14,87,3
2022-04-03,MS,16,92,3
2022-04-02,MS,18,90,3
2022-04-01,MS,16,92,3
2022-03-31,MS,15,93,3
2022-03-30,MS,16,92,3
2022-03-29,MS,14,87,3
2022-03-28,MS,14,87,3
2022-03-27,MS,14,94,3
2022-03-26,MS,14,94,3
2022-03-25,MS,16,92,3
2022-03-24,MS,17,91,3
2022-03-23,MS,15,93,3
2022-03-22,MS,14,87,3
2022-03-21,MS,15,86,3
2022-03-20,MS,15,93,3
2022-03-19,MS,19,89,3
2022-03-18,MS,18,90,3
2022-03-17,MS,19,89,3
2022-03-16,MS,20,88,3
2022-03-15,MS,15,87,3
2022-03-14,MS,15,86,3
2022-03-13,MS,18,89,3
2022-03-12,MS,24,83,3
2022-03-11,MS,19,88,3
2022-03-10,MS,19,88,3
2022-03-09,MS,19,88,3
2022-03-08,MS,17,84,3
2022-03-07,MS,16,85,3
2022-03-06,MS,15,92,3
2022-03-05,MS,17,90,3
2022-03-04,MS,14,93,3
2022-03-03,MS,16,91,3
2022-03-02,MS,17,90,3
2022-03-01,MS,16,85,3
2022-02-28,MS,16,85,3
2022-02-27,MS,17,90,3
2022-02-26,MS,17,90,3
2022-02-25,MS,16,91,3
2022-02-24,MS,18,89,3
2022-02-23,MS,17,90,3
2022-02-22,MS,16,85,3
2022-02-21,MS,17,84,3
2022-02-20,MS,20,87,3
2022-02-19,MS,18,89,3
2022-02-18,MS,19,88,3
2022-02-17,MS,21,86,3
2022-02-16,MS,19,88,3
2022-02-15,MS,17,84,3
2022-02-14,MS,17,84,3
2022-02-13,MS,21,87,3
2022-02-12,MS,21,87,3
2022-02-11,MS,19,89,3
2022-02-10,MS,21,87,3
2022-02-09,MS,21,87,3
2022-02-08,MS,20,81,3
2022-02-07,MS,23,78,3
2022-02-06,MS,19,89,3
2022-02-05,MS,19,89,3
2022-02-04,MS,21,87,3
2022-02-03,MS,20,88,3
2022-02-02,MS,22,86,3
2022-02-01,MS,21,79,3
2022-01-31,MS,22,78,3
2022-01-30,MS,20,87,3
2022-01-29,MS,20,87,3
2022-01-28,MS,21,86,3
2022-01-27,MS,22,85,3
2022-01-26,MS,23,84,3
2022-01-25,MS,23,78,2
2022-01-24,MS,23,78,2
2022-01-23,MS,21,87,2
2022-01-22,MS,25,83,2
2022-01-21,MS,25,83,2
2022-01-20,MS,24,84,2
2022-01-19,MS,24,83,3
2022-01-18,MS,24,77,2
2022-01-17,MS,23,79,2
2022-01-16,MS,24,84,2
2022-01-15,MS,21,87,2
2022-01-14,MS,22,86,2
2022-01-13,MS,19,89,2
2022-01-12,MS,23,85,2
2022-01-11,MS,22,79,2
2022-01-10,MS,25,76,2
2022-01-09,MS,15,93,2
2022-01-08,MS,16,92,2
2022-01-07,MS,13,95,2
2022-01-06,MS,10,98,2
2022-01-05,MS,10,97,3
2022-01-04,MS,9,92,2
2022-01-03,MS,11,90,2
2022-01-02,MS,12,95,3
2022-01-01,MS,10,97,3
2021-12-31,MS,10,98,2
2021-12-30,MS,9,99,2
2021-12-29,MS,11,97,2
2021-12-28,MS,10,91,2
2021-12-27,MS,9,92,2
2021-12-26,MS,9,99,2
2021-12-25,MS,11,97,2
2021-12-24,MS,10,98,2
2021-12-23,MS,10,98,2
2021-12-22,MS,10,98,2
2021-12-21,MS,10,91,2
2021-12-20,MS,11,90,2
2021-12-19,MS,7,101,2
2021-12-18,MS,7,101,2
2021-12-17,MS,6,102,2
2021-12-16,MS,8,100,2
2021-12-15,MS,8,100,2
2021-12-14,MS,8,93,2
2021-12-13,MS,10,91,2
2021-12-12,MS,9,99,2
2021-12-11,MS,8,100,2
2021-12-10,MS,10,98,2
2021-12-09,MS,12,96,2
2021-12-08,MS,13,95,2
2021-12-07,MS,10,91,2
2021-12-06,MS,11,91,2
2021-12-05,MS,9,99,2
2021-12-04,MS,9,99,2
2021-12-03,MS,11,97,2
2021-12-02,MS,9,99,2
2021-12-01,MS,8,99,2
2021-11-30,MS,9,92,2
2021-11-29,MS,12,89,2
2021-11-28,MS,13,95,2
2021-11-27,MS,10,98,2
2021-11-26,MS,9,99,2
2021-11-25,MS,10,98,2
2021-11-24,MS,12,96,2
2021-11-23,MS,11,90,2
2021-11-22,MS,11,90,2
2021-11-21,MS,9,99,2
2021-11-20,MS,10,98,2
2021-11-19,MS,10,98,2
2021-11-18,MS,10,98,2
2021-11-17,MS,10,98,2
2021-11-16,MS,12,89,2
2021-11-15,MS,10,91,2
2021-11-14,MS,11,97,2
2021-11-13,MS,11,97,2
2021-11-12,MS,11,96,2
2021-11-11,MS,10,97,2
2021-11-10,MS,11,96,2
2021-11-09,MS,13,87,2
2021-11-08,MS,9,91,2
2021-11-07,MS,10,97,2
2021-11-06,MS,9,98,2
2021-11-05,MS,9,98,2
2021-11-04,MS,9,98,2
2021-11-03,MS,8,99,2
2021-11-02,MS,11,89,2
2021-11-01,MS,11,89,2
2021-10-31,MS,12,95,2
2021-10-30,MS,12,95,2
2021-10-29,MS,13,94,2
2021-10-28,MS,13,94,2
2021-10-27,MS,10,97,2
2021-10-26,MS,9,91,2
2021-10-25,MS,9,93,2
2021-10-24,MS,7,100,2
2021-10-23,MS,9,98,2
2021-10-22,MS,9,98,2
2021-10-21,MS,10,97,2
2021-10-20,MS,9,97,2
2021-10-19,MS,9,91,2
2021-10-18,MS,8,92,2
2021-10-17,MS,7,100,2
2021-10-16,MS,7,100,2
2021-10-15,MS,10,97,2
2021-10-14,MS,9,98,2
2021-10-13,MS,8,99,2
2021-10-12,MS,7,93,2
2021-10-11,MS,7,93,2
2021-10-10,MS,8,99,2
2021-10-09,MS,10,97,2
2021-10-08,MS,8,99,2
2021-10-07,MS,8,99,2
2021-10-06,MS,8,99,2
2021-10-05,MS,8,92,2
2021-10-04,MS,9,91,2
2021-10-03,MS,9,98,2
2021-10-02,MS,10,97,2
2021-10-01,MS,9,98,2
2021-09-30,MS,10,97,2
2021-09-29,MS,12,95,2
2021-09-28,MS,8,92,2
2021-09-27,MS,12,88,2
2021-09-26,MS,11,96,2
2021-09-25,MS,10,97,2
2021-09-24,MS,10,97,2
2021-09-23,MS,8,99,2
2021-09-22,MS,8,99,2
2021-09-21,MS,10,90,2
2021-09-20,MS,8,92,2
2021-09-19,MS,13,94,2
2021-09-18,MS,12,95,2
2021-09-17,MS,13,94,2
2021-09-16,MS,12,95,2
2021-09-15,MS,12,95,2
2021-09-14,MS,10,90,2
2021-09-13,MS,14,86,2
2021-09-12,MS,13,94,2
2021-09-11,MS,12,95,2
2021-09-10,MS,13,94,2
2021-09-09,MS,14,93,2
2021-09-08,MS,17,90,2
2021-09-07,MS,17,83,2
2021-09-06,MS,17,83,2
2021-09-05,MS,16,91,2
2021-09-04,MS,17,90,2
2021-09-03,MS,14,93,2
2021-09-02,MS,15,92,2
2021-09-01,MS,12,95,2
2021-08-31,MS,14,86,2
2021-08-30,MS,15,85,2
2021-08-29,MS,11,96,2
2021-08-28,MS,12,95,2
2021-08-27,MS,15,92,2
2021-08-26,MS,15,92,2
2021-08-25,MS,17,90,2
2021-08-24,MS,21,79,2
2021-08-23,MS,18,82,2
2021-08-22,MS,16,91,2
2021-08-21,MS,17,90,2
2021-08-20,MS,17,90,2
2021-08-19,MS,15,92,2
2021-08-18,MS,17,90,2
2021-08-17,MS,12,88,2
2021-08-16,MS,16,84,2
2021-08-15,MS,13,94,2
2021-08-14,MS,14,93,2
2021-08-13,MS,17,90,2
2021-08-12,MS,15,92,2
2021-08-11,MS,17,90,2
2021-08-10,MS,17,83,2
2021-08-09,MS,16,85,2
2021-08-08,MS,15,92,2
2021-08-07,MS,14,93,2
2021-08-06,MS,14,93,2
2021-08-05,MS,15,92,2
2021-08-04,MS,15,92,2
2021-08-03,MS,16,85,2
2021-08-02,MS,15,85,2
2021-08-01,MS,11,96,2
2021-07-31,MS,14,93,2
2021-07-30,MS,16,91,2
2021-07-29,MS,14,93,2
2021-07-28,MS,12,94,2
2021-07-27,MS,12,87,2
2021-07-26,MS,13,86,2
2021-07-25,MS,12,94,2
2021-07-24,MS,12,94,2
2021-07-23,MS,12,94,2
2021-07-22,MS,12,94,2
2021-07-21,MS,11,95,2
2021-07-20,MS,12,86,2
2021-07-19,MS,12,86,2
2021-07-18,MS,11,95,2
2021-07-17,MS,11,95,2
2021-07-16,MS,11,95,2
2021-07-15,MS,11,95,2
2021-07-14,MS,11,95,2
2021-07-13,MS,10,88,2
2021-07-12,MS,10,88,2
2021-07-11,MS,11,95,2
2021-07-10,MS,10,96,2
2021-07-09,MS,11,95,2
2021-07-08,MS,12,94,2
2021-07-07,MS,13,93,2
2021-07-06,MS,10,88,2
2021-07-05,MS,9,89,2
2021-07-04,MS,10,96,2
2021-07-03,MS,10,96,2
2021-07-02,MS,12,94,2
2021-07-01,MS,11,95,2
2021-06-30,MS,12,94,2
2021-06-29,MS,11,87,2
2021-06-28,MS,11,87,2
2021-06-27,MS,12,94,2
2021-06-26,MS,12,94,2
2021-06-25,MS,12,94,2
2021-06-24,MS,12,94,2
2021-06-23,MS,13,93,2
2021-06-22,MS,11,87,2
2021-06-21,MS,10,88,2
2021-06-20,MS,10,96,2
2021-06-19,MS,10,96,2
2021-06-18,MS,11,95,2
2021-06-17,MS,12,94,2
2021-06-16,MS,12,94,2
2021-06-15,MS,13,85,2
2021-06-14,MS,12,86,2
2021-06-13,MS,11,95,2
2021-06-12,MS,11,95,2
2021-06-11,MS,13,93,2
2021-06-10,MS,11,95,2
2021-06-09,MS,12,94,2
2021-06-08,MS,10,88,2
2021-06-07,MS,10,88,2
2021-06-06,MS,12,94,2
2021-06-05,MS,11,95,2
2021-06-04,MS,13,93,2
2021-06-03,MS,12,94,2
2021-06-02,MS,12,94,2
2021-06-01,MS,12,86,2
2021-05-31,MS,12,86,2
2021-05-30,MS,12,94,2
2021-05-29,MS,11,95,2
2021-05-28,MS,12,94,2
2021-05-27,MS,13,93,2
2021-05-26,MS,13,93,2
2021-05-25,MS,13,85,2
2021-05-24,MS,13,85,2
2021-05-23,MS,12,94,2
2021-05-22,MS,12,94,2
2021-05-21,MS,13,93,2
2021-05-20,MS,12,94,2
2021-05-19,MS,13,93,2
2021-05-18,MS,12,86,2
2021-05-17,MS,12,86,2
2021-05-16,MS,12,93,2
2021-05-15,MS,12,93,2
2021-05-14,MS,11,94,2
2021-05-13,MS,12,93,2
2021-05-12,MS,13,92,2
2021-05-11,MS,12,87,2
2021-05-10,MS,12,86,2
2021-05-09,MS,12,94,2
2021-05-08,MS,12,94,2
2021-05-07,MS,13,93,2
2021-05-06,MS,12,94,2
2021-05-05,MS,11,95,2
2021-05-04,MS,12,86,2
2021-05-03,MS,12,86,2
2021-05-02,MS,13,93,2
2021-05-01,MS,12,94,2
2021-04-30,MS,12,94,2
2021-04-29,MS,12,94,2
2021-04-28,MS,12,94,2
2021-04-27,MS,12,86,2
2021-04-26,MS,12,86,2
2021-04-25,MS,12,94,2
2021-04-24,MS,12,94,2
2021-04-23,MS,13,93,2
2021-04-22,MS,12,94,2
2021-04-21,MS,13,93,2
2021-04-20,MS,12,86,2
2021-04-19,MS,13,85,2
2021-04-18,MS,13,93,2
2021-04-17,MS,13,93,2
2021-04-16,MS,12,94,2
2021-04-15,MS,12,94,2
2021-04-14,MS,13,93,2
2021-04-13,MS,13,85,2
2021-04-12,MS,11,87,2
2021-04-11,MS,12,94,2
2021-04-10,MS,12,94,2
2021-04-09,MS,12,94,2
2021-04-08,MS,11,95,2
2021-04-07,MS,12,94,2
2021-04-06,MS,12,87,2
2021-04-05,MS,12,87,2
2021-04-04,MS,12,94,2
2021-04-03,MS,11,95,2
2021-04-02,MS,12,94,2
2021-04-01,MS,12,94,2
2021-03-31,MS,12,94,2
2021-03-30,MS,11,87,2
2021-03-29,MS,11,87,2
2021-03-28,MS,12,94,2
2021-03-27,MS,11,95,2
2021-03-26,MS,12,94,2
2021-03-25,MS,11,95,2
2021-03-24,MS,11,95,2
2021-03-23,MS,11,87,2
2021-03-22,MS,11,87,2
2021-03-21,MS,10,96,2
2021-03-20,MS,12,94,2
2021-03-19,MS,12,94,2
2021-03-18,MS,13,93,2
2021-03-17,MS,13,93,2
2021-03-16,MS,12,86,2
2021-03-15,MS,11,87,2
2021-03-14,MS,13,93,2
2021-03-13,MS,13,93,2
2021-03-12,MS,12,94,2
2021-03-11,MS,12,94,2
2021-03-10,MS,12,94,2
2021-03-09,MS,12,86,2
2021-03-08,MS,11,87,2
2021-03-07,MS,12,94,2
2021-03-06,MS,11,95,2
2021-03-05,MS,12,94,2
2021-03-04,MS,13,93,2
2021-03-03,MS,14,92,2
2021-03-02,MS,12,86,2
2021-03-01,MS,12,87,2
2021-02-28,MS,14,92,2
2021-02-27,MS,13,93,2
2021-02-26,MS,14,92,2
2021-02-25,MS,13,93,2
2021-02-24,MS,13,93,2
2021-02-23,MS,13,85,2
2021-02-22,MS,15,83,2
2021-02-21,MS,15,91,2
2021-02-20,MS,15,91,2
2021-02-19,MS,16,90,2
2021-02-18,MS,15,91,2
2021-02-17,MS,18,88,2
2021-02-16,MS,17,81,2
2021-02-15,MS,16,82,2
2021-02-14,MS,14,92,2
2021-02-13,MS,17,89,2
2021-02-12,MS,16,90,2
2021-02-11,MS,14,92,2
2021-02-10,MS,15,91,2
2021-02-09,MS,14,84,2
2021-02-08,MS,14,84,2
2021-02-07,MS,15,91,2
2021-02-06,MS,15,91,2
2021-02-05,MS,16,91,2
2021-02-04,MS,16,91,2
2021-02-03,MS,16,91,2
2021-02-02,MS,16,83,2
2021-02-01,MS,16,83,2
2021-01-31,MS,16,91,2
2021-01-30,MS,16,91,2
2021-01-29,MS,14,93,2
2021-01-28,MS,17,90,2
2021-01-27,MS,18,89,2
2021-01-26,MS,17,82,2
2021-01-25,MS,16,83,2
2021-01-24,MS,16,90,2
2021-01-23,MS,15,91,2
2021-01-22,MS,17,89,2
2021-01-21,MS,15,91,2
2021-01-20,MS,18,88,2
2021-01-19,MS,16,83,2
2021-01-18,MS,15,84,2
2021-01-17,MS,16,91,2
2021-01-16,MS,15,92,2
2021-01-15,MS,18,89,2
2021-01-14,MS,15,92,2
2021-01-13,MS,18,89,2
2021-01-12,MS,15,84,2
2021-01-11,MS,17,82,2
2021-01-10,MS,18,89,2
2021-01-09,MS,19,88,2
2021-01-08,MS,17,90,2
2021-01-07,MS,18,89,2
2021-01-06,MS,19,88,2
2021-01-05,MS,15,84,2
2021-01-04,MS,17,82,2
2021-01-03,MS,16,90,2
2021-01-02,MS,17,89,2
2021-01-01,MS,16,90,2
2020-12-31,MS,17,89,2
2020-12-30,MS,15,91,2
2020-12-29,MS,24,75,2
2020-12-28,MS,33,66,2
2020-12-27,MS,34,73,2
2020-12-26,MS,34,73,2
2020-12-25,MS,33,74,2
2020-12-24,MS,33,73,2
2020-12-23,MS,34,72,2
2020-12-22,MS,32,67,2
2020-12-21,MS,33,66,2
2020-12-20,MS,32,75,2
2020-12-19,MS,32,75,2
2020-12-18,MS,32,75,2
2020-12-17,MS,32,75,2
2020-12-16,MS,32,75,2
2020-12-15,MS,32,68,2
2020-12-14,MS,31,68,2
2020-12-13,MS,29,77,2
2020-12-12,MS,31,75,2
2020-12-11,MS,32,74,2
2020-12-10,MS,33,73,2
2020-12-09,MS,32,74,2
2020-12-08,MS,32,67,2
2020-12-07,MS,31,68,2
2020-12-06,MS,32,74,2
2020-12-05,MS,32,74,2
2020-12-04,MS,31,75,2
2020-12-03,MS,30,76,2
2020-12-02,MS,29,77,2
2020-12-01,MS,28,72,2
2020-11-30,MS,27,73,2
2020-11-29,MS,26,79,2
2020-11-28,MS,26,80,2
2020-11-27,MS,26,80,2
2020-11-26,MS,26,80,2
2020-11-25,MS,26,80,2
2020-11-24,MS,25,74,2
2020-11-23,MS,24,75,2
2020-11-22,MS,23,83,2
2020-11-21,MS,24,82,2
2020-11-20,MS,24,82,2
2020-11-19,MS,24,82,2
2020-11-18,MS,23,83,2
2020-11-17,MS,24,75,2
2020-11-16,MS,24,76,2
2020-11-15,MS,25,80,2
2020-11-14,MS,26,79,2
2020-11-13,MS,25,81,2
2020-11-12,MS,25,81,2
2020-11-11,MS,24,81,2
2020-11-10,MS,23,77,2
2020-11-09,MS,23,78,2
2020-11-08,MS,23,82,2
2020-11-07,MS,24,81,2
2020-11-06,MS,24,81,2
2020-11-05,MS,23,82,2
2020-11-04,MS,25,77,2
2020-11-03,MS,24,74,2
2020-11-02,MS,24,77,2
2020-11-01,MS,27,77,2
2020-10-31,MS,26,78,2
2020-10-30,MS,24,80,3
2020-10-29,MS,25,77,5
2020-10-28,MS,23,76,6
2020-10-27,MS,25,72,6
2020-10-26,MS,25,73,6
2020-10-25,MS,29,71,6
2020-10-24,MS,30,70,6
2020-10-23,MS,31,70,6
2020-10-22,MS,30,70,6
2020-10-21,MS,29,70,6
2020-10-20,MS,28,70,6
2020-10-19,MS,31,67,6
2020-10-18,MS,31,67,6
2020-10-17,MS,33,65,6
2020-10-16,MS,33,65,6
2020-10-15,MS,32,65,6
2020-10-14,MS,30,67,6
2020-10-13,MS,29,67,6
2020-10-12,MS,29,67,7
2020-10-11,MS,30,66,7
2020-10-10,MS,31,65,7
2020-10-09,MS,31,65,7
2020-10-08,MS,31,65,7
2020-10-07,MS,30,64,8
2020-10-06,MS,30,64,8
2020-10-05,MS,30,64,8
2020-10-04,MS,30,63,8
2020-10-03,MS,30,64,8
2020-10-02,MS,31,64,7
2020-10-01,MS,32,62,7
2020-09-30,MS,33,61,7
2020-09-29,MS,33,61,7
2020-09-28,MS,33,62,7
2020-09-27,MS,32,62,7
2020-09-26,MS,33,62,7
2020-09-25,MS,35,60,7
2020-09-24,MS,34,61,7
2020-09-23,MS,34,61,7
2020-09-22,MS,34,61,7
2020-09-21,MS,34,60,7
2020-09-20,MS,34,61,7
2020-09-19,MS,33,62,7
2020-09-18,MS,33,62,7
2020-09-17,MS,34,61,7
2020-09-16,MS,35,61,7
2020-09-15,MS,35,60,7
2020-09-14,MS,34,62,7
2020-09-13,MS,36,58,7
2020-09-12,MS,35,60,7
2020-09-11,MS,35,60,7
2020-09-10,MS,37,58,7
2020-09-09,MS,36,59,7
2020-09-08,MS,36,59,7
2020-09-07,MS,36,59,7
2020-09-06,MS,36,59,7
2020-09-05,MS,37,58,7
2020-09-04,MS,37,58,7
2020-09-03,MS,37,57,7
2020-09-02,MS,37,57,7
2020-09-01,MS,37,57,7
2020-08-31,MS,36,59,7
2020-08-30,MS,36,58,7
2020-08-29,MS,36,58,7
2020-08-28,MS,37,57,7
2020-08-27,MS,38,56,7
2020-08-26,MS,38,54,8
2020-08-25,MS,38,53,8
2020-08-24,MS,40,52,8
2020-08-23,MS,40,52,8
2020-08-22,MS,40,52,8
2020-08-21,MS,40,51,8
2020-08-20,MS,39,52,8
2020-08-19,MS,38,53,8
2020-08-18,MS,39,52,7
2020-08-17,MS,40,52,5
2020-08-16,MS,40,52,5
2020-08-15,MS,39,53,5
2020-08-14,MS,39,52,6
2020-08-13,MS,39,52,6
2020-08-12,MS,39,52,6
2020-08-11,MS,39,52,6
2020-08-10,MS,38,53,6
2020-08-09,MS,39,52,6
2020-08-08,MS,39,52,6
2020-08-07,MS,39,52,6
2020-08-06,MS,40,51,6
2020-08-05,MS,40,48,8
2020-08-04,MS,40,48,8
2020-08-03,MS,37,50,8
2020-08-02,MS,38,49,9
2020-08-01,MS,39,49,9
2023-04-10,MT,7,47,3
2023-04-09,MT,7,47,3
2023-04-08,MT,5,49,3
2023-04-07,MT,5,50,3
2023-04-06,MT,5,50,4
2023-04-05,MT,5,50,4
2023-04-04,MT,4,53,4
2023-04-03,MT,6,52,4
2023-04-02,MT,5,53,4
2023-04-01,MT,5,53,4
2023-03-31,MT,5,54,4
2023-03-30,MT,5,54,4
2023-03-29,MT,6,53,4
2023-03-28,MT,6,53,4
2023-03-27,MT,6,53,4
2023-03-26,MT,5,54,4
2023-03-25,MT,5,54,4
2023-03-24,MT,4,55,4
2023-03-23,MT,5,54,4
2023-03-22,MT,5,54,4
2023-03-21,MT,5,53,4
2023-03-20,MT,6,52,4
2023-03-19,MT,5,53,4
2023-03-18,MT,5,53,4
2023-03-17,MT,5,53,4
2023-03-16,MT,5,53,4
2023-03-15,MT,5,53,4
2023-03-14,MT,5,53,4
2023-03-13,MT,5,52,4
2023-03-12,MT,5,52,4
2023-03-11,MT,6,51,4
2023-03-10,MT,6,51,4
2023-03-09,MT,6,51,4
2023-03-08,MT,5,52,4
2023-03-07,MT,5,52,4
2023-03-06,MT,5,52,4
2023-03-05,MT,5,52,4
2023-03-04,MT,5,52,4
2023-03-03,MT,5,52,4
2023-03-02,MT,5,52,4
2023-03-01,MT,5,51,5
2023-02-28,MT,5,52,4
2023-02-27,MT,5,52,4
2023-02-26,MT,4,53,4
2023-02-25,MT,4,53,4
2023-02-24,MT,5,52,4
2023-02-23,MT,5,52,4
2023-02-22,MT,5,51,5
2023-02-21,MT,4,52,5
2023-02-20,MT,5,52,4
2023-02-19,MT,4,53,4
2023-02-18,MT,5,52,4
2023-02-17,MT,6,51,4
2023-02-16,MT,6,51,4
2023-02-15,MT,5,52,4
2023-02-14,MT,5,52,4
2023-02-13,MT,5,52,4
2023-02-12,MT,4,53,4
2023-02-11,MT,4,53,4
2023-02-10,MT,5,52,4
2023-02-09,MT,6,51,4
2023-02-08,MT,6,51,4
2023-02-07,MT,5,52,4
2023-02-06,MT,6,51,4
2023-02-05,MT,6,51,4
2023-02-04,MT,5,52,4
2023-02-03,MT,6,51,4
2023-02-02,MT,6,51,4
2023-02-01,MT,6,51,4
2023-01-31,MT,6,51,4
2023-01-30,MT,6,51,4
2023-01-29,MT,5,52,4
2023-01-28,MT,5,52,4
2023-01-27,MT,6,51,4
2023-01-26,MT,6,51,4
2023-01-25,MT,6,51,4
2023-01-24,MT,5,52,4
2023-01-23,MT,6,51,4
2023-01-22,MT,5,52,4
2023-01-21,MT,7,50,4
2023-01-20,MT,7,50,4
2023-01-19,MT,6,51,4
2023-01-18,MT,6,51,4
2023-01-17,MT,5,52,4
2023-01-16,MT,6,51,4
2023-01-15,MT,5,52,4
2023-01-14,MT,5,52,4
2023-01-13,MT,6,51,4
2023-01-12,MT,6,51,4
2023-01-11,MT,5,52,4
2023-01-10,MT,6,51,4
2023-01-09,MT,6,49,4
2023-01-08,MT,6,49,4
2023-01-07,MT,6,49,4
2023-01-06,MT,6,49,4
2023-01-05,MT,6,49,4
2023-01-04,MT,6,49,4
2023-01-03,MT,6,49,4
2023-01-02,MT,5,50,4
2023-01-01,MT,6,49,4
2022-12-31,MT,6,49,3
2022-12-30,MT,5,50,3
2022-12-29,MT,7,48,4
2022-12-28,MT,7,48,4
2022-12-27,MT,7,48,4
2022-12-26,MT,7,48,4
2022-12-25,MT,6,49,4
2022-12-24,MT,6,48,5
2022-12-23,MT,6,48,4
2022-12-22,MT,6,48,4
2022-12-21,MT,6,47,5
2022-12-20,MT,6,48,4
2022-12-19,MT,5,49,4
2022-12-18,MT,6,51,4
2022-12-17,MT,6,51,4
2022-12-16,MT,6,52,5
2022-12-15,MT,6,52,5
2022-12-14,MT,6,54,3
2022-12-13,MT,6,53,4
2022-12-12,MT,6,53,4
2022-12-11,MT,5,54,4
2022-12-10,MT,5,54,4
2022-12-09,MT,6,53,4
2022-12-08,MT,6,53,4
2022-12-07,MT,6,53,4
2022-12-06,MT,6,53,4
2022-12-05,MT,6,53,4
2022-12-04,MT,6,53,4
2022-12-03,MT,5,54,4
2022-12-02,MT,6,54,3
2022-12-01,MT,6,54,3
2022-11-30,MT,6,53,4
2022-11-29,MT,6,54,3
2022-11-28,MT,6,53,4
2022-11-27,MT,5,54,4
2022-11-26,MT,5,54,4
2022-11-25,MT,6,53,4
2022-11-24,MT,5,54,4
2022-11-23,MT,6,54,3
2022-11-22,MT,6,54,3
2022-11-21,MT,6,54,3
2022-11-20,MT,6,53,4
2022-11-19,MT,6,53,4
2022-11-18,MT,6,53,4
2022-11-17,MT,5,54,4
2022-11-16,MT,6,54,3
2022-11-15,MT,6,54,3
2022-11-14,MT,5,55,3
2022-11-13,MT,4,55,4
2022-11-12,MT,4,55,4
2022-11-11,MT,5,55,3
2022-11-10,MT,6,54,3
2022-11-09,MT,5,55,3
2022-11-08,MT,6,54,3
2022-11-07,MT,4,55,4
2022-11-06,MT,6,53,4
2022-11-05,MT,5,54,4
2022-11-04,MT,5,55,3
2022-11-03,MT,6,54,3
2022-11-02,MT,6,54,3
2022-11-01,MT,6,54,3
2022-10-31,MT,6,53,4
2022-10-30,MT,5,54,4
2022-10-29,MT,6,53,4
2022-10-28,MT,6,54,3
2022-10-27,MT,6,54,3
2022-10-26,MT,6,54,3
2022-10-25,MT,6,54,3
2022-10-24,MT,6,54,3
2022-10-23,MT,5,54,4
2022-10-22,MT,6,53,4
2022-10-21,MT,6,54,3
2022-10-20,MT,6,53,4
2022-10-19,MT,6,55,2
2022-10-18,MT,6,54,3
2022-10-17,MT,6,55,2
2022-10-16,MT,4,57,2
2022-10-15,MT,4,57,3
2022-10-14,MT,6,56,2
2022-10-13,MT,5,56,3
2022-10-12,MT,5,57,2
2022-10-11,MT,5,57,2
2022-10-10,MT,4,56,3
2022-10-09,MT,5,54,4
2022-10-08,MT,5,55,3
2022-10-07,MT,5,56,2
2022-10-06,MT,5,56,2
2022-10-05,MT,4,57,2
2022-10-04,MT,5,56,2
2022-10-03,MT,5,56,2
2022-10-02,MT,4,56,3
2022-10-01,MT,4,56,3
2022-09-30,MT,5,56,2
2022-09-29,MT,5,56,2
2022-09-28,MT,5,55,3
2022-09-27,MT,6,54,3
2022-09-26,MT,6,54,3
2022-09-25,MT,5,54,4
2022-09-24,MT,4,55,4
2022-09-23,MT,5,55,3
2022-09-22,MT,5,56,2
2022-09-21,MT,5,56,2
2022-09-20,MT,5,56,2
2022-09-19,MT,5,56,2
2022-09-18,MT,4,56,3
2022-09-17,MT,5,55,3
2022-09-16,MT,5,55,3
2022-09-15,MT,5,55,3
2022-09-14,MT,5,54,4
2022-09-13,MT,6,54,3
2022-09-12,MT,6,54,3
2022-09-11,MT,7,52,4
2022-09-10,MT,7,52,4
2022-09-09,MT,6,54,3
2022-09-08,MT,6,54,3
2022-09-07,MT,6,54,3
2022-09-06,MT,7,54,2
2022-09-05,MT,6,54,3
2022-09-04,MT,6,55,3
2022-09-03,MT,6,55,3
2022-09-02,MT,6,56,2
2022-09-01,MT,6,55,3
2022-08-31,MT,7,55,2
2022-08-30,MT,6,55,2
2022-08-29,MT,6,55,2
2022-08-28,MT,6,55,3
2022-08-27,MT,5,56,3
2022-08-26,MT,7,54,3
2022-08-25,MT,7,54,3
2022-08-24,MT,7,54,3
2022-08-23,MT,6,55,2
2022-08-22,MT,6,55,2
2022-08-21,MT,5,58,3
2022-08-20,MT,4,58,4
2022-08-19,MT,6,57,3
2022-08-18,MT,6,57,3
2022-08-17,MT,6,58,2
2022-08-16,MT,7,54,2
2022-08-15,MT,6,55,2
2022-08-14,MT,5,57,4
2022-08-13,MT,5,58,3
2022-08-12,MT,6,58,2
2022-08-11,MT,5,58,3
2022-08-10,MT,5,58,3
2022-08-09,MT,6,55,2
2022-08-08,MT,6,55,2
2022-08-07,MT,5,58,3
2022-08-06,MT,4,59,3
2022-08-05,MT,6,58,2
2022-08-04,MT,6,58,2
2022-08-03,MT,6,58,2
2022-08-02,MT,6,55,2
2022-08-01,MT,5,56,2
2022-07-31,MT,5,58,3
2022-07-30,MT,6,57,3
2022-07-29,MT,6,58,2
2022-07-28,MT,6,58,2
2022-07-27,MT,7,56,3
2022-07-26,MT,7,54,2
2022-07-25,MT,6,55,2
2022-07-24,MT,6,57,3
2022-07-23,MT,4,59,3
2022-07-22,MT,5,59,2
2022-07-21,MT,6,58,2
2022-07-20,MT,6,58,2
2022-07-19,MT,6,55,2
2022-07-18,MT,6,55,2
2022-07-17,MT,6,57,3
2022-07-16,MT,6,57,3
2022-07-15,MT,6,58,2
2022-07-14,MT,7,57,2
2022-07-13,MT,7,57,2
2022-07-12,MT,7,54,2
2022-07-11,MT,7,54,2
2022-07-10,MT,7,55,4
2022-07-09,MT,9,54,3
2022-07-08,MT,9,54,3
2022-07-07,MT,8,55,3
2022-07-06,MT,7,56,3
2022-07-05,MT,8,52,3
2022-07-04,MT,7,52,4
2022-07-03,MT,8,53,4
2022-07-02,MT,8,53,4
2022-07-01,MT,8,54,3
2022-06-30,MT,7,55,3
2022-06-29,MT,7,55,3
2022-06-28,MT,7,53,3
2022-06-27,MT,6,54,3
2022-06-26,MT,5,56,4
2022-06-25,MT,6,55,4
2022-06-24,MT,7,55,3
2022-06-23,MT,7,55,3
2022-06-22,MT,6,56,3
2022-06-21,MT,6,54,3
2022-06-20,MT,6,54,4
2022-06-19,MT,5,56,4
2022-06-18,MT,5,56,4
2022-06-17,MT,6,56,3
2022-06-16,MT,6,55,4
2022-06-15,MT,6,54,4
2022-06-14,MT,6,53,4
2022-06-13,MT,6,54,3
2022-06-12,MT,4,57,4
2022-06-11,MT,4,57,4
2022-06-10,MT,7,55,3
2022-06-09,MT,6,55,4
2022-06-08,MT,5,57,3
2022-06-07,MT,6,56,2
2022-06-06,MT,5,57,2
2022-06-05,MT,5,58,3
2022-06-04,MT,4,59,3
2022-06-03,MT,6,57,3
2022-06-02,MT,6,57,3
2022-06-01,MT,6,57,3
2022-05-31,MT,5,56,3
2022-05-30,MT,6,54,4
2022-05-29,MT,5,57,4
2022-05-28,MT,5,57,4
2022-05-27,MT,6,57,3
2022-05-26,MT,6,57,3
2022-05-25,MT,6,57,3
2022-05-24,MT,7,54,3
2022-05-23,MT,6,54,4
2022-05-22,MT,6,56,4
2022-05-21,MT,6,56,4
2022-05-20,MT,7,56,3
2022-05-19,MT,7,56,3
2022-05-18,MT,7,56,3
2022-05-17,MT,7,54,3
2022-05-16,MT,7,54,3
2022-05-15,MT,5,57,4
2022-05-14,MT,5,57,4
2022-05-13,MT,9,54,3
2022-05-12,MT,7,56,3
2022-05-11,MT,7,56,3
2022-05-10,MT,8,53,3
2022-05-09,MT,7,53,4
2022-05-08,MT,6,56,4
2022-05-07,MT,6,56,4
2022-05-06,MT,6,56,4
2022-05-05,MT,7,55,4
2022-05-04,MT,7,55,4
2022-05-03,MT,8,52,4
2022-05-02,MT,8,52,4
2022-05-01,MT,4,58,4
2022-04-30,MT,6,56,4
2022-04-29,MT,8,54,4
2022-04-28,MT,9,53,4
2022-04-27,MT,9,53,4
2022-04-26,MT,9,51,4
2022-04-25,MT,6,55,3
2022-04-24,MT,4,59,3
2022-04-23,MT,8,54,4
2022-04-22,MT,9,53,4
2022-04-21,MT,9,53,4
2022-04-20,MT,8,54,4
2022-04-19,MT,9,51,4
2022-04-18,MT,9,51,4
2022-04-17,MT,9,53,4
2022-04-16,MT,8,54,4
2022-04-15,MT,8,54,4
2022-04-14,MT,9,53,4
2022-04-13,MT,8,54,4
2022-04-12,MT,8,52,4
2022-04-11,MT,8,52,4
2022-04-10,MT,9,53,4
2022-04-09,MT,7,55,4
2022-04-08,MT,9,53,4
2022-04-07,MT,10,52,4
2022-04-06,MT,9,53,4
2022-04-05,MT,6,54,4
2022-04-04,MT,7,53,4
2022-04-03,MT,6,56,4
2022-04-02,MT,7,55,4
2022-04-01,MT,8,54,4
2022-03-31,MT,8,54,4
2022-03-30,MT,8,54,4
2022-03-29,MT,8,52,4
2022-03-28,MT,7,53,4
2022-03-27,MT,6,56,4
2022-03-26,MT,6,56,4
2022-03-25,MT,8,54,4
2022-03-24,MT,9,53,4
2022-03-23,MT,9,53,4
2022-03-22,MT,9,51,4
2022-03-21,MT,9,51,4
2022-03-20,MT,5,56,4
2022-03-19,MT,6,55,4
2022-03-18,MT,9,52,4
2022-03-17,MT,9,52,4
2022-03-16,MT,9,52,4
2022-03-15,MT,9,51,4
2022-03-14,MT,8,52,4
2022-03-13,MT,5,57,4
2022-03-12,MT,4,58,4
2022-03-11,MT,7,55,4
2022-03-10,MT,7,55,4
2022-03-09,MT,9,55,2
2022-03-08,MT,9,51,4
2022-03-07,MT,9,51,4
2022-03-06,MT,6,56,4
2022-03-05,MT,6,56,4
2022-03-04,MT,8,54,4
2022-03-03,MT,8,54,4
2022-03-02,MT,9,53,4
2022-03-01,MT,8,52,4
2022-02-28,MT,7,53,4
2022-02-27,MT,9,53,4
2022-02-26,MT,9,53,4
2022-02-25,MT,9,53,4
2022-02-24,MT,8,54,4
2022-02-23,MT,7,55,4
2022-02-22,MT,8,52,4
2022-02-21,MT,9,51,4
2022-02-20,MT,8,54,4
2022-02-19,MT,8,54,4
2022-02-18,MT,8,54,4
2022-02-17,MT,10,52,4
2022-02-16,MT,9,53,4
2022-02-15,MT,10,50,4
2022-02-14,MT,11,50,4
2022-02-13,MT,10,52,4
2022-02-12,MT,9,53,4
2022-02-11,MT,12,50,4
2022-02-10,MT,11,52,3
2022-02-09,MT,12,50,4
2022-02-08,MT,8,53,4
2022-02-07,MT,10,51,4
2022-02-06,MT,10,52,4
2022-02-05,MT,10,52,4
2022-02-04,MT,9,53,4
2022-02-03,MT,9,53,4
2022-02-02,MT,10,52,4
2022-02-01,MT,10,50,4
2022-01-31,MT,13,47,4
2022-01-30,MT,11,50,4
2022-01-29,MT,11,50,4
2022-01-28,MT,12,49,4
2022-01-27,MT,12,49,4
2022-01-26,MT,15,49,1
2022-01-25,MT,15,45,4
2022-01-24,MT,13,47,4
2022-01-23,MT,13,49,4
2022-01-22,MT,11,51,4
2022-01-21,MT,13,49,4
2022-01-20,MT,12,50,4
2022-01-19,MT,10,55,1
2022-01-18,MT,10,50,4
2022-01-17,MT,10,50,4
2022-01-16,MT,8,54,4
2022-01-15,MT,9,53,4
2022-01-14,MT,9,53,4
2022-01-13,MT,9,53,4
2022-01-12,MT,9,53,4
2022-01-11,MT,10,50,4
2022-01-10,MT,9,51,4
2022-01-09,MT,6,56,4
2022-01-08,MT,7,55,4
2022-01-07,MT,8,54,4
2022-01-06,MT,8,54,4
2022-01-05,MT,8,54,4
2022-01-04,MT,9,51,4
2022-01-03,MT,8,52,4
2022-01-02,MT,9,53,4
2022-01-01,MT,8,54,4
2021-12-31,MT,9,53,4
2021-12-30,MT,8,54,4
2021-12-29,MT,8,54,4
2021-12-28,MT,8,52,4
2021-12-27,MT,8,52,4
2021-12-26,MT,8,54,4
2021-12-25,MT,8,54,4
2021-12-24,MT,8,54,4
2021-12-23,MT,8,54,4
2021-12-22,MT,8,54,4
2021-12-21,MT,9,51,4
2021-12-20,MT,9,51,4
2021-12-19,MT,8,54,4
2021-12-18,MT,8,54,4
2021-12-17,MT,9,53,4
2021-12-16,MT,9,53,4
2021-12-15,MT,9,53,4
2021-12-14,MT,9,51,4
2021-12-13,MT,9,51,4
2021-12-12,MT,8,54,4
2021-12-11,MT,8,54,4
2021-12-10,MT,8,54,4
2021-12-09,MT,8,54,4
2021-12-08,MT,7,55,4
2021-12-07,MT,7,53,4
2021-12-06,MT,7,53,4
2021-12-05,MT,8,54,4
2021-12-04,MT,8,54,4
2021-12-03,MT,9,53,4
2021-12-02,MT,10,52,4
2021-12-01,MT,11,53,2
2021-11-30,MT,12,48,4
2021-11-29,MT,14,46,4
2021-11-28,MT,13,49,4
2021-11-27,MT,13,49,4
2021-11-26,MT,11,51,4
2021-11-25,MT,11,51,4
2021-11-24,MT,12,53,1
2021-11-23,MT,11,49,4
2021-11-22,MT,11,50,3
2021-11-21,MT,11,51,4
2021-11-20,MT,11,51,4
2021-11-19,MT,13,49,4
2021-11-18,MT,13,49,4
2021-11-17,MT,14,51,1
2021-11-16,MT,13,50,1
2021-11-15,MT,14,49,1
2021-11-14,MT,12,53,1
2021-11-13,MT,14,51,1
2021-11-12,MT,13,52,1
2021-11-11,MT,13,52,1
2021-11-10,MT,14,51,1
2021-11-09,MT,14,49,1
2021-11-08,MT,13,50,1
2021-11-07,MT,11,54,1
2021-11-06,MT,11,54,1
2021-11-05,MT,12,53,1
2021-11-04,MT,12,53,1
2021-11-03,MT,11,54,1
2021-11-02,MT,11,52,1
2021-11-01,MT,11,52,1
2021-10-31,MT,11,54,1
2021-10-30,MT,10,55,1
2021-10-29,MT,12,53,1
2021-10-28,MT,12,53,1
2021-10-27,MT,12,53,1
2021-10-26,MT,12,51,1
2021-10-25,MT,12,51,1
2021-10-24,MT,12,52,2
2021-10-23,MT,12,52,2
2021-10-22,MT,13,52,1
2021-10-21,MT,13,52,1
2021-10-20,MT,13,52,1
2021-10-19,MT,13,50,1
2021-10-18,MT,13,50,1
2021-10-17,MT,12,52,2
2021-10-16,MT,12,52,2
2021-10-15,MT,12,53,1
2021-10-14,MT,11,54,1
2021-10-13,MT,13,52,1
2021-10-12,MT,12,52,1
2021-10-11,MT,11,52,1
2021-10-10,MT,12,52,2
2021-10-09,MT,11,53,2
2021-10-08,MT,11,54,1
2021-10-07,MT,11,54,1
2021-10-06,MT,12,53,1
2021-10-05,MT,10,54,1
2021-10-04,MT,9,55,1
2021-10-03,MT,10,54,2
2021-10-02,MT,11,53,2
2021-10-01,MT,11,54,1
2021-09-30,MT,12,53,1
2021-09-29,MT,12,53,1
2021-09-28,MT,9,55,1
2021-09-27,MT,10,53,1
2021-09-26,MT,10,54,2
2021-09-25,MT,9,55,2
2021-09-24,MT,10,55,1
2021-09-23,MT,10,55,1
2021-09-22,MT,10,55,1
2021-09-21,MT,10,53,1
2021-09-20,MT,11,52,1
2021-09-19,MT,9,55,2
2021-09-18,MT,10,54,2
2021-09-17,MT,11,54,1
2021-09-16,MT,9,56,1
2021-09-15,MT,10,55,1
2021-09-14,MT,8,55,1
2021-09-13,MT,8,55,1
2021-09-12,MT,8,56,2
2021-09-11,MT,8,56,2
2021-09-10,MT,9,56,1
2021-09-09,MT,9,56,1
2021-09-08,MT,7,58,1
2021-09-07,MT,8,55,1
2021-09-06,MT,8,54,2
2021-09-05,MT,9,55,2
2021-09-04,MT,9,55,2
2021-09-03,MT,9,56,1
2021-09-02,MT,9,56,1
2021-09-01,MT,8,57,1
2021-08-31,MT,8,56,1
2021-08-30,MT,8,56,1
2021-08-29,MT,7,57,2
2021-08-28,MT,7,57,2
2021-08-27,MT,8,56,1
2021-08-26,MT,8,56,1
2021-08-25,MT,8,56,1
2021-08-24,MT,8,55,1
2021-08-23,MT,8,55,1
2021-08-22,MT,8,56,2
2021-08-21,MT,8,56,2
2021-08-20,MT,8,57,1
2021-08-19,MT,7,58,1
2021-08-18,MT,7,58,1
2021-08-17,MT,7,56,1
2021-08-16,MT,7,56,1
2021-08-15,MT,7,57,2
2021-08-14,MT,7,57,2
2021-08-13,MT,7,58,1
2021-08-12,MT,7,58,1
2021-08-11,MT,7,58,1
2021-08-10,MT,6,57,1
2021-08-09,MT,5,58,1
2021-08-08,MT,6,58,2
2021-08-07,MT,6,58,2
2021-08-06,MT,5,60,1
2021-08-05,MT,5,59,2
2021-08-04,MT,5,60,1
2021-08-03,MT,5,58,1
2021-08-02,MT,5,58,1
2021-08-01,MT,5,59,2
2021-07-31,MT,5,59,2
2021-07-30,MT,6,59,1
2021-07-29,MT,6,59,1
2021-07-28,MT,6,59,1
2021-07-27,MT,6,58,1
2021-07-26,MT,5,58,2
2021-07-25,MT,5,60,2
2021-07-24,MT,5,60,2
2021-07-23,MT,5,61,1
2021-07-22,MT,6,60,1
2021-07-21,MT,3,63,1
2021-07-20,MT,4,59,2
2021-07-19,MT,5,59,1
2021-07-18,MT,5,60,2
2021-07-17,MT,4,61,2
2021-07-16,MT,5,61,1
2021-07-15,MT,5,60,2
2021-07-14,MT,5,61,1
2021-07-13,MT,5,59,1
2021-07-12,MT,4,60,1
2021-07-11,MT,4,61,2
2021-07-10,MT,5,60,2
2021-07-09,MT,5,61,1
2021-07-08,MT,5,61,1
2021-07-07,MT,5,61,1
2021-07-06,MT,4,60,1
2021-07-05,MT,5,58,2
2021-07-04,MT,4,61,2
2021-07-03,MT,5,60,2
2021-07-02,MT,5,61,1
2021-07-01,MT,5,61,1
2021-06-30,MT,2,64,1
2021-06-29,MT,4,60,1
2021-06-28,MT,5,59,1
2021-06-27,MT,5,60,2
2021-06-26,MT,5,60,2
2021-06-25,MT,5,61,1
2021-06-24,MT,5,61,1
2021-06-23,MT,4,62,1
2021-06-22,MT,5,59,1
2021-06-21,MT,5,59,1
2021-06-20,MT,6,59,2
2021-06-19,MT,6,59,2
2021-06-18,MT,6,60,1
2021-06-17,MT,5,61,1
2021-06-16,MT,4,62,1
2021-06-15,MT,5,59,1
2021-06-14,MT,5,59,1
2021-06-13,MT,5,60,2
2021-06-12,MT,4,61,2
2021-06-11,MT,6,60,1
2021-06-10,MT,5,61,1
2021-06-09,MT,5,61,1
2021-06-08,MT,5,59,1
2021-06-07,MT,4,60,1
2021-06-06,MT,5,60,2
2021-06-05,MT,3,62,2
2021-06-04,MT,4,62,1
2021-06-03,MT,4,62,1
2021-06-02,MT,4,62,1
2021-06-01,MT,5,59,1
2021-05-31,MT,5,59,1
2021-05-30,MT,5,61,1
2021-05-29,MT,5,61,1
2021-05-28,MT,7,59,1
2021-05-27,MT,6,60,1
2021-05-26,MT,6,60,1
2021-05-25,MT,7,57,1
2021-05-24,MT,6,58,1
2021-05-23,MT,6,59,2
2021-05-22,MT,6,60,1
2021-05-21,MT,6,60,1
2021-05-20,MT,5,61,1
2021-05-19,MT,5,61,1
2021-05-18,MT,6,58,1
2021-05-17,MT,6,58,1
2021-05-16,MT,5,60,2
2021-05-15,MT,5,60,2
2021-05-14,MT,5,61,1
2021-05-13,MT,5,61,1
2021-05-12,MT,5,61,1
2021-05-11,MT,6,58,1
2021-05-10,MT,6,58,1
2021-05-09,MT,5,60,2
2021-05-08,MT,6,59,2
2021-05-07,MT,6,60,1
2021-05-06,MT,5,61,1
2021-05-05,MT,6,60,1
2021-05-04,MT,6,59,1
2021-05-03,MT,6,58,1
2021-05-02,MT,7,58,2
2021-05-01,MT,6,59,2
2021-04-30,MT,6,60,1
2021-04-29,MT,6,60,1
2021-04-28,MT,5,61,1
2021-04-27,MT,5,59,1
2021-04-26,MT,5,59,1
2021-04-25,MT,5,59,2
2021-04-24,MT,5,59,2
2021-04-23,MT,5,60,1
2021-04-22,MT,5,60,1
2021-04-21,MT,5,60,1
2021-04-20,MT,5,59,1
2021-04-19,MT,5,59,1
2021-04-18,MT,5,60,2
2021-04-17,MT,6,59,2
2021-04-16,MT,6,60,1
2021-04-15,MT,6,60,1
2021-04-14,MT,5,61,1
2021-04-13,MT,7,57,1
2021-04-12,MT,6,59,1
2021-04-11,MT,6,59,2
2021-04-10,MT,7,58,2
2021-04-09,MT,6,60,1
2021-04-08,MT,7,59,1
2021-04-07,MT,6,59,1
2021-04-06,MT,6,58,1
2021-04-05,MT,6,58,1
2021-04-04,MT,6,59,2
2021-04-03,MT,6,59,2
2021-04-02,MT,7,59,1
2021-04-01,MT,8,58,1
2021-03-31,MT,7,59,1
2021-03-30,MT,7,57,1
2021-03-29,MT,7,57,1
2021-03-28,MT,6,59,2
2021-03-27,MT,7,58,2
2021-03-26,MT,7,59,1
2021-03-25,MT,6,60,1
2021-03-24,MT,6,60,1
2021-03-23,MT,7,58,1
2021-03-22,MT,7,59,1
2021-03-21,MT,7,58,2
2021-03-20,MT,7,58,2
2021-03-19,MT,8,58,1
2021-03-18,MT,7,59,1
2021-03-17,MT,7,58,1
2021-03-16,MT,6,58,1
2021-03-15,MT,7,57,1
2021-03-14,MT,7,59,1
2021-03-13,MT,7,59,1
2021-03-12,MT,7,59,1
2021-03-11,MT,7,59,1
2021-03-10,MT,7,59,1
2021-03-09,MT,7,57,1
2021-03-08,MT,7,57,1
2021-03-07,MT,7,59,1
2021-03-06,MT,9,57,1
2021-03-05,MT,9,57,1
2021-03-04,MT,8,58,1
2021-03-03,MT,9,57,1
2021-03-02,MT,10,55,1
2021-03-01,MT,9,55,1
2021-02-28,MT,9,57,1
2021-02-27,MT,9,57,1
2021-02-26,MT,9,57,1
2021-02-25,MT,9,57,1
2021-02-24,MT,9,57,1
2021-02-23,MT,10,55,1
2021-02-22,MT,9,57,1
2021-02-21,MT,9,57,1
2021-02-20,MT,9,57,1
2021-02-19,MT,10,56,1
2021-02-18,MT,9,57,1
2021-02-17,MT,9,56,1
2021-02-16,MT,9,56,1
2021-02-15,MT,8,57,1
2021-02-14,MT,9,57,1
2021-02-13,MT,10,56,1
2021-02-12,MT,10,56,1
2021-02-11,MT,9,57,1
2021-02-10,MT,9,57,1
2021-02-09,MT,9,56,1
2021-02-08,MT,9,56,1
2021-02-07,MT,10,55,1
2021-02-06,MT,10,56,1
2021-02-05,MT,10,56,1
2021-02-04,MT,10,56,1
2021-02-03,MT,9,57,1
2021-02-02,MT,10,56,1
2021-02-01,MT,9,56,1
2021-01-31,MT,10,56,1
2021-01-30,MT,10,56,1
2021-01-29,MT,9,57,1
2021-01-28,MT,9,57,1
2021-01-27,MT,10,56,1
2021-01-26,MT,10,55,1
2021-01-25,MT,10,55,1
2021-01-24,MT,9,57,1
2021-01-23,MT,9,57,1
2021-01-22,MT,9,57,1
2021-01-21,MT,8,58,1
2021-01-20,MT,8,58,1
2021-01-19,MT,11,54,1
2021-01-18,MT,10,55,1
2021-01-17,MT,12,54,1
2021-01-16,MT,13,53,1
2021-01-15,MT,12,54,1
2021-01-14,MT,13,53,1
2021-01-13,MT,11,55,1
2021-01-12,MT,13,52,1
2021-01-11,MT,13,52,1
2021-01-10,MT,11,55,1
2021-01-09,MT,12,54,1
2021-01-08,MT,12,54,1
2021-01-07,MT,12,54,1
2021-01-06,MT,12,54,1
2021-01-05,MT,12,53,1
2021-01-04,MT,12,53,1
2021-01-03,MT,14,52,1
2021-01-02,MT,15,51,1
2021-01-01,MT,15,51,1
2020-12-31,MT,15,51,1
2020-12-30,MT,15,51,1
2020-12-29,MT,15,50,1
2020-12-28,MT,18,48,1
2020-12-27,MT,16,50,1
2020-12-26,MT,17,49,1
2020-12-25,MT,17,49,1
2020-12-24,MT,16,50,1
2020-12-23,MT,17,49,1
2020-12-22,MT,17,48,1
2020-12-21,MT,17,48,1
2020-12-20,MT,16,50,1
2020-12-19,MT,16,50,1
2020-12-18,MT,17,49,1
2020-12-17,MT,17,49,1
2020-12-16,MT,16,50,1
2020-12-15,MT,15,50,1
2020-12-14,MT,17,48,1
2020-12-13,MT,17,49,1
2020-12-12,MT,18,48,1
2020-12-11,MT,19,47,1
2020-12-10,MT,19,47,1
2020-12-09,MT,19,47,1
2020-12-08,MT,19,46,1
2020-12-07,MT,19,46,1
2020-12-06,MT,17,49,1
2020-12-05,MT,17,49,1
2020-12-04,MT,18,48,1
2020-12-03,MT,19,47,1
2020-12-02,MT,20,46,1
2020-12-01,MT,19,46,1
2020-11-30,MT,20,45,1
2020-11-29,MT,21,45,1
2020-11-28,MT,21,45,1
2020-11-27,MT,21,45,1
2020-11-26,MT,22,44,1
2020-11-25,MT,21,45,1
2020-11-24,MT,20,45,1
2020-11-23,MT,18,47,1
2020-11-22,MT,19,47,1
2020-11-21,MT,21,45,1
2020-11-20,MT,18,48,1
2020-11-19,MT,19,47,1
2020-11-18,MT,18,48,1
2020-11-17,MT,19,47,1
2020-11-16,MT,19,47,1
2020-11-15,MT,19,47,1
2020-11-14,MT,20,46,1
2020-11-13,MT,17,49,1
2020-11-12,MT,16,50,1
2020-11-11,MT,16,50,1
2020-11-10,MT,16,50,1
2020-11-09,MT,14,52,1
2020-11-08,MT,15,51,1
2020-11-07,MT,14,52,1
2020-11-06,MT,16,50,1
2020-11-05,MT,16,50,1
2020-11-04,MT,18,47,1
2020-11-03,MT,19,47,1
2020-11-02,MT,19,47,1
2020-11-01,MT,17,49,1
2020-10-31,MT,18,48,1
2020-10-30,MT,18,48,1
2020-10-29,MT,16,50,1
2020-10-28,MT,16,50,1
2020-10-27,MT,16,50,1
2020-10-26,MT,15,51,1
2020-10-25,MT,16,50,1
2020-10-24,MT,16,50,1
2020-10-23,MT,17,49,1
2020-10-22,MT,18,47,2
2020-10-21,MT,18,46,3
2020-10-20,MT,15,50,2
2020-10-19,MT,16,49,2
2020-10-18,MT,18,46,3
2020-10-17,MT,18,46,3
2020-10-16,MT,19,45,3
2020-10-15,MT,18,46,3
2020-10-14,MT,17,47,3
2020-10-13,MT,17,47,3
2020-10-12,MT,18,46,2
2020-10-11,MT,18,46,3
2020-10-10,MT,17,47,3
2020-10-09,MT,18,46,3
2020-10-08,MT,15,49,3
2020-10-07,MT,17,47,2
2020-10-06,MT,18,45,3
2020-10-05,MT,17,47,3
2020-10-04,MT,15,49,3
2020-10-03,MT,14,50,3
2020-10-02,MT,14,50,3
2020-10-01,MT,12,51,4
2020-09-30,MT,12,52,3
2020-09-29,MT,12,52,3
2020-09-28,MT,12,52,3
2020-09-27,MT,11,54,2
2020-09-26,MT,10,55,2
2020-09-25,MT,10,55,2
2020-09-24,MT,9,55,3
2020-09-23,MT,10,54,3
2020-09-22,MT,10,54,3
2020-09-21,MT,10,53,4
2020-09-20,MT,8,54,5
2020-09-19,MT,10,54,3
2020-09-18,MT,10,54,3
2020-09-17,MT,10,53,3
2020-09-16,MT,8,54,4
2020-09-15,MT,12,50,3
2020-09-14,MT,11,52,6
2020-09-13,MT,12,51,6
2020-09-12,MT,12,51,6
2020-09-11,MT,12,51,7
2020-09-10,MT,9,49,12
2020-09-09,MT,11,42,16
2020-09-08,MT,11,35,22
2020-09-07,MT,10,22,36
2020-09-06,MT,8,22,38
2020-09-05,MT,8,17,43
2020-09-04,MT,12,27,28
2020-09-03,MT,11,36,20
2020-09-02,MT,11,35,21
2020-09-01,MT,10,35,24
2020-08-31,MT,11,34,23
2020-08-30,MT,11,32,25
2020-08-29,MT,11,32,25
2020-08-28,MT,11,31,26
2020-08-27,MT,9,35,24
2020-08-26,MT,9,32,27
2020-08-25,MT,6,28,34
2020-08-24,MT,9,30,29
2020-08-23,MT,9,31,28
2020-08-22,MT,9,31,28
2020-08-21,MT,9,30,29
2020-08-20,MT,7,21,40
2020-08-19,MT,9,31,28
2020-08-18,MT,10,23,35
2020-08-17,MT,9,30,28
2020-08-16,MT,7,29,31
2020-08-15,MT,8,28,31
2020-08-14,MT,9,27,31
2020-08-13,MT,7,22,38
2020-08-12,MT,8,27,32
2020-08-11,MT,6,27,34
2020-08-10,MT,8,27,32
2020-08-09,MT,7,23,36
2020-08-08,MT,7,23,36
2020-08-07,MT,6,24,36
2020-08-06,MT,4,22,40
2020-08-05,MT,8,22,36
2020-08-04,MT,7,19,40
2020-08-03,MT,10,26,30
2020-08-02,MT,9,20,37
2020-08-01,MT,9,20,37
2023-04-10,NC,17,84,8
2023-04-09,NC,17,85,8
2023-04-08,NC,17,85,8
2023-04-07,NC,17,85,8
2023-04-06,NC,18,84,12
2023-04-05,NC,12,90,12
2023-04-04,NC,12,90,12
2023-04-03,NC,14,88,12
2023-04-02,NC,13,89,12
2023-04-01,NC,12,90,12
2023-03-31,NC,16,86,12
2023-03-30,NC,14,88,12
2023-03-29,NC,13,89,12
2023-03-28,NC,13,89,12
2023-03-27,NC,15,87,12
2023-03-26,NC,13,89,12
2023-03-25,NC,14,88,12
2023-03-24,NC,17,85,12
2023-03-23,NC,17,85,12
2023-03-22,NC,10,92,12
2023-03-21,NC,10,92,12
2023-03-20,NC,11,91,12
2023-03-19,NC,12,90,12
2023-03-18,NC,12,90,12
2023-03-17,NC,15,87,12
2023-03-16,NC,15,87,12
2023-03-15,NC,12,90,12
2023-03-14,NC,12,90,12
2023-03-13,NC,12,91,12
2023-03-12,NC,12,91,12
2023-03-11,NC,12,91,12
2023-03-10,NC,16,87,12
2023-03-09,NC,15,88,12
2023-03-08,NC,13,90,12
2023-03-07,NC,13,90,12
2023-03-06,NC,13,90,12
2023-03-05,NC,13,90,12
2023-03-04,NC,13,90,12
2023-03-03,NC,16,87,12
2023-03-02,NC,15,88,12
2023-03-01,NC,13,90,12
2023-02-28,NC,12,91,12
2023-02-27,NC,13,90,12
2023-02-26,NC,13,90,12
2023-02-25,NC,13,90,12
2023-02-24,NC,15,88,12
2023-02-23,NC,15,88,12
2023-02-22,NC,12,91,12
2023-02-21,NC,11,92,12
2023-02-20,NC,13,90,12
2023-02-19,NC,13,90,12
2023-02-18,NC,12,91,12
2023-02-17,NC,15,89,12
2023-02-16,NC,16,88,12
2023-02-15,NC,12,92,12
2023-02-14,NC,12,92,12
2023-02-13,NC,14,90,12
2023-02-12,NC,14,89,12
2023-02-11,NC,14,89,12
2023-02-10,NC,14,89,12
2023-02-09,NC,16,87,12
2023-02-08,NC,14,89,12
2023-02-07,NC,14,89,12
2023-02-06,NC,15,88,12
2023-02-05,NC,13,90,12
2023-02-04,NC,14,89,12
2023-02-03,NC,17,86,12
2023-02-02,NC,17,86,12
2023-02-01,NC,13,90,12
2023-01-31,NC,13,90,12
2023-01-30,NC,14,89,12
2023-01-29,NC,13,90,12
2023-01-28,NC,13,90,12
2023-01-27,NC,16,87,12
2023-01-26,NC,16,87,12
2023-01-25,NC,13,90,12
2023-01-24,NC,13,90,12
2023-01-23,NC,14,89,12
2023-01-22,NC,14,89,12
2023-01-21,NC,13,90,12
2023-01-20,NC,15,88,12
2023-01-19,NC,16,87,12
2023-01-18,NC,13,90,12
2023-01-17,NC,14,90,12
2023-01-16,NC,13,91,12
2023-01-15,NC,14,90,12
2023-01-14,NC,14,91,12
2023-01-13,NC,17,88,12
2023-01-12,NC,17,87,12
2023-01-11,NC,16,88,12
2023-01-10,NC,16,88,12
2023-01-09,NC,17,86,12
2023-01-08,NC,16,87,12
2023-01-07,NC,17,86,12
2023-01-06,NC,19,84,12
2023-01-05,NC,19,84,12
2023-01-04,NC,19,84,12
2023-01-03,NC,15,88,12
2023-01-02,NC,16,87,12
2023-01-01,NC,16,87,12
2022-12-31,NC,16,87,10
2022-12-30,NC,17,86,10
2022-12-29,NC,17,86,12
2022-12-28,NC,14,89,12
2022-12-27,NC,14,89,12
2022-12-26,NC,13,90,12
2022-12-25,NC,13,90,12
2022-12-24,NC,12,91,12
2022-12-23,NC,13,90,12
2022-12-22,NC,16,87,12
2022-12-21,NC,15,88,12
2022-12-20,NC,15,88,12
2022-12-19,NC,15,88,12
2022-12-18,NC,15,90,12
2022-12-17,NC,15,90,12
2022-12-16,NC,17,88,12
2022-12-15,NC,17,65,35
2022-12-14,NC,14,91,12
2022-12-13,NC,15,90,12
2022-12-12,NC,15,90,12
2022-12-11,NC,14,91,12
2022-12-10,NC,15,90,12
2022-12-09,NC,17,88,12
2022-12-08,NC,18,87,12
2022-12-07,NC,14,91,12
2022-12-06,NC,15,90,12
2022-12-05,NC,16,89,12
2022-12-04,NC,16,89,12
2022-12-03,NC,16,89,12
2022-12-02,NC,17,88,12
2022-12-01,NC,16,89,12
2022-11-30,NC,13,92,12
2022-11-29,NC,13,92,12
2022-11-28,NC,14,91,12
2022-11-27,NC,14,91,12
2022-11-26,NC,12,93,12
2022-11-25,NC,12,93,12
2022-11-24,NC,14,91,12
2022-11-23,NC,16,89,12
2022-11-22,NC,13,92,12
2022-11-21,NC,13,92,12
2022-11-20,NC,14,93,12
2022-11-19,NC,13,94,12
2022-11-18,NC,17,90,12
2022-11-17,NC,17,90,12
2022-11-16,NC,12,95,12
2022-11-15,NC,13,92,12
2022-11-14,NC,14,91,12
2022-11-13,NC,15,92,12
2022-11-12,NC,16,91,12
2022-11-11,NC,17,90,12
2022-11-10,NC,17,90,12
2022-11-09,NC,16,91,12
2022-11-08,NC,12,93,12
2022-11-07,NC,14,91,12
2022-11-06,NC,15,92,12
2022-11-05,NC,14,93,12
2022-11-04,NC,17,90,12
2022-11-03,NC,17,90,12
2022-11-02,NC,12,95,12
2022-11-01,NC,12,93,12
2022-10-31,NC,13,92,12
2022-10-30,NC,13,94,12
2022-10-29,NC,12,95,12
2022-10-28,NC,15,92,12
2022-10-27,NC,15,92,12
2022-10-26,NC,12,95,12
2022-10-25,NC,13,92,12
2022-10-24,NC,14,91,12
2022-10-23,NC,13,95,12
2022-10-22,NC,14,94,12
2022-10-21,NC,14,94,12
2022-10-20,NC,15,93,12
2022-10-19,NC,14,94,12
2022-10-18,NC,11,95,12
2022-10-17,NC,12,93,12
2022-10-16,NC,14,93,12
2022-10-15,NC,12,96,12
2022-10-14,NC,15,93,12
2022-10-13,NC,15,93,12
2022-10-12,NC,15,93,12
2022-10-11,NC,14,92,12
2022-10-10,NC,15,90,12
2022-10-09,NC,17,91,12
2022-10-08,NC,17,91,12
2022-10-07,NC,17,91,12
2022-10-06,NC,17,91,12
2022-10-05,NC,15,93,12
2022-10-04,NC,15,90,12
2022-10-03,NC,15,90,12
2022-10-02,NC,16,89,13
2022-10-01,NC,17,88,13
2022-09-30,NC,17,89,12
2022-09-29,NC,17,89,12
2022-09-28,NC,15,91,12
2022-09-27,NC,15,90,13
2022-09-26,NC,14,91,13
2022-09-25,NC,15,90,13
2022-09-24,NC,16,89,13
2022-09-23,NC,14,91,13
2022-09-22,NC,14,91,13
2022-09-21,NC,13,93,12
2022-09-20,NC,13,91,14
2022-09-19,NC,12,92,14
2022-09-18,NC,15,87,16
2022-09-17,NC,15,86,17
2022-09-16,NC,17,88,13
2022-09-15,NC,17,88,13
2022-09-14,NC,15,91,12
2022-09-13,NC,11,95,12
2022-09-12,NC,13,92,13
2022-09-11,NC,12,94,13
2022-09-10,NC,12,94,13
2022-09-09,NC,17,90,13
2022-09-08,NC,17,91,12
2022-09-07,NC,17,91,12
2022-09-06,NC,13,92,14
2022-09-05,NC,14,91,15
2022-09-04,NC,13,94,15
2022-09-03,NC,12,93,17
2022-09-02,NC,15,94,13
2022-09-01,NC,17,93,12
2022-08-31,NC,12,97,12
2022-08-30,NC,13,94,12
2022-08-29,NC,12,95,12
2022-08-28,NC,12,97,12
2022-08-27,NC,12,97,12
2022-08-26,NC,14,95,12
2022-08-25,NC,13,96,12
2022-08-24,NC,16,93,12
2022-08-23,NC,12,95,12
2022-08-22,NC,14,93,12
2022-08-21,NC,14,104,12
2022-08-20,NC,15,103,12
2022-08-19,NC,16,102,12
2022-08-18,NC,16,102,12
2022-08-17,NC,11,107,12
2022-08-16,NC,12,95,12
2022-08-15,NC,14,93,12
2022-08-14,NC,13,106,12
2022-08-13,NC,13,106,12
2022-08-12,NC,17,102,12
2022-08-11,NC,17,102,12
2022-08-10,NC,13,106,12
2022-08-09,NC,14,93,12
2022-08-08,NC,15,92,12
2022-08-07,NC,16,103,12
2022-08-06,NC,16,103,12
2022-08-05,NC,16,103,12
2022-08-04,NC,15,104,12
2022-08-03,NC,17,102,12
2022-08-02,NC,18,89,12
2022-08-01,NC,19,89,12
2022-07-31,NC,17,102,12
2022-07-30,NC,17,102,12
2022-07-29,NC,17,102,12
2022-07-28,NC,17,102,12
2022-07-27,NC,13,106,12
2022-07-26,NC,13,94,12
2022-07-25,NC,14,93,12
2022-07-24,NC,16,103,12
2022-07-23,NC,16,103,12
2022-07-22,NC,16,103,12
2022-07-21,NC,14,105,12
2022-07-20,NC,10,109,12
2022-07-19,NC,10,97,12
2022-07-18,NC,11,96,12
2022-07-17,NC,12,107,12
2022-07-16,NC,12,107,12
2022-07-15,NC,14,105,12
2022-07-14,NC,12,107,12
2022-07-13,NC,15,104,12
2022-07-12,NC,14,93,12
2022-07-11,NC,14,94,12
2022-07-10,NC,15,104,12
2022-07-09,NC,15,104,12
2022-07-08,NC,15,104,12
2022-07-07,NC,16,103,12
2022-07-06,NC,17,102,12
2022-07-05,NC,16,91,12
2022-07-04,NC,17,90,12
2022-07-03,NC,19,100,12
2022-07-02,NC,18,101,12
2022-07-01,NC,19,100,12
2022-06-30,NC,19,100,12
2022-06-29,NC,13,106,12
2022-06-28,NC,13,94,12
2022-06-27,NC,15,92,12
2022-06-26,NC,16,101,12
2022-06-25,NC,17,100,12
2022-06-24,NC,16,101,12
2022-06-23,NC,17,100,12
2022-06-22,NC,14,103,12
2022-06-21,NC,14,93,12
2022-06-20,NC,14,93,12
2022-06-19,NC,16,103,12
2022-06-18,NC,14,105,12
2022-06-17,NC,17,102,12
2022-06-16,NC,17,102,12
2022-06-15,NC,14,105,12
2022-06-14,NC,14,93,12
2022-06-13,NC,14,93,12
2022-06-12,NC,14,104,12
2022-06-11,NC,14,105,12
2022-06-10,NC,15,104,12
2022-06-09,NC,15,104,12
2022-06-08,NC,15,104,12
2022-06-07,NC,15,94,12
2022-06-06,NC,14,94,12
2022-06-05,NC,16,102,12
2022-06-04,NC,17,101,12
2022-06-03,NC,16,102,12
2022-06-02,NC,17,101,12
2022-06-01,NC,12,106,12
2022-05-31,NC,11,96,12
2022-05-30,NC,12,95,12
2022-05-29,NC,12,107,12
2022-05-28,NC,12,107,12
2022-05-27,NC,12,107,12
2022-05-26,NC,13,106,12
2022-05-25,NC,13,106,12
2022-05-24,NC,14,93,12
2022-05-23,NC,17,90,12
2022-05-22,NC,18,101,12
2022-05-21,NC,18,101,12
2022-05-20,NC,18,101,12
2022-05-19,NC,18,101,12
2022-05-18,NC,15,104,12
2022-05-17,NC,13,94,12
2022-05-16,NC,14,93,12
2022-05-15,NC,17,102,12
2022-05-14,NC,15,104,12
2022-05-13,NC,17,102,12
2022-05-12,NC,18,101,12
2022-05-11,NC,18,101,12
2022-05-10,NC,16,91,12
2022-05-09,NC,18,89,12
2022-05-08,NC,17,102,12
2022-05-07,NC,19,100,12
2022-05-06,NC,19,100,12
2022-05-05,NC,19,100,12
2022-05-04,NC,19,100,12
2022-05-03,NC,16,91,12
2022-05-02,NC,15,92,12
2022-05-01,NC,17,102,12
2022-04-30,NC,16,103,12
2022-04-29,NC,17,102,12
2022-04-28,NC,17,102,12
2022-04-27,NC,18,101,12
2022-04-26,NC,13,94,12
2022-04-25,NC,13,94,12
2022-04-24,NC,14,105,12
2022-04-23,NC,15,104,12
2022-04-22,NC,14,105,12
2022-04-21,NC,15,104,12
2022-04-20,NC,15,104,12
2022-04-19,NC,16,91,12
2022-04-18,NC,16,66,37
2022-04-17,NC,16,103,12
2022-04-16,NC,15,104,12
2022-04-15,NC,15,104,12
2022-04-14,NC,16,79,36
2022-04-13,NC,16,104,11
2022-04-12,NC,15,66,38
2022-04-11,NC,16,67,37
2022-04-10,NC,15,78,38
2022-04-09,NC,15,78,38
2022-04-08,NC,17,78,36
2022-04-07,NC,17,78,36
2022-04-06,NC,16,103,12
2022-04-05,NC,10,70,39
2022-04-04,NC,10,71,38
2022-04-03,NC,11,81,39
2022-04-02,NC,11,82,38
2022-04-01,NC,12,83,36
2022-03-31,NC,11,84,36
2022-03-30,NC,12,107,12
2022-03-29,NC,6,69,44
2022-03-28,NC,6,70,43
2022-03-27,NC,6,82,43
2022-03-26,NC,6,82,43
2022-03-25,NC,6,82,43
2022-03-24,NC,6,81,44
2022-03-23,NC,6,113,12
2022-03-22,NC,8,65,46
2022-03-21,NC,8,65,46
2022-03-20,NC,9,76,46
2022-03-19,NC,10,77,44
2022-03-18,NC,10,75,46
2022-03-17,NC,9,76,46
2022-03-16,NC,10,109,12
2022-03-15,NC,9,65,45
2022-03-14,NC,9,65,46
2022-03-13,NC,11,75,46
2022-03-12,NC,11,75,46
2022-03-11,NC,11,75,46
2022-03-10,NC,11,75,46
2022-03-09,NC,11,109,12
2022-03-08,NC,9,65,46
2022-03-07,NC,9,66,45
2022-03-06,NC,11,76,45
2022-03-05,NC,11,89,32
2022-03-04,NC,11,76,45
2022-03-03,NC,11,76,45
2022-03-02,NC,11,109,12
2022-03-01,NC,9,66,45
2022-02-28,NC,9,65,46
2022-02-27,NC,10,77,45
2022-02-26,NC,10,77,45
2022-02-25,NC,10,76,46
2022-02-24,NC,10,77,45
2022-02-23,NC,10,110,12
2022-02-22,NC,11,64,45
2022-02-21,NC,11,64,45
2022-02-20,NC,12,76,44
2022-02-19,NC,12,76,44
2022-02-18,NC,12,75,45
2022-02-17,NC,12,75,45
2022-02-16,NC,12,107,13
2022-02-15,NC,10,64,46
2022-02-14,NC,10,63,47
2022-02-13,NC,12,80,40
2022-02-12,NC,12,79,41
2022-02-11,NC,12,80,40
2022-02-10,NC,12,75,45
2022-02-09,NC,12,108,12
2022-02-08,NC,11,68,41
2022-02-07,NC,11,74,35
2022-02-06,NC,13,73,46
2022-02-05,NC,13,72,47
2022-02-04,NC,13,74,45
2022-02-03,NC,13,90,29
2022-02-02,NC,13,107,12
2022-02-01,NC,10,62,48
2022-01-31,NC,10,62,48
2022-01-30,NC,11,73,48
2022-01-29,NC,11,73,48
2022-01-28,NC,11,74,47
2022-01-27,NC,11,62,59
2022-01-26,NC,12,108,12
2022-01-25,NC,11,49,60
2022-01-24,NC,12,48,60
2022-01-23,NC,13,58,60
2022-01-22,NC,13,58,60
2022-01-21,NC,15,57,59
2022-01-20,NC,13,58,60
2022-01-19,NC,15,104,12
2022-01-18,NC,13,95,13
2022-01-17,NC,12,61,48
2022-01-16,NC,14,106,12
2022-01-15,NC,14,106,12
2022-01-14,NC,15,105,12
2022-01-13,NC,13,107,12
2022-01-12,NC,14,106,12
2022-01-11,NC,11,97,12
2022-01-10,NC,12,97,12
2022-01-09,NC,13,108,12
2022-01-08,NC,13,108,12
2022-01-07,NC,13,108,12
2022-01-06,NC,13,108,12
2022-01-05,NC,12,108,12
2022-01-04,NC,11,97,12
2022-01-03,NC,11,97,12
2022-01-02,NC,11,109,12
2022-01-01,NC,11,109,12
2021-12-31,NC,11,109,12
2021-12-30,NC,11,109,12
2021-12-29,NC,11,109,12
2021-12-28,NC,10,98,12
2021-12-27,NC,10,98,12
2021-12-26,NC,12,106,13
2021-12-25,NC,12,106,13
2021-12-24,NC,12,107,12
2021-12-23,NC,12,107,12
2021-12-22,NC,11,108,12
2021-12-21,NC,10,97,13
2021-12-20,NC,10,98,12
2021-12-19,NC,11,110,12
2021-12-18,NC,11,110,12
2021-12-17,NC,11,110,12
2021-12-16,NC,11,110,12
2021-12-15,NC,11,110,12
2021-12-14,NC,9,99,12
2021-12-13,NC,9,99,12
2021-12-12,NC,10,111,12
2021-12-11,NC,10,110,13
2021-12-10,NC,9,112,12
2021-12-09,NC,10,110,13
2021-12-08,NC,10,111,12
2021-12-07,NC,9,99,12
2021-12-06,NC,10,98,12
2021-12-05,NC,10,111,12
2021-12-04,NC,10,111,12
2021-12-03,NC,10,111,12
2021-12-02,NC,10,111,12
2021-12-01,NC,10,110,13
2021-11-30,NC,10,99,13
2021-11-29,NC,10,100,12
2021-11-28,NC,10,111,12
2021-11-27,NC,10,111,12
2021-11-26,NC,10,111,12
2021-11-25,NC,10,110,13
2021-11-24,NC,10,111,12
2021-11-23,NC,9,99,12
2021-11-22,NC,9,99,12
2021-11-21,NC,9,112,12
2021-11-20,NC,9,112,12
2021-11-19,NC,8,113,12
2021-11-18,NC,8,113,12
2021-11-17,NC,9,112,12
2021-11-16,NC,10,98,12
2021-11-15,NC,10,98,12
2021-11-14,NC,10,111,12
2021-11-13,NC,10,111,12
2021-11-12,NC,10,111,12
2021-11-11,NC,10,111,12
2021-11-10,NC,10,111,12
2021-11-09,NC,10,98,12
2021-11-08,NC,10,98,12
2021-11-07,NC,10,111,12
2021-11-06,NC,9,112,12
2021-11-05,NC,9,112,12
2021-11-04,NC,9,112,12
2021-11-03,NC,9,77,47
2021-11-02,NC,9,99,12
2021-11-01,NC,10,98,12
2021-10-31,NC,8,113,12
2021-10-30,NC,10,111,12
2021-10-29,NC,10,111,12
2021-10-28,NC,10,111,12
2021-10-27,NC,9,74,50
2021-10-26,NC,8,100,12
2021-10-25,NC,9,99,12
2021-10-24,NC,9,112,12
2021-10-23,NC,10,111,12
2021-10-22,NC,10,111,12
2021-10-21,NC,9,112,12
2021-10-20,NC,10,110,13
2021-10-19,NC,9,99,12
2021-10-18,NC,9,99,12
2021-10-17,NC,9,112,12
2021-10-16,NC,9,112,12
2021-10-15,NC,9,112,12
2021-10-14,NC,9,112,12
2021-10-13,NC,9,76,48
2021-10-12,NC,9,99,12
2021-10-11,NC,10,98,12
2021-10-10,NC,9,111,12
2021-10-09,NC,9,112,12
2021-10-08,NC,10,111,12
2021-10-07,NC,10,111,12
2021-10-06,NC,10,72,51
2021-10-05,NC,9,100,12
2021-10-04,NC,10,98,12
2021-10-03,NC,10,108,13
2021-10-02,NC,9,111,12
2021-10-01,NC,11,109,12
2021-09-30,NC,11,109,12
2021-09-29,NC,12,71,49
2021-09-28,NC,10,99,12
2021-09-27,NC,10,97,13
2021-09-26,NC,10,111,12
2021-09-25,NC,10,111,12
2021-09-24,NC,9,112,12
2021-09-23,NC,9,112,12
2021-09-22,NC,9,73,51
2021-09-21,NC,10,59,51
2021-09-20,NC,10,60,51
2021-09-19,NC,9,112,12
2021-09-18,NC,10,111,12
2021-09-17,NC,11,110,12
2021-09-16,NC,10,111,12
2021-09-15,NC,13,68,51
2021-09-14,NC,12,96,12
2021-09-13,NC,12,97,12
2021-09-12,NC,13,108,12
2021-09-11,NC,12,109,12
2021-09-10,NC,13,108,12
2021-09-09,NC,13,107,13
2021-09-08,NC,13,68,51
2021-09-07,NC,13,95,12
2021-09-06,NC,13,94,13
2021-09-05,NC,13,107,13
2021-09-04,NC,13,107,13
2021-09-03,NC,13,107,13
2021-09-02,NC,13,107,13
2021-09-01,NC,13,70,50
2021-08-31,NC,12,92,16
2021-08-30,NC,13,95,12
2021-08-29,NC,13,108,12
2021-08-28,NC,14,107,12
2021-08-27,NC,14,107,12
2021-08-26,NC,13,108,12
2021-08-25,NC,14,68,51
2021-08-24,NC,11,58,51
2021-08-23,NC,10,60,50
2021-08-22,NC,11,109,13
2021-08-21,NC,11,110,12
2021-08-20,NC,11,110,12
2021-08-19,NC,11,110,12
2021-08-18,NC,11,73,49
2021-08-17,NC,10,98,12
2021-08-16,NC,10,98,12
2021-08-15,NC,11,110,12
2021-08-14,NC,11,110,12
2021-08-13,NC,11,110,12
2021-08-12,NC,11,110,12
2021-08-11,NC,11,72,50
2021-08-10,NC,10,98,12
2021-08-09,NC,9,99,12
2021-08-08,NC,10,111,12
2021-08-07,NC,10,108,15
2021-08-06,NC,10,111,12
2021-08-05,NC,10,111,12
2021-08-04,NC,9,112,12
2021-08-03,NC,7,101,12
2021-08-02,NC,7,101,12
2021-08-01,NC,6,115,12
2021-07-31,NC,6,69,58
2021-07-30,NC,1,34,98
2021-07-29,NC,6,70,57
2021-07-28,NC,6,115,12
2021-07-27,NC,5,57,58
2021-07-26,NC,5,103,12
2021-07-25,NC,7,114,12
2021-07-24,NC,5,116,12
2021-07-23,NC,6,68,59
2021-07-22,NC,6,115,12
2021-07-21,NC,5,116,12
2021-07-20,NC,5,101,13
2021-07-19,NC,5,102,12
2021-07-18,NC,4,116,12
2021-07-17,NC,4,115,13
2021-07-16,NC,5,114,13
2021-07-15,NC,5,114,13
2021-07-14,NC,5,115,12
2021-07-13,NC,5,102,12
2021-07-12,NC,3,104,12
2021-07-11,NC,4,117,12
2021-07-10,NC,4,117,12
2021-07-09,NC,5,116,12
2021-07-08,NC,5,116,12
2021-07-07,NC,4,117,12
2021-07-06,NC,4,103,12
2021-07-05,NC,3,104,12
2021-07-04,NC,4,117,12
2021-07-03,NC,4,117,12
2021-07-02,NC,3,118,12
2021-07-01,NC,3,118,12
2021-06-30,NC,4,117,12
2021-06-29,NC,3,104,12
2021-06-28,NC,4,103,12
2021-06-27,NC,4,116,12
2021-06-26,NC,4,116,12
2021-06-25,NC,3,117,12
2021-06-24,NC,3,117,12
2021-06-23,NC,4,116,12
2021-06-22,NC,4,103,12
2021-06-21,NC,4,103,12
2021-06-20,NC,4,116,12
2021-06-19,NC,4,116,12
2021-06-18,NC,4,116,12
2021-06-17,NC,4,116,12
2021-06-16,NC,3,117,12
2021-06-15,NC,3,104,12
2021-06-14,NC,6,109,4
2021-06-13,NC,6,121,6
2021-06-12,NC,6,121,6
2021-06-11,NC,5,124,4
2021-06-10,NC,5,124,4
2021-06-09,NC,5,124,4
2021-06-08,NC,4,111,4
2021-06-07,NC,7,108,4
2021-06-06,NC,6,123,4
2021-06-05,NC,6,123,4
2021-06-04,NC,5,124,4
2021-06-03,NC,4,125,4
2021-06-02,NC,4,125,4
2021-06-01,NC,4,111,4
2021-05-31,NC,4,111,4
2021-05-30,NC,5,124,4
2021-05-29,NC,5,124,4
2021-05-28,NC,4,125,4
2021-05-27,NC,4,125,4
2021-05-26,NC,4,125,4
2021-05-25,NC,5,110,4
2021-05-24,NC,5,110,4
2021-05-23,NC,6,122,5
2021-05-22,NC,5,124,4
2021-05-21,NC,5,124,4
2021-05-20,NC,7,122,4
2021-05-19,NC,4,124,4
2021-05-18,NC,3,111,4
2021-05-17,NC,3,111,4
2021-05-16,NC,3,125,4
2021-05-15,NC,3,125,4
2021-05-14,NC,3,125,4
2021-05-13,NC,3,125,4
2021-05-12,NC,4,124,4
2021-05-11,NC,3,111,4
2021-05-10,NC,3,111,4
2021-05-09,NC,3,125,4
2021-05-08,NC,3,125,4
2021-05-07,NC,3,125,4
2021-05-06,NC,3,125,4
2021-05-05,NC,6,122,4
2021-05-04,NC,3,111,4
2021-05-03,NC,3,111,4
2021-05-02,NC,3,125,4
2021-05-01,NC,4,124,4
2021-04-30,NC,3,125,4
2021-04-29,NC,4,124,4
2021-04-28,NC,3,125,4
2021-04-27,NC,5,109,4
2021-04-26,NC,3,111,4
2021-04-25,NC,4,123,5
2021-04-24,NC,5,122,5
2021-04-23,NC,4,123,5
2021-04-22,NC,3,124,5
2021-04-21,NC,5,123,4
2021-04-20,NC,4,109,5
2021-04-19,NC,4,110,5
2021-04-18,NC,4,122,6
2021-04-17,NC,3,123,6
2021-04-16,NC,3,123,6
2021-04-15,NC,3,125,4
2021-04-14,NC,5,121,5
2021-04-13,NC,3,112,4
2021-04-12,NC,3,113,4
2021-04-11,NC,4,124,4
2021-04-10,NC,2,125,5
2021-04-09,NC,3,125,4
2021-04-08,NC,4,124,4
2021-04-07,NC,4,124,4
2021-04-06,NC,4,112,4
2021-04-05,NC,4,112,4
2021-04-04,NC,4,124,4
2021-04-03,NC,4,124,4
2021-04-02,NC,4,124,4
2021-04-01,NC,3,125,4
2021-03-31,NC,5,123,4
2021-03-30,NC,3,112,4
2021-03-29,NC,3,112,4
2021-03-28,NC,3,123,6
2021-03-27,NC,3,125,4
2021-03-26,NC,3,125,4
2021-03-25,NC,3,125,4
2021-03-24,NC,3,125,4
2021-03-23,NC,3,112,4
2021-03-22,NC,2,113,4
2021-03-21,NC,3,125,4
2021-03-20,NC,3,125,4
2021-03-19,NC,3,125,4
2021-03-18,NC,3,124,5
2021-03-17,NC,4,124,4
2021-03-16,NC,4,111,4
2021-03-15,NC,2,113,4
2021-03-14,NC,3,125,4
2021-03-13,NC,3,125,4
2021-03-12,NC,3,125,4
2021-03-11,NC,3,125,4
2021-03-10,NC,5,123,4
2021-03-09,NC,3,112,4
2021-03-08,NC,4,111,4
2021-03-07,NC,3,124,4
2021-03-06,NC,3,124,4
2021-03-05,NC,4,123,4
2021-03-04,NC,4,123,4
2021-03-03,NC,4,123,4
2021-03-02,NC,3,112,4
2021-03-01,NC,2,113,4
2021-02-28,NC,2,126,4
2021-02-27,NC,2,124,6
2021-02-26,NC,3,125,4
2021-02-25,NC,3,125,4
2021-02-24,NC,5,123,4
2021-02-23,NC,5,110,4
2021-02-22,NC,4,111,4
2021-02-21,NC,4,124,4
2021-02-20,NC,4,124,4
2021-02-19,NC,5,123,4
2021-02-18,NC,4,124,4
2021-02-17,NC,5,123,4
2021-02-16,NC,4,111,4
2021-02-15,NC,6,109,4
2021-02-14,NC,4,124,4
2021-02-13,NC,4,124,4
2021-02-12,NC,3,125,4
2021-02-11,NC,4,124,4
2021-02-10,NC,5,123,4
2021-02-09,NC,5,110,4
2021-02-08,NC,4,111,4
2021-02-07,NC,3,125,4
2021-02-06,NC,2,126,4
2021-02-05,NC,3,125,4
2021-02-04,NC,6,122,4
2021-02-03,NC,3,125,4
2021-02-02,NC,4,110,5
2021-02-01,NC,4,111,4
2021-01-31,NC,5,123,4
2021-01-30,NC,6,122,4
2021-01-29,NC,6,122,4
2021-01-28,NC,6,122,4
2021-01-27,NC,7,121,4
2021-01-26,NC,7,108,4
2021-01-25,NC,6,110,4
2021-01-24,NC,6,122,4
2021-01-23,NC,6,122,4
2021-01-22,NC,7,121,4
2021-01-21,NC,7,121,4
2021-01-20,NC,6,122,4
2021-01-19,NC,6,108,4
2021-01-18,NC,6,108,4
2021-01-17,NC,6,121,4
2021-01-16,NC,6,122,4
2021-01-15,NC,6,122,4
2021-01-14,NC,6,122,4
2021-01-13,NC,7,121,4
2021-01-12,NC,7,108,4
2021-01-11,NC,7,108,4
2021-01-10,NC,8,120,4
2021-01-09,NC,7,121,4
2021-01-08,NC,6,122,4
2021-01-07,NC,6,122,4
2021-01-06,NC,9,119,4
2021-01-05,NC,6,108,5
2021-01-04,NC,5,109,5
2021-01-03,NC,5,123,4
2021-01-02,NC,5,123,4
2021-01-01,NC,5,123,4
2020-12-31,NC,6,122,4
2020-12-30,NC,10,118,4
2020-12-29,NC,6,108,4
2020-12-28,NC,7,107,4
2020-12-27,NC,8,120,4
2020-12-26,NC,8,120,4
2020-12-25,NC,8,120,4
2020-12-24,NC,8,120,4
2020-12-23,NC,11,117,4
2020-12-22,NC,8,108,4
2020-12-21,NC,8,107,4
2020-12-20,NC,8,120,4
2020-12-19,NC,9,119,4
2020-12-18,NC,9,119,4
2020-12-17,NC,8,120,4
2020-12-16,NC,9,119,4
2020-12-15,NC,7,108,4
2020-12-14,NC,8,109,4
2020-12-13,NC,9,119,4
2020-12-12,NC,9,119,4
2020-12-11,NC,9,119,4
2020-12-10,NC,8,120,4
2020-12-09,NC,12,116,4
2020-12-08,NC,6,112,4
2020-12-07,NC,6,113,4
2020-12-06,NC,6,122,4
2020-12-05,NC,7,121,4
2020-12-04,NC,6,122,4
2020-12-03,NC,7,121,4
2020-12-02,NC,2,125,4
2020-12-01,NC,3,115,4
2020-11-30,NC,7,111,4
2020-11-29,NC,8,118,4
2020-11-28,NC,7,119,4
2020-11-27,NC,8,118,4
2020-11-26,NC,8,118,4
2020-11-25,NC,8,118,4
2020-11-24,NC,6,111,4
2020-11-23,NC,6,113,4
2020-11-22,NC,7,120,4
2020-11-21,NC,6,121,4
2020-11-20,NC,9,118,4
2020-11-19,NC,6,121,4
2020-11-18,NC,6,119,4
2020-11-17,NC,8,109,4
2020-11-16,NC,7,111,4
2020-11-15,NC,8,119,4
2020-11-14,NC,9,118,4
2020-11-13,NC,9,118,4
2020-11-12,NC,8,119,4
2020-11-11,NC,10,117,4
2020-11-10,NC,7,111,4
2020-11-09,NC,8,110,4
2020-11-08,NC,3,123,4
2020-11-07,NC,3,123,4
2020-11-06,NC,3,123,4
2020-11-05,NC,3,123,4
2020-11-04,NC,3,123,4
2020-11-03,NC,3,115,4
2020-11-02,NC,3,115,4
2020-11-01,NC,3,122,4
2020-10-31,NC,3,122,4
2020-10-30,NC,3,121,5
2020-10-29,NC,3,121,5
2020-10-28,NC,3,121,5
2020-10-27,NC,4,116,5
2020-10-26,NC,4,117,5
2020-10-25,NC,5,117,6
2020-10-24,NC,4,118,6
2020-10-23,NC,4,119,6
2020-10-22,NC,5,119,5
2020-10-21,NC,4,119,5
2020-10-20,NC,4,116,5
2020-10-19,NC,4,117,5
2020-10-18,NC,5,117,5
2020-10-17,NC,4,120,5
2020-10-16,NC,5,120,5
2020-10-15,NC,4,121,5
2020-10-14,NC,13,111,5
2020-10-13,NC,5,118,5
2020-10-12,NC,5,117,5
2020-10-11,NC,6,116,5
2020-10-10,NC,5,117,5
2020-10-09,NC,5,117,5
2020-10-08,NC,5,116,6
2020-10-07,NC,15,104,7
2020-10-06,NC,5,114,8
2020-10-05,NC,9,110,8
2020-10-04,NC,7,112,9
2020-10-03,NC,8,111,9
2020-10-02,NC,15,105,8
2020-10-01,NC,6,114,8
2020-09-30,NC,14,106,8
2020-09-29,NC,6,113,8
2020-09-28,NC,18,93,16
2020-09-27,NC,6,113,8
2020-09-26,NC,6,111,10
2020-09-25,NC,18,95,14
2020-09-24,NC,7,33,87
2020-09-23,NC,15,98,14
2020-09-22,NC,6,30,91
2020-09-21,NC,16,103,8
2020-09-20,NC,6,30,91
2020-09-19,NC,6,31,90
2020-09-18,NC,15,97,15
2020-09-17,NC,6,33,88
2020-09-16,NC,15,96,16
2020-09-15,NC,6,30,91
2020-09-14,NC,18,94,15
2020-09-13,NC,7,33,87
2020-09-12,NC,7,112,8
2020-09-11,NC,15,104,8
2020-09-10,NC,5,112,9
2020-09-09,NC,13,94,18
2020-09-08,NC,7,26,91
2020-09-07,NC,11,92,21
2020-09-06,NC,8,25,91
2020-09-05,NC,7,100,18
2020-09-04,NC,6,110,10
2020-09-03,NC,7,107,10
2020-09-02,NC,8,106,11
2020-09-01,NC,6,105,14
2020-08-31,NC,7,108,10
2020-08-30,NC,3,100,21
2020-08-29,NC,3,99,22
2020-08-28,NC,3,99,21
2020-08-27,NC,11,91,21
2020-08-26,NC,11,91,21
2020-08-25,NC,8,93,21
2020-08-24,NC,10,91,21
2020-08-23,NC,9,101,11
2020-08-22,NC,10,93,19
2020-08-21,NC,10,92,21
2020-08-20,NC,13,91,20
2020-08-19,NC,13,91,20
2020-08-18,NC,13,91,19
2020-08-17,NC,11,104,5
2020-08-16,NC,11,94,16
2020-08-15,NC,17,69,35
2020-08-14,NC,12,90,20
2020-08-13,NC,14,88,20
2020-08-12,NC,15,83,24
2020-08-11,NC,13,89,18
2020-08-10,NC,13,89,18
2020-08-09,NC,12,87,21
2020-08-08,NC,12,91,18
2020-08-07,NC,11,92,18
2020-08-06,NC,13,88,20
2020-08-05,NC,17,86,18
2020-08-04,NC,11,90,19
2020-08-03,NC,12,89,19
2020-08-02,NC,15,84,19
2020-08-01,NC,14,87,19
2023-04-10,ND,5,32,4
2023-04-09,ND,5,32,4
2023-04-08,ND,5,33,4
2023-04-07,ND,6,34,4
2023-04-06,ND,6,34,5
2023-04-05,ND,7,33,5
2023-04-04,ND,7,34,5
2023-04-03,ND,6,36,4
2023-04-02,ND,7,35,5
2023-04-01,ND,7,35,5
2023-03-31,ND,7,35,5
2023-03-30,ND,7,36,4
2023-03-29,ND,7,35,5
2023-03-28,ND,8,34,5
2023-03-27,ND,7,36,4
2023-03-26,ND,7,36,4
2023-03-25,ND,8,34,5
2023-03-24,ND,8,34,5
2023-03-23,ND,8,34,5
2023-03-22,ND,7,36,4
2023-03-21,ND,7,35,5
2023-03-20,ND,8,34,5
2023-03-19,ND,9,34,4
2023-03-18,ND,8,34,5
2023-03-17,ND,9,33,5
2023-03-16,ND,9,33,5
2023-03-15,ND,9,33,5
2023-03-14,ND,9,33,5
2023-03-13,ND,9,33,5
2023-03-12,ND,8,34,5
2023-03-11,ND,9,33,5
2023-03-10,ND,9,33,5
2023-03-09,ND,9,33,5
2023-03-08,ND,9,34,4
2023-03-07,ND,10,32,5
2023-03-06,ND,9,33,5
2023-03-05,ND,8,35,4
2023-03-04,ND,9,33,5
2023-03-03,ND,11,31,5
2023-03-02,ND,10,32,5
2023-03-01,ND,9,34,4
2023-02-28,ND,10,32,5
2023-02-27,ND,10,32,5
2023-02-26,ND,10,32,5
2023-02-25,ND,10,32,5
2023-02-24,ND,9,33,5
2023-02-23,ND,9,33,5
2023-02-22,ND,8,34,5
2023-02-21,ND,8,34,5
2023-02-20,ND,7,35,5
2023-02-19,ND,8,34,5
2023-02-18,ND,8,34,5
2023-02-17,ND,11,31,5
2023-02-16,ND,10,32,5
2023-02-15,ND,10,33,4
2023-02-14,ND,11,31,5
2023-02-13,ND,9,33,5
2023-02-12,ND,8,35,4
2023-02-11,ND,9,33,5
2023-02-10,ND,10,32,5
2023-02-09,ND,7,34,6
2023-02-08,ND,10,33,4
2023-02-07,ND,11,31,5
2023-02-06,ND,9,34,4
2023-02-05,ND,9,34,4
2023-02-04,ND,8,34,5
2023-02-03,ND,9,33,5
2023-02-02,ND,9,34,4
2023-02-01,ND,10,32,5
2023-01-31,ND,9,33,5
2023-01-30,ND,11,32,4
2023-01-29,ND,9,34,4
2023-01-28,ND,9,33,5
2023-01-27,ND,10,32,5
2023-01-26,ND,8,35,4
2023-01-25,ND,8,35,4
2023-01-24,ND,7,36,4
2023-01-23,ND,9,33,5
2023-01-22,ND,9,34,4
2023-01-21,ND,9,33,5
2023-01-20,ND,10,32,5
2023-01-19,ND,9,34,4
2023-01-18,ND,9,34,4
2023-01-17,ND,9,33,5
2023-01-16,ND,9,32,5
2023-01-15,ND,9,34,4
2023-01-14,ND,9,34,5
2023-01-13,ND,9,35,4
2023-01-12,ND,9,34,4
2023-01-11,ND,9,34,4
2023-01-10,ND,8,34,5
2023-01-09,ND,9,34,4
2023-01-08,ND,9,34,4
2023-01-07,ND,9,33,5
2023-01-06,ND,9,33,5
2023-01-05,ND,11,32,4
2023-01-04,ND,10,33,4
2023-01-03,ND,10,33,4
2023-01-02,ND,9,33,5
2023-01-01,ND,9,33,5
2022-12-31,ND,10,32,4
2022-12-30,ND,10,32,4
2022-12-29,ND,9,34,4
2022-12-28,ND,10,33,4
2022-12-27,ND,10,33,4
2022-12-26,ND,11,30,5
2022-12-25,ND,10,31,5
2022-12-24,ND,10,32,5
2022-12-23,ND,10,32,5
2022-12-22,ND,9,34,4
2022-12-21,ND,9,34,4
2022-12-20,ND,10,32,5
2022-12-19,ND,9,34,4
2022-12-18,ND,11,32,4
2022-12-17,ND,12,31,4
2022-12-16,ND,12,30,5
2022-12-15,ND,12,29,4
2022-12-14,ND,5,20,5
2022-12-13,ND,6,18,5
2022-12-12,ND,6,19,5
2022-12-11,ND,6,20,5
2022-12-10,ND,6,20,5
2022-12-09,ND,5,18,5
2022-12-08,ND,6,19,5
2022-12-07,ND,5,20,5
2022-12-06,ND,10,31,5
2022-12-05,ND,9,33,5
2022-12-04,ND,10,34,5
2022-12-03,ND,11,33,5
2022-12-02,ND,12,33,4
2022-12-01,ND,12,33,4
2022-11-30,ND,10,35,4
2022-11-29,ND,10,33,4
2022-11-28,ND,11,32,4
2022-11-27,ND,9,37,4
2022-11-26,ND,9,37,4
2022-11-25,ND,10,36,4
2022-11-24,ND,9,37,4
2022-11-23,ND,12,34,4
2022-11-22,ND,9,34,4
2022-11-21,ND,10,32,4
2022-11-20,ND,13,32,4
2022-11-19,ND,11,34,4
2022-11-18,ND,11,34,4
2022-11-17,ND,10,35,4
2022-11-16,ND,10,35,4
2022-11-15,ND,9,35,4
2022-11-14,ND,10,34,4
2022-11-13,ND,10,37,4
2022-11-12,ND,10,37,4
2022-11-11,ND,11,36,4
2022-11-10,ND,10,37,4
2022-11-09,ND,10,37,4
2022-11-08,ND,10,34,4
2022-11-07,ND,9,34,4
2022-11-06,ND,10,37,4
2022-11-05,ND,10,37,4
2022-11-04,ND,9,38,4
2022-11-03,ND,10,37,4
2022-11-02,ND,11,36,4
2022-11-01,ND,10,34,4
2022-10-31,ND,12,32,4
2022-10-30,ND,10,37,4
2022-10-29,ND,9,38,4
2022-10-28,ND,11,36,4
2022-10-27,ND,10,37,4
2022-10-26,ND,11,36,4
2022-10-25,ND,9,35,4
2022-10-24,ND,9,35,4
2022-10-23,ND,10,37,4
2022-10-22,ND,12,35,4
2022-10-21,ND,12,35,4
2022-10-20,ND,12,35,4
2022-10-19,ND,13,34,4
2022-10-18,ND,10,34,4
2022-10-17,ND,9,35,4
2022-10-16,ND,10,37,4
2022-10-15,ND,10,37,4
2022-10-14,ND,11,36,4
2022-10-13,ND,10,37,4
2022-10-12,ND,11,35,4
2022-10-11,ND,9,34,4
2022-10-10,ND,9,34,4
2022-10-09,ND,10,36,4
2022-10-08,ND,9,37,4
2022-10-07,ND,10,36,4
2022-10-06,ND,9,37,4
2022-10-05,ND,12,34,4
2022-10-04,ND,8,35,4
2022-10-03,ND,10,33,4
2022-10-02,ND,9,37,4
2022-10-01,ND,10,36,4
2022-09-30,ND,10,36,4
2022-09-29,ND,10,36,4
2022-09-28,ND,11,35,4
2022-09-27,ND,11,32,4
2022-09-26,ND,9,34,4
2022-09-25,ND,10,36,4
2022-09-24,ND,10,36,4
2022-09-23,ND,12,34,4
2022-09-22,ND,12,34,4
2022-09-21,ND,12,33,4
2022-09-20,ND,12,31,4
2022-09-19,ND,12,31,4
2022-09-18,ND,10,36,4
2022-09-17,ND,10,36,4
2022-09-16,ND,13,33,4
2022-09-15,ND,12,34,4
2022-09-14,ND,13,33,4
2022-09-13,ND,11,32,4
2022-09-12,ND,11,33,4
2022-09-11,ND,12,35,4
2022-09-10,ND,11,36,4
2022-09-09,ND,12,36,4
2022-09-08,ND,11,37,4
2022-09-07,ND,13,35,4
2022-09-06,ND,11,34,4
2022-09-05,ND,8,37,4
2022-09-04,ND,10,38,4
2022-09-03,ND,11,37,4
2022-09-02,ND,11,37,4
2022-09-01,ND,12,35,4
2022-08-31,ND,13,34,4
2022-08-30,ND,11,35,4
2022-08-29,ND,9,37,4
2022-08-28,ND,12,36,4
2022-08-27,ND,10,38,4
2022-08-26,ND,11,37,4
2022-08-25,ND,12,34,5
2022-08-24,ND,12,35,4
2022-08-23,ND,10,36,4
2022-08-22,ND,13,33,4
2022-08-21,ND,12,36,4
2022-08-20,ND,12,36,4
2022-08-19,ND,14,34,4
2022-08-18,ND,13,35,4
2022-08-17,ND,12,36,4
2022-08-16,ND,11,34,4
2022-08-15,ND,13,31,4
2022-08-14,ND,13,34,4
2022-08-13,ND,12,35,4
2022-08-12,ND,14,33,4
2022-08-11,ND,14,33,4
2022-08-10,ND,12,35,4
2022-08-09,ND,12,31,4
2022-08-08,ND,12,31,4
2022-08-07,ND,11,35,4
2022-08-06,ND,11,35,4
2022-08-05,ND,14,32,4
2022-08-04,ND,13,32,5
2022-08-03,ND,13,33,4
2022-08-02,ND,11,33,4
2022-08-01,ND,10,34,4
2022-07-31,ND,12,34,4
2022-07-30,ND,11,35,4
2022-07-29,ND,12,34,4
2022-07-28,ND,11,35,4
2022-07-27,ND,13,33,4
2022-07-26,ND,11,33,4
2022-07-25,ND,11,33,4
2022-07-24,ND,10,37,4
2022-07-23,ND,10,37,4
2022-07-22,ND,11,35,5
2022-07-21,ND,8,39,4
2022-07-20,ND,11,36,4
2022-07-19,ND,10,34,4
2022-07-18,ND,12,31,4
2022-07-17,ND,11,36,4
2022-07-16,ND,11,36,4
2022-07-15,ND,13,34,4
2022-07-14,ND,10,37,4
2022-07-13,ND,13,34,4
2022-07-12,ND,10,34,4
2022-07-11,ND,11,33,4
2022-07-10,ND,10,37,4
2022-07-09,ND,10,37,4
2022-07-08,ND,9,38,4
2022-07-07,ND,10,37,4
2022-07-06,ND,11,35,4
2022-07-05,ND,11,32,4
2022-07-04,ND,9,35,4
2022-07-03,ND,10,37,4
2022-07-02,ND,9,38,4
2022-07-01,ND,13,34,4
2022-06-30,ND,13,34,4
2022-06-29,ND,14,33,4
2022-06-28,ND,12,32,4
2022-06-27,ND,12,31,4
2022-06-26,ND,10,36,4
2022-06-25,ND,11,36,4
2022-06-24,ND,14,33,4
2022-06-23,ND,12,35,4
2022-06-22,ND,12,35,4
2022-06-21,ND,11,32,5
2022-06-20,ND,10,34,4
2022-06-19,ND,9,38,4
2022-06-18,ND,9,38,4
2022-06-17,ND,13,34,4
2022-06-16,ND,12,35,4
2022-06-15,ND,11,36,4
2022-06-14,ND,12,32,4
2022-06-13,ND,11,33,4
2022-06-12,ND,10,37,4
2022-06-11,ND,10,37,4
2022-06-10,ND,11,36,4
2022-06-09,ND,13,34,4
2022-06-08,ND,10,37,4
2022-06-07,ND,10,34,4
2022-06-06,ND,11,33,4
2022-06-05,ND,9,37,5
2022-06-04,ND,8,39,4
2022-06-03,ND,12,34,5
2022-06-02,ND,12,35,4
2022-06-01,ND,12,35,4
2022-05-31,ND,11,33,4
2022-05-30,ND,7,37,4
2022-05-29,ND,8,39,4
2022-05-28,ND,8,39,4
2022-05-27,ND,10,37,4
2022-05-26,ND,12,35,4
2022-05-25,ND,11,36,4
2022-05-24,ND,9,35,4
2022-05-23,ND,10,34,4
2022-05-22,ND,8,39,4
2022-05-21,ND,9,38,4
2022-05-20,ND,12,35,4
2022-05-19,ND,10,37,4
2022-05-18,ND,11,36,4
2022-05-17,ND,11,33,4
2022-05-16,ND,11,33,4
2022-05-15,ND,8,39,4
2022-05-14,ND,8,39,4
2022-05-13,ND,11,36,4
2022-05-12,ND,9,38,4
2022-05-11,ND,9,38,4
2022-05-10,ND,9,35,4
2022-05-09,ND,7,37,4
2022-05-08,ND,8,39,4
2022-05-07,ND,9,38,4
2022-05-06,ND,13,34,4
2022-05-05,ND,13,34,4
2022-05-04,ND,9,38,4
2022-05-03,ND,11,33,4
2022-05-02,ND,12,32,4
2022-05-01,ND,10,37,4
2022-04-30,ND,10,37,4
2022-04-29,ND,14,33,4
2022-04-28,ND,13,34,4
2022-04-27,ND,10,37,4
2022-04-26,ND,9,35,4
2022-04-25,ND,13,31,4
2022-04-24,ND,10,37,4
2022-04-23,ND,12,35,4
2022-04-22,ND,15,31,5
2022-04-21,ND,15,32,4
2022-04-20,ND,13,34,4
2022-04-19,ND,14,30,4
2022-04-18,ND,13,31,4
2022-04-17,ND,10,36,4
2022-04-16,ND,10,36,4
2022-04-15,ND,13,33,4
2022-04-14,ND,13,33,4
2022-04-13,ND,13,33,4
2022-04-12,ND,12,31,4
2022-04-11,ND,13,31,4
2022-04-10,ND,11,36,4
2022-04-09,ND,11,36,4
2022-04-08,ND,12,35,4
2022-04-07,ND,14,33,4
2022-04-06,ND,12,35,4
2022-04-05,ND,12,32,4
2022-04-04,ND,13,31,4
2022-04-03,ND,12,35,4
2022-04-02,ND,11,36,4
2022-04-01,ND,13,34,4
2022-03-31,ND,14,33,4
2022-03-30,ND,13,34,4
2022-03-29,ND,13,31,4
2022-03-28,ND,12,32,4
2022-03-27,ND,12,35,4
2022-03-26,ND,11,36,4
2022-03-25,ND,14,33,4
2022-03-24,ND,14,33,4
2022-03-23,ND,13,34,4
2022-03-22,ND,13,31,4
2022-03-21,ND,12,32,4
2022-03-20,ND,13,34,4
2022-03-19,ND,12,35,4
2022-03-18,ND,14,33,4
2022-03-17,ND,13,34,4
2022-03-16,ND,14,33,4
2022-03-15,ND,13,31,4
2022-03-14,ND,13,31,4
2022-03-13,ND,11,36,4
2022-03-12,ND,12,35,4
2022-03-11,ND,14,33,4
2022-03-10,ND,14,33,4
2022-03-09,ND,13,35,3
2022-03-08,ND,12,32,4
2022-03-07,ND,13,31,4
2022-03-06,ND,12,35,4
2022-03-05,ND,12,35,4
2022-03-04,ND,14,33,4
2022-03-03,ND,14,33,4
2022-03-02,ND,14,33,4
2022-03-01,ND,13,31,4
2022-02-28,ND,12,32,4
2022-02-27,ND,12,35,4
2022-02-26,ND,12,35,4
2022-02-25,ND,14,33,4
2022-02-24,ND,14,33,4
2022-02-23,ND,13,34,4
2022-02-22,ND,12,32,4
2022-02-21,ND,12,32,4
2022-02-20,ND,11,36,4
2022-02-19,ND,13,34,4
2022-02-18,ND,13,34,4
2022-02-17,ND,15,32,4
2022-02-16,ND,16,31,4
2022-02-15,ND,14,30,4
2022-02-14,ND,14,30,4
2022-02-13,ND,14,33,4
2022-02-12,ND,12,35,4
2022-02-11,ND,16,31,4
2022-02-10,ND,16,31,4
2022-02-09,ND,16,31,4
2022-02-08,ND,14,30,4
2022-02-07,ND,14,30,4
2022-02-06,ND,14,33,4
2022-02-05,ND,13,34,4
2022-02-04,ND,15,32,4
2022-02-03,ND,15,32,4
2022-02-02,ND,15,35,1
2022-02-01,ND,15,32,1
2022-01-31,ND,15,32,1
2022-01-30,ND,14,36,1
2022-01-29,ND,14,36,1
2022-01-28,ND,16,34,1
2022-01-27,ND,16,34,1
2022-01-26,ND,15,34,1
2022-01-25,ND,14,32,1
2022-01-24,ND,15,31,1
2022-01-23,ND,12,37,1
2022-01-22,ND,14,35,1
2022-01-21,ND,16,33,1
2022-01-20,ND,15,34,1
2022-01-19,ND,14,35,1
2022-01-18,ND,14,32,1
2022-01-17,ND,14,32,1
2022-01-16,ND,13,35,1
2022-01-15,ND,14,35,1
2022-01-14,ND,16,33,1
2022-01-13,ND,15,34,1
2022-01-12,ND,14,35,1
2022-01-11,ND,15,32,1
2022-01-10,ND,13,33,1
2022-01-09,ND,13,36,1
2022-01-08,ND,14,35,1
2022-01-07,ND,15,34,1
2022-01-06,ND,16,33,1
2022-01-05,ND,14,35,1
2022-01-04,ND,15,31,1
2022-01-03,ND,15,31,1
2022-01-02,ND,14,35,1
2022-01-01,ND,11,38,1
2021-12-31,ND,14,35,1
2021-12-30,ND,14,35,1
2021-12-29,ND,13,36,1
2021-12-28,ND,14,32,1
2021-12-27,ND,15,31,1
2021-12-26,ND,13,36,1
2021-12-25,ND,12,37,1
2021-12-24,ND,16,33,1
2021-12-23,ND,15,34,1
2021-12-22,ND,14,35,1
2021-12-21,ND,15,31,1
2021-12-20,ND,14,33,1
2021-12-19,ND,12,37,2
2021-12-18,ND,11,38,2
2021-12-17,ND,15,34,2
2021-12-16,ND,15,35,1
2021-12-15,ND,14,36,1
2021-12-14,ND,14,33,1
2021-12-13,ND,15,32,1
2021-12-12,ND,12,38,1
2021-12-11,ND,14,36,1
2021-12-10,ND,15,35,1
2021-12-09,ND,12,38,1
2021-12-08,ND,13,37,1
2021-12-07,ND,13,34,1
2021-12-06,ND,13,35,1
2021-12-05,ND,10,40,1
2021-12-04,ND,11,39,1
2021-12-03,ND,11,39,1
2021-12-02,ND,13,37,1
2021-12-01,ND,14,36,1
2021-11-30,ND,12,36,1
2021-11-29,ND,14,34,1
2021-11-28,ND,12,38,1
2021-11-27,ND,12,38,1
2021-11-26,ND,13,37,1
2021-11-25,ND,10,40,1
2021-11-24,ND,14,36,1
2021-11-23,ND,13,34,1
2021-11-22,ND,12,34,1
2021-11-21,ND,11,39,1
2021-11-20,ND,11,39,1
2021-11-19,ND,13,37,1
2021-11-18,ND,14,36,1
2021-11-17,ND,13,37,1
2021-11-16,ND,14,33,1
2021-11-15,ND,14,33,1
2021-11-14,ND,12,38,1
2021-11-13,ND,12,38,1
2021-11-12,ND,14,36,1
2021-11-11,ND,15,35,1
2021-11-10,ND,15,35,1
2021-11-09,ND,14,33,1
2021-11-08,ND,13,34,1
2021-11-07,ND,12,38,1
2021-11-06,ND,11,39,1
2021-11-05,ND,14,36,1
2021-11-04,ND,13,37,1
2021-11-03,ND,13,37,1
2021-11-02,ND,14,33,1
2021-11-01,ND,12,35,1
2021-10-31,ND,13,37,1
2021-10-30,ND,12,38,1
2021-10-29,ND,12,38,1
2021-10-28,ND,13,37,1
2021-10-27,ND,14,36,1
2021-10-26,ND,12,35,1
2021-10-25,ND,12,35,1
2021-10-24,ND,13,37,1
2021-10-23,ND,13,37,1
2021-10-22,ND,14,36,1
2021-10-21,ND,15,35,1
2021-10-20,ND,14,36,1
2021-10-19,ND,12,35,1
2021-10-18,ND,13,35,1
2021-10-17,ND,12,38,1
2021-10-16,ND,13,37,1
2021-10-15,ND,14,36,1
2021-10-14,ND,13,37,1
2021-10-13,ND,14,36,1
2021-10-12,ND,6,40,1
2021-10-11,ND,13,33,1
2021-10-10,ND,12,38,1
2021-10-09,ND,12,38,1
2021-10-08,ND,13,37,1
2021-10-07,ND,14,36,1
2021-10-06,ND,14,36,1
2021-10-05,ND,13,34,1
2021-10-04,ND,13,34,1
2021-10-03,ND,13,36,1
2021-10-02,ND,13,37,1
2021-10-01,ND,14,36,1
2021-09-30,ND,13,37,1
2021-09-29,ND,13,37,1
2021-09-28,ND,13,34,1
2021-09-27,ND,13,33,1
2021-09-26,ND,13,36,1
2021-09-25,ND,13,37,1
2021-09-24,ND,14,36,1
2021-09-23,ND,14,36,1
2021-09-22,ND,14,36,1
2021-09-21,ND,12,35,1
2021-09-20,ND,13,34,1
2021-09-19,ND,12,37,1
2021-09-18,ND,10,40,1
2021-09-17,ND,12,38,1
2021-09-16,ND,12,38,1
2021-09-15,ND,12,38,1
2021-09-14,ND,11,36,1
2021-09-13,ND,12,34,1
2021-09-12,ND,13,37,1
2021-09-11,ND,13,37,1
2021-09-10,ND,13,37,1
2021-09-09,ND,11,39,1
2021-09-08,ND,11,39,1
2021-09-07,ND,11,36,1
2021-09-06,ND,11,36,1
2021-09-05,ND,11,39,1
2021-09-04,ND,11,39,1
2021-09-03,ND,12,38,1
2021-09-02,ND,11,39,1
2021-09-01,ND,11,39,1
2021-08-31,ND,11,36,1
2021-08-30,ND,9,38,1
2021-08-29,ND,11,39,1
2021-08-28,ND,12,38,1
2021-08-27,ND,12,38,1
2021-08-26,ND,12,38,1
2021-08-25,ND,12,38,1
2021-08-24,ND,10,37,1
2021-08-23,ND,10,37,1
2021-08-22,ND,11,39,1
2021-08-21,ND,12,38,1
2021-08-20,ND,12,38,1
2021-08-19,ND,11,39,1
2021-08-18,ND,12,38,1
2021-08-17,ND,11,36,1
2021-08-16,ND,11,36,1
2021-08-15,ND,12,38,1
2021-08-14,ND,12,38,1
2021-08-13,ND,12,38,1
2021-08-12,ND,12,38,1
2021-08-11,ND,13,37,1
2021-08-10,ND,10,37,1
2021-08-09,ND,10,37,1
2021-08-08,ND,10,39,2
2021-08-07,ND,10,39,2
2021-08-06,ND,11,38,2
2021-08-05,ND,11,38,2
2021-08-04,ND,11,38,2
2021-08-03,ND,10,37,1
2021-08-02,ND,10,37,1
2021-08-01,ND,9,41,1
2021-07-31,ND,9,41,1
2021-07-30,ND,12,38,1
2021-07-29,ND,11,39,1
2021-07-28,ND,11,39,1
2021-07-27,ND,8,39,1
2021-07-26,ND,10,37,1
2021-07-25,ND,8,40,1
2021-07-24,ND,8,40,1
2021-07-23,ND,10,38,1
2021-07-22,ND,10,38,1
2021-07-21,ND,3,44,1
2021-07-20,ND,9,37,1
2021-07-19,ND,10,36,1
2021-07-18,ND,9,40,1
2021-07-17,ND,9,40,1
2021-07-16,ND,10,39,1
2021-07-15,ND,9,40,1
2021-07-14,ND,10,39,1
2021-07-13,ND,9,37,1
2021-07-12,ND,9,38,1
2021-07-11,ND,9,41,1
2021-07-10,ND,10,40,1
2021-07-09,ND,11,39,1
2021-07-08,ND,10,40,1
2021-07-07,ND,11,39,1
2021-07-06,ND,9,38,1
2021-07-05,ND,9,37,1
2021-07-04,ND,9,40,1
2021-07-03,ND,8,42,1
2021-07-02,ND,11,39,1
2021-07-01,ND,11,39,1
2021-06-30,ND,10,40,1
2021-06-29,ND,9,38,1
2021-06-28,ND,9,38,1
2021-06-27,ND,11,39,1
2021-06-26,ND,10,40,1
2021-06-25,ND,9,41,1
2021-06-24,ND,10,40,1
2021-06-23,ND,11,39,1
2021-06-22,ND,10,37,1
2021-06-21,ND,1,22,1
2021-06-20,ND,1,22,1
2021-06-19,ND,0,22,1
2021-06-18,ND,1,20,1
2021-06-17,ND,1,22,1
2021-06-16,ND,1,22,1
2021-06-15,ND,8,39,1
2021-06-14,ND,8,39,1
2021-06-13,ND,9,41,1
2021-06-12,ND,9,41,1
2021-06-11,ND,11,39,1
2021-06-10,ND,10,40,1
2021-06-09,ND,11,39,1
2021-06-08,ND,9,38,1
2021-06-07,ND,9,38,1
2021-06-06,ND,9,41,1
2021-06-05,ND,11,39,1
2021-06-04,ND,11,39,1
2021-06-03,ND,9,41,1
2021-06-02,ND,11,39,1
2021-06-01,ND,10,37,1
2021-05-31,ND,10,37,1
2021-05-30,ND,10,40,1
2021-05-29,ND,11,39,1
2021-05-28,ND,12,38,1
2021-05-27,ND,10,40,1
2021-05-26,ND,10,40,1
2021-05-25,ND,9,38,1
2021-05-24,ND,8,38,1
2021-05-23,ND,10,40,1
2021-05-22,ND,10,40,1
2021-05-21,ND,10,40,1
2021-05-20,ND,11,39,1
2021-05-19,ND,10,40,1
2021-05-18,ND,8,39,1
2021-05-17,ND,9,38,1
2021-05-16,ND,12,38,1
2021-05-15,ND,12,38,1
2021-05-14,ND,12,38,1
2021-05-13,ND,13,37,1
2021-05-12,ND,12,38,1
2021-05-11,ND,11,36,1
2021-05-10,ND,10,37,1
2021-05-09,ND,11,39,1
2021-05-08,ND,11,39,1
2021-05-07,ND,11,39,1
2021-05-06,ND,10,40,1
2021-05-05,ND,9,41,1
2021-05-04,ND,9,38,1
2021-05-03,ND,10,38,1
2021-05-02,ND,11,39,1
2021-05-01,ND,11,39,1
2021-04-30,ND,11,39,1
2021-04-29,ND,12,38,1
2021-04-28,ND,11,39,1
2021-04-27,ND,11,35,1
2021-04-26,ND,10,36,1
2021-04-25,ND,11,39,1
2021-04-24,ND,11,39,1
2021-04-23,ND,12,38,1
2021-04-22,ND,12,38,1
2021-04-21,ND,11,39,1
2021-04-20,ND,10,37,1
2021-04-19,ND,10,37,1
2021-04-18,ND,12,37,2
2021-04-17,ND,12,37,2
2021-04-16,ND,11,39,1
2021-04-15,ND,12,37,2
2021-04-14,ND,12,37,2
2021-04-13,ND,11,36,2
2021-04-12,ND,11,35,2
2021-04-11,ND,12,37,2
2021-04-10,ND,12,38,1
2021-04-09,ND,12,38,1
2021-04-08,ND,11,39,1
2021-04-07,ND,12,38,1
2021-04-06,ND,10,37,1
2021-04-05,ND,9,38,1
2021-04-04,ND,11,39,1
2021-04-03,ND,11,39,1
2021-04-02,ND,12,38,1
2021-04-01,ND,11,39,1
2021-03-31,ND,12,38,1
2021-03-30,ND,11,36,1
2021-03-29,ND,11,36,1
2021-03-28,ND,12,38,1
2021-03-27,ND,11,39,1
2021-03-26,ND,12,38,1
2021-03-25,ND,11,39,1
2021-03-24,ND,11,39,1
2021-03-23,ND,9,38,1
2021-03-22,ND,10,37,1
2021-03-21,ND,11,39,1
2021-03-20,ND,11,39,1
2021-03-19,ND,11,39,1
2021-03-18,ND,10,40,1
2021-03-17,ND,11,39,1
2021-03-16,ND,10,37,1
2021-03-15,ND,10,37,1
2021-03-14,ND,10,40,1
2021-03-13,ND,11,39,1
2021-03-12,ND,10,40,1
2021-03-11,ND,9,41,1
2021-03-10,ND,10,40,1
2021-03-09,ND,10,37,1
2021-03-08,ND,11,36,1
2021-03-07,ND,11,38,1
2021-03-06,ND,11,38,1
2021-03-05,ND,12,37,1
2021-03-04,ND,12,37,1
2021-03-03,ND,12,37,1
2021-03-02,ND,11,35,1
2021-03-01,ND,11,36,1
2021-02-28,ND,12,38,1
2021-02-27,ND,12,38,1
2021-02-26,ND,12,38,1
2021-02-25,ND,12,38,1
2021-02-24,ND,11,39,1
2021-02-23,ND,10,37,1
2021-02-22,ND,10,37,1
2021-02-21,ND,11,39,1
2021-02-20,ND,12,38,1
2021-02-19,ND,12,38,1
2021-02-18,ND,11,39,1
2021-02-17,ND,11,39,1
2021-02-16,ND,11,36,1
2021-02-15,ND,12,35,1
2021-02-14,ND,13,37,1
2021-02-13,ND,12,38,1
2021-02-12,ND,14,36,1
2021-02-11,ND,13,37,1
2021-02-10,ND,14,36,1
2021-02-09,ND,12,35,1
2021-02-08,ND,14,33,1
2021-02-07,ND,15,35,1
2021-02-06,ND,14,36,1
2021-02-05,ND,15,35,1
2021-02-04,ND,15,35,1
2021-02-03,ND,15,35,1
2021-02-02,ND,14,33,1
2021-02-01,ND,14,32,1
2021-01-31,ND,16,34,1
2021-01-30,ND,16,33,2
2021-01-29,ND,16,34,1
2021-01-28,ND,17,33,1
2021-01-27,ND,17,33,1
2021-01-26,ND,16,31,1
2021-01-25,ND,16,31,1
2021-01-24,ND,16,34,1
2021-01-23,ND,17,33,1
2021-01-22,ND,17,33,1
2021-01-21,ND,18,32,1
2021-01-20,ND,18,32,1
2021-01-19,ND,17,30,1
2021-01-18,ND,18,29,1
2021-01-17,ND,19,31,1
2021-01-16,ND,19,31,1
2021-01-15,ND,19,31,1
2021-01-14,ND,18,32,1
2021-01-13,ND,18,32,1
2021-01-12,ND,17,30,1
2021-01-11,ND,16,31,1
2021-01-10,ND,18,32,1
2021-01-09,ND,18,32,1
2021-01-08,ND,18,32,1
2021-01-07,ND,18,32,1
2021-01-06,ND,18,32,1
2021-01-05,ND,17,30,1
2021-01-04,ND,16,31,1
2021-01-03,ND,19,31,1
2021-01-02,ND,18,32,1
2021-01-01,ND,18,32,1
2020-12-31,ND,19,31,1
2020-12-30,ND,19,31,1
2020-12-29,ND,19,28,1
2020-12-28,ND,18,29,1
2020-12-27,ND,20,30,1
2020-12-26,ND,20,30,1
2020-12-25,ND,20,30,1
2020-12-24,ND,20,30,1
2020-12-23,ND,18,32,1
2020-12-22,ND,18,30,1
2020-12-21,ND,18,29,1
2020-12-20,ND,18,32,1
2020-12-19,ND,19,31,1
2020-12-18,ND,20,30,1
2020-12-17,ND,20,30,1
2020-12-16,ND,20,30,1
2020-12-15,ND,18,30,1
2020-12-14,ND,19,29,1
2020-12-13,ND,21,29,1
2020-12-12,ND,21,29,1
2020-12-11,ND,21,29,1
2020-12-10,ND,20,30,1
2020-12-09,ND,21,29,1
2020-12-08,ND,20,27,1
2020-12-07,ND,21,26,1
2020-12-06,ND,22,28,1
2020-12-05,ND,22,28,1
2020-12-04,ND,22,28,1
2020-12-03,ND,22,28,1
2020-12-02,ND,23,27,1
2020-12-01,ND,22,25,1
2020-11-30,ND,22,25,1
2020-11-29,ND,23,27,1
2020-11-28,ND,23,27,1
2020-11-27,ND,23,27,1
2020-11-26,ND,23,27,1
2020-11-25,ND,24,26,1
2020-11-24,ND,24,23,1
2020-11-23,ND,24,23,1
2020-11-22,ND,24,26,1
2020-11-21,ND,24,26,1
2020-11-20,ND,24,26,1
2020-11-19,ND,24,26,1
2020-11-18,ND,25,25,1
2020-11-17,ND,24,23,1
2020-11-16,ND,24,24,1
2020-11-15,ND,24,26,1
2020-11-14,ND,24,26,1
2020-11-13,ND,24,26,1
2020-11-12,ND,23,27,1
2020-11-11,ND,23,27,1
2020-11-10,ND,22,25,1
2020-11-09,ND,22,25,1
2020-11-08,ND,23,27,1
2020-11-07,ND,22,28,1
2020-11-06,ND,23,27,1
2020-11-05,ND,23,27,1
2020-11-04,ND,21,29,1
2020-11-03,ND,19,30,1
2020-11-02,ND,19,30,1
2020-11-01,ND,20,30,1
2020-10-31,ND,20,30,1
2020-10-30,ND,21,29,1
2020-10-29,ND,21,29,1
2020-10-28,ND,21,29,1
2020-10-27,ND,20,27,2
2020-10-26,ND,21,27,2
2020-10-25,ND,21,28,1
2020-10-24,ND,21,28,1
2020-10-23,ND,21,28,1
2020-10-22,ND,21,28,1
2020-10-21,ND,20,29,1
2020-10-20,ND,21,28,1
2020-10-19,ND,21,28,1
2020-10-18,ND,20,29,1
2020-10-17,ND,20,29,1
2020-10-16,ND,21,28,1
2020-10-15,ND,22,27,1
2020-10-14,ND,23,26,1
2020-10-13,ND,22,27,1
2020-10-12,ND,21,28,1
2020-10-11,ND,20,29,1
2020-10-10,ND,18,31,1
2020-10-09,ND,19,30,1
2020-10-08,ND,17,32,1
2020-10-07,ND,18,30,1
2020-10-06,ND,18,30,1
2020-10-05,ND,16,32,1
2020-10-04,ND,18,30,1
2020-10-03,ND,19,29,1
2020-10-02,ND,19,29,1
2020-10-01,ND,18,30,1
2020-09-30,ND,19,29,1
2020-09-29,ND,18,27,4
2020-09-28,ND,17,27,4
2020-09-27,ND,17,27,4
2020-09-26,ND,17,27,5
2020-09-25,ND,16,29,4
2020-09-24,ND,15,30,4
2020-09-23,ND,16,29,4
2020-09-22,ND,17,28,4
2020-09-21,ND,17,27,4
2020-09-20,ND,15,29,4
2020-09-19,ND,15,30,4
2020-09-18,ND,15,30,4
2020-09-17,ND,15,30,4
2020-09-16,ND,16,29,4
2020-09-15,ND,15,30,4
2020-09-14,ND,14,30,4
2020-09-13,ND,14,30,4
2020-09-12,ND,15,30,4
2020-09-11,ND,14,31,4
2020-09-10,ND,13,32,4
2020-09-09,ND,13,32,4
2020-09-08,ND,14,31,4
2020-09-07,ND,13,31,5
2020-09-06,ND,13,32,4
2020-09-05,ND,13,32,4
2020-09-04,ND,14,31,4
2020-09-03,ND,14,31,4
2020-09-02,ND,14,30,4
2020-09-01,ND,14,30,4
2020-08-31,ND,13,32,4
2020-08-30,ND,12,33,4
2020-08-29,ND,11,34,4
2020-08-28,ND,13,31,4
2020-08-27,ND,14,30,4
2020-08-26,ND,13,31,4
2020-08-25,ND,11,31,5
2020-08-24,ND,11,32,5
2020-08-23,ND,13,31,4
2020-08-22,ND,12,32,4
2020-08-21,ND,13,31,4
2020-08-20,ND,13,31,4
2020-08-19,ND,12,32,4
2020-08-18,ND,12,32,4
2020-08-17,ND,14,29,3
2020-08-16,ND,13,31,3
2020-08-15,ND,13,32,3
2020-08-14,ND,14,32,3
2020-08-13,ND,14,32,3
2020-08-12,ND,14,32,3
2020-08-11,ND,14,32,3
2020-08-10,ND,14,31,3
2020-08-09,ND,13,33,3
2020-08-08,ND,12,34,4
2020-08-07,ND,12,34,4
2020-08-06,ND,14,32,4
2020-08-05,ND,14,30,4
2020-08-04,ND,12,29,5
2020-08-03,ND,13,30,4
2020-08-02,ND,12,32,4
2020-08-01,ND,12,33,4
2023-04-10,NE,7,71,6
2023-04-09,NE,8,73,6
2023-04-08,NE,8,75,6
2023-04-07,NE,8,75,6
2023-04-06,NE,8,75,8
2023-04-05,NE,8,76,8
2023-04-04,NE,8,77,8
2023-04-03,NE,8,77,8
2023-04-02,NE,8,80,5
2023-04-01,NE,8,80,6
2023-03-31,NE,8,79,7
2023-03-30,NE,8,78,8
2023-03-29,NE,8,78,8
2023-03-28,NE,8,78,8
2023-03-27,NE,8,77,9
2023-03-26,NE,8,82,4
2023-03-25,NE,7,82,5
2023-03-24,NE,8,78,8
2023-03-23,NE,8,79,7
2023-03-22,NE,8,78,8
2023-03-21,NE,8,78,8
2023-03-20,NE,8,77,9
2023-03-19,NE,8,80,6
2023-03-18,NE,7,80,7
2023-03-17,NE,8,78,8
2023-03-16,NE,7,79,8
2023-03-15,NE,8,78,8
2023-03-14,NE,8,78,8
2023-03-13,NE,8,77,9
2023-03-12,NE,6,82,6
2023-03-11,NE,9,80,5
2023-03-10,NE,9,77,8
2023-03-09,NE,8,78,8
2023-03-08,NE,8,78,8
2023-03-07,NE,8,78,8
2023-03-06,NE,8,78,8
2023-03-05,NE,7,81,6
2023-03-04,NE,8,80,6
2023-03-03,NE,8,77,9
2023-03-02,NE,8,78,8
2023-03-01,NE,8,78,8
2023-02-28,NE,8,78,8
2023-02-27,NE,8,77,9
2023-02-26,NE,9,78,7
2023-02-25,NE,8,78,8
2023-02-24,NE,8,78,8
2023-02-23,NE,8,78,8
2023-02-22,NE,8,78,8
2023-02-21,NE,8,78,8
2023-02-20,NE,8,77,9
2023-02-19,NE,8,80,6
2023-02-18,NE,8,80,6
2023-02-17,NE,8,79,7
2023-02-16,NE,8,78,8
2023-02-15,NE,8,78,8
2023-02-14,NE,8,77,9
2023-02-13,NE,8,79,7
2023-02-12,NE,8,81,5
2023-02-11,NE,8,81,5
2023-02-10,NE,9,77,8
2023-02-09,NE,9,78,7
2023-02-08,NE,8,79,7
2023-02-07,NE,9,79,6
2023-02-06,NE,9,78,7
2023-02-05,NE,9,78,7
2023-02-04,NE,9,79,6
2023-02-03,NE,9,77,8
2023-02-02,NE,8,78,8
2023-02-01,NE,9,78,7
2023-01-31,NE,8,78,8
2023-01-30,NE,9,77,8
2023-01-29,NE,9,80,5
2023-01-28,NE,8,80,6
2023-01-27,NE,10,76,8
2023-01-26,NE,9,76,9
2023-01-25,NE,9,77,8
2023-01-24,NE,9,77,8
2023-01-23,NE,9,77,8
2023-01-22,NE,9,79,6
2023-01-21,NE,9,79,6
2023-01-20,NE,9,78,7
2023-01-19,NE,9,77,8
2023-01-18,NE,8,78,8
2023-01-17,NE,9,78,7
2023-01-16,NE,9,78,7
2023-01-15,NE,9,80,5
2023-01-14,NE,9,80,5
2023-01-13,NE,9,77,8
2023-01-12,NE,8,79,7
2023-01-11,NE,8,78,8
2023-01-10,NE,7,79,8
2023-01-09,NE,8,79,7
2023-01-08,NE,8,81,5
2023-01-07,NE,9,80,5
2023-01-06,NE,8,78,8
2023-01-05,NE,8,79,7
2023-01-04,NE,8,78,8
2023-01-03,NE,10,76,8
2023-01-02,NE,8,80,6
2023-01-01,NE,8,81,5
2022-12-31,NE,9,80,4
2022-12-30,NE,7,80,6
2022-12-29,NE,7,81,6
2022-12-28,NE,7,81,6
2022-12-27,NE,7,80,7
2022-12-26,NE,7,80,7
2022-12-25,NE,9,78,7
2022-12-24,NE,9,80,5
2022-12-23,NE,6,81,7
2022-12-22,NE,7,79,7
2022-12-21,NE,9,76,8
2022-12-20,NE,7,79,7
2022-12-19,NE,7,77,9
2022-12-18,NE,7,84,6
2022-12-17,NE,7,84,6
2022-12-16,NE,8,79,10
2022-12-15,NE,8,80,9
2022-12-14,NE,5,84,7
2022-12-13,NE,4,86,6
2022-12-12,NE,4,86,6
2022-12-11,NE,5,88,3
2022-12-10,NE,5,87,4
2022-12-09,NE,5,85,6
2022-12-08,NE,5,85,6
2022-12-07,NE,4,86,6
2022-12-06,NE,5,85,6
2022-12-05,NE,5,87,4
2022-12-04,NE,4,89,3
2022-12-03,NE,4,88,4
2022-12-02,NE,5,86,5
2022-12-01,NE,5,87,4
2022-11-30,NE,4,86,6
2022-11-29,NE,4,87,5
2022-11-28,NE,4,86,6
2022-11-27,NE,4,88,5
2022-11-26,NE,4,88,5
2022-11-25,NE,3,87,7
2022-11-24,NE,4,88,5
2022-11-23,NE,4,87,6
2022-11-22,NE,5,87,4
2022-11-21,NE,5,85,6
2022-11-20,NE,3,92,2
2022-11-19,NE,4,90,3
2022-11-18,NE,4,86,7
2022-11-17,NE,5,86,6
2022-11-16,NE,6,85,6
2022-11-15,NE,6,84,6
2022-11-14,NE,5,86,5
2022-11-13,NE,5,89,3
2022-11-12,NE,5,88,4
2022-11-11,NE,6,86,5
2022-11-10,NE,6,87,4
2022-11-09,NE,6,85,6
2022-11-08,NE,6,85,5
2022-11-07,NE,6,85,5
2022-11-06,NE,6,87,4
2022-11-05,NE,5,89,3
2022-11-04,NE,6,87,4
2022-11-03,NE,6,84,7
2022-11-02,NE,6,84,7
2022-11-01,NE,7,83,6
2022-10-31,NE,7,84,5
2022-10-30,NE,5,89,3
2022-10-29,NE,6,88,3
2022-10-28,NE,6,86,5
2022-10-27,NE,5,86,6
2022-10-26,NE,5,85,6
2022-10-25,NE,7,81,7
2022-10-24,NE,5,83,7
2022-10-23,NE,7,85,4
2022-10-22,NE,7,85,4
2022-10-21,NE,6,82,8
2022-10-20,NE,6,84,6
2022-10-19,NE,7,83,6
2022-10-18,NE,5,84,6
2022-10-17,NE,9,79,7
2022-10-16,NE,7,84,5
2022-10-15,NE,8,83,5
2022-10-14,NE,10,80,6
2022-10-13,NE,8,82,6
2022-10-12,NE,11,81,4
2022-10-11,NE,10,80,5
2022-10-10,NE,11,79,5
2022-10-09,NE,12,82,2
2022-10-08,NE,11,84,2
2022-10-07,NE,12,81,4
2022-10-06,NE,11,82,4
2022-10-05,NE,14,78,5
2022-10-04,NE,13,78,5
2022-10-03,NE,15,78,2
2022-10-02,NE,12,82,2
2022-10-01,NE,13,81,2
2022-09-30,NE,17,76,3
2022-09-29,NE,18,75,3
2022-09-28,NE,14,80,2
2022-09-27,NE,20,73,2
2022-09-26,NE,18,74,3
2022-09-25,NE,12,81,3
2022-09-24,NE,12,81,3
2022-09-23,NE,18,75,3
2022-09-22,NE,19,74,3
2022-09-21,NE,18,75,3
2022-09-20,NE,18,74,3
2022-09-19,NE,18,74,3
2022-09-18,NE,16,77,3
2022-09-17,NE,16,77,3
2022-09-16,NE,18,76,2
2022-09-15,NE,20,74,2
2022-09-14,NE,21,73,2
2022-09-13,NE,17,75,3
2022-09-12,NE,18,75,2
2022-09-11,NE,16,78,2
2022-09-10,NE,18,76,2
2022-09-09,NE,21,73,2
2022-09-08,NE,20,74,2
2022-09-07,NE,20,74,2
2022-09-06,NE,20,73,2
2022-09-05,NE,16,77,2
2022-09-04,NE,17,77,2
2022-09-03,NE,18,76,2
2022-09-02,NE,19,75,2
2022-09-01,NE,21,73,2
2022-08-31,NE,21,73,2
2022-08-30,NE,21,72,2
2022-08-29,NE,20,73,2
2022-08-28,NE,16,78,2
2022-08-27,NE,17,77,2
2022-08-26,NE,20,74,2
2022-08-25,NE,20,74,2
2022-08-24,NE,21,73,2
2022-08-23,NE,19,74,2
2022-08-22,NE,20,73,2
2022-08-21,NE,18,78,2
2022-08-20,NE,17,79,2
2022-08-19,NE,23,73,2
2022-08-18,NE,21,75,2
2022-08-17,NE,23,73,2
2022-08-16,NE,20,73,2
2022-08-15,NE,22,71,2
2022-08-14,NE,17,80,2
2022-08-13,NE,16,81,2
2022-08-12,NE,19,78,2
2022-08-11,NE,20,77,2
2022-08-10,NE,21,76,2
2022-08-09,NE,20,73,2
2022-08-08,NE,20,74,1
2022-08-07,NE,17,80,2
2022-08-06,NE,15,82,2
2022-08-05,NE,19,78,2
2022-08-04,NE,18,79,2
2022-08-03,NE,19,78,2
2022-08-02,NE,20,73,2
2022-08-01,NE,19,74,2
2022-07-31,NE,16,81,2
2022-07-30,NE,16,81,2
2022-07-29,NE,18,79,2
2022-07-28,NE,20,77,2
2022-07-27,NE,19,78,2
2022-07-26,NE,19,74,2
2022-07-25,NE,20,73,2
2022-07-24,NE,18,79,2
2022-07-23,NE,18,79,2
2022-07-22,NE,22,75,2
2022-07-21,NE,20,77,2
2022-07-20,NE,21,76,2
2022-07-19,NE,20,73,2
2022-07-18,NE,19,74,2
2022-07-17,NE,18,79,2
2022-07-16,NE,16,81,2
2022-07-15,NE,21,76,2
2022-07-14,NE,20,77,2
2022-07-13,NE,20,77,2
2022-07-12,NE,20,73,2
2022-07-11,NE,20,73,2
2022-07-10,NE,17,80,2
2022-07-09,NE,18,79,2
2022-07-08,NE,22,75,2
2022-07-07,NE,22,75,2
2022-07-06,NE,22,75,2
2022-07-05,NE,19,74,2
2022-07-04,NE,16,77,2
2022-07-03,NE,19,78,2
2022-07-02,NE,15,82,2
2022-07-01,NE,22,75,2
2022-06-30,NE,19,78,2
2022-06-29,NE,19,78,2
2022-06-28,NE,19,74,2
2022-06-27,NE,17,76,2
2022-06-26,NE,17,80,2
2022-06-25,NE,16,81,2
2022-06-24,NE,20,77,2
2022-06-23,NE,23,74,2
2022-06-22,NE,20,77,2
2022-06-21,NE,19,74,2
2022-06-20,NE,20,74,2
2022-06-19,NE,17,80,2
2022-06-18,NE,17,80,2
2022-06-17,NE,22,75,2
2022-06-16,NE,20,77,2
2022-06-15,NE,18,79,2
2022-06-14,NE,20,73,2
2022-06-13,NE,21,72,2
2022-06-12,NE,19,78,2
2022-06-11,NE,17,80,2
2022-06-10,NE,20,77,2
2022-06-09,NE,23,74,2
2022-06-08,NE,22,75,2
2022-06-07,NE,22,71,2
2022-06-06,NE,20,73,2
2022-06-05,NE,19,78,2
2022-06-04,NE,18,79,2
2022-06-03,NE,21,76,2
2022-06-02,NE,21,76,2
2022-06-01,NE,22,75,2
2022-05-31,NE,21,72,2
2022-05-30,NE,16,77,2
2022-05-29,NE,18,79,2
2022-05-28,NE,19,78,2
2022-05-27,NE,24,73,2
2022-05-26,NE,21,76,2
2022-05-25,NE,24,73,2
2022-05-24,NE,22,71,2
2022-05-23,NE,21,72,2
2022-05-22,NE,17,80,2
2022-05-21,NE,17,80,2
2022-05-20,NE,20,77,2
2022-05-19,NE,22,75,2
2022-05-18,NE,23,74,2
2022-05-17,NE,21,72,2
2022-05-16,NE,22,71,2
2022-05-15,NE,20,77,2
2022-05-14,NE,20,77,2
2022-05-13,NE,23,74,2
2022-05-12,NE,23,75,1
2022-05-11,NE,21,76,2
2022-05-10,NE,22,70,2
2022-05-09,NE,23,69,2
2022-05-08,NE,17,79,2
2022-05-07,NE,17,79,2
2022-05-06,NE,21,75,2
2022-05-05,NE,20,76,2
2022-05-04,NE,22,74,2
2022-05-03,NE,22,71,2
2022-05-02,NE,22,71,2
2022-05-01,NE,19,79,2
2022-04-30,NE,18,80,2
2022-04-29,NE,24,74,2
2022-04-28,NE,23,74,2
2022-04-27,NE,23,74,2
2022-04-26,NE,22,71,2
2022-04-25,NE,22,71,2
2022-04-24,NE,21,76,2
2022-04-23,NE,20,77,2
2022-04-22,NE,23,74,2
2022-04-21,NE,22,75,2
2022-04-20,NE,19,78,2
2022-04-19,NE,21,72,2
2022-04-18,NE,22,71,2
2022-04-17,NE,17,80,2
2022-04-16,NE,15,82,2
2022-04-15,NE,22,75,2
2022-04-14,NE,22,75,2
2022-04-13,NE,22,75,2
2022-04-12,NE,21,72,2
2022-04-11,NE,22,71,2
2022-04-10,NE,18,79,2
2022-04-09,NE,19,78,2
2022-04-08,NE,24,73,2
2022-04-07,NE,24,73,2
2022-04-06,NE,24,73,2
2022-04-05,NE,23,70,2
2022-04-04,NE,22,71,2
2022-04-03,NE,20,77,2
2022-04-02,NE,19,78,2
2022-04-01,NE,21,76,2
2022-03-31,NE,22,75,2
2022-03-30,NE,24,73,2
2022-03-29,NE,20,73,2
2022-03-28,NE,21,72,2
2022-03-27,NE,21,76,2
2022-03-26,NE,19,78,2
2022-03-25,NE,22,75,2
2022-03-24,NE,22,75,2
2022-03-23,NE,23,74,2
2022-03-22,NE,21,72,2
2022-03-21,NE,24,69,2
2022-03-20,NE,19,78,2
2022-03-19,NE,19,78,2
2022-03-18,NE,24,73,2
2022-03-17,NE,23,74,2
2022-03-16,NE,24,73,2
2022-03-15,NE,21,72,2
2022-03-14,NE,23,70,2
2022-03-13,NE,21,76,2
2022-03-12,NE,21,76,2
2022-03-11,NE,25,72,2
2022-03-10,NE,21,76,2
2022-03-09,NE,24,74,1
2022-03-08,NE,24,69,2
2022-03-07,NE,24,69,2
2022-03-06,NE,20,77,2
2022-03-05,NE,20,77,2
2022-03-04,NE,22,75,2
2022-03-03,NE,23,74,2
2022-03-02,NE,24,74,1
2022-03-01,NE,24,69,2
2022-02-28,NE,21,72,2
2022-02-27,NE,22,75,2
2022-02-26,NE,21,76,2
2022-02-25,NE,23,74,2
2022-02-24,NE,24,73,2
2022-02-23,NE,24,73,2
2022-02-22,NE,24,69,2
2022-02-21,NE,24,69,2
2022-02-20,NE,22,75,2
2022-02-19,NE,22,75,2
2022-02-18,NE,26,72,1
2022-02-17,NE,24,73,2
2022-02-16,NE,26,71,2
2022-02-15,NE,25,68,2
2022-02-14,NE,26,67,2
2022-02-13,NE,22,75,2
2022-02-12,NE,21,76,2
2022-02-11,NE,26,71,2
2022-02-10,NE,25,72,2
2022-02-09,NE,26,71,2
2022-02-08,NE,25,69,1
2022-02-07,NE,24,70,1
2022-02-06,NE,23,74,2
2022-02-05,NE,24,73,2
2022-02-04,NE,29,68,2
2022-02-03,NE,29,68,2
2022-02-02,NE,30,67,2
2022-02-01,NE,31,63,1
2022-01-31,NE,30,64,1
2022-01-30,NE,27,71,1
2022-01-29,NE,28,70,1
2022-01-28,NE,32,66,1
2022-01-27,NE,32,66,1
2022-01-26,NE,31,67,1
2022-01-25,NE,30,64,1
2022-01-24,NE,29,65,1
2022-01-23,NE,26,72,1
2022-01-22,NE,25,73,1
2022-01-21,NE,33,65,1
2022-01-20,NE,31,67,1
2022-01-19,NE,31,67,1
2022-01-18,NE,30,64,1
2022-01-17,NE,29,65,1
2022-01-16,NE,26,72,1
2022-01-15,NE,25,73,1
2022-01-14,NE,32,66,1
2022-01-13,NE,29,69,1
2022-01-12,NE,26,72,1
2022-01-11,NE,25,69,1
2022-01-10,NE,25,69,1
2022-01-09,NE,24,74,1
2022-01-08,NE,24,74,1
2022-01-07,NE,28,70,1
2022-01-06,NE,28,70,1
2022-01-05,NE,28,70,1
2022-01-04,NE,25,69,1
2022-01-03,NE,25,69,1
2022-01-02,NE,24,74,1
2022-01-01,NE,23,75,1
2021-12-31,NE,25,73,1
2021-12-30,NE,28,70,1
2021-12-29,NE,27,71,1
2021-12-28,NE,27,67,1
2021-12-27,NE,27,67,1
2021-12-26,NE,24,74,1
2021-12-25,NE,21,77,1
2021-12-24,NE,24,74,1
2021-12-23,NE,28,70,1
2021-12-22,NE,29,69,1
2021-12-21,NE,27,67,1
2021-12-20,NE,27,67,1
2021-12-19,NE,28,70,1
2021-12-18,NE,27,71,1
2021-12-17,NE,29,69,1
2021-12-16,NE,30,68,1
2021-12-15,NE,29,69,1
2021-12-14,NE,28,67,1
2021-12-13,NE,29,66,1
2021-12-12,NE,24,74,1
2021-12-11,NE,24,74,1
2021-12-10,NE,28,70,1
2021-12-09,NE,28,70,1
2021-12-08,NE,27,71,1
2021-12-07,NE,26,68,1
2021-12-06,NE,27,67,1
2021-12-05,NE,24,74,1
2021-12-04,NE,23,75,1
2021-12-03,NE,27,71,1
2021-12-02,NE,27,71,1
2021-12-01,NE,27,71,1
2021-11-30,NE,26,69,1
2021-11-29,NE,27,67,2
2021-11-28,NE,25,72,2
2021-11-27,NE,25,72,2
2021-11-26,NE,26,71,2
2021-11-25,NE,25,72,2
2021-11-24,NE,27,71,1
2021-11-23,NE,26,68,2
2021-11-22,NE,25,70,1
2021-11-21,NE,23,75,1
2021-11-20,NE,24,74,1
2021-11-19,NE,25,73,1
2021-11-18,NE,26,72,1
2021-11-17,NE,26,72,1
2021-11-16,NE,26,69,1
2021-11-15,NE,26,69,1
2021-11-14,NE,24,74,1
2021-11-13,NE,24,74,1
2021-11-12,NE,25,73,1
2021-11-11,NE,24,73,1
2021-11-10,NE,23,74,1
2021-11-09,NE,24,70,1
2021-11-08,NE,24,71,1
2021-11-07,NE,23,75,1
2021-11-06,NE,24,74,1
2021-11-05,NE,25,73,1
2021-11-04,NE,23,75,1
2021-11-03,NE,23,75,1
2021-11-02,NE,22,73,1
2021-11-01,NE,22,73,1
2021-10-31,NE,22,76,1
2021-10-30,NE,21,77,1
2021-10-29,NE,22,76,1
2021-10-28,NE,22,76,1
2021-10-27,NE,23,75,1
2021-10-26,NE,22,74,1
2021-10-25,NE,22,74,1
2021-10-24,NE,22,77,1
2021-10-23,NE,22,77,1
2021-10-22,NE,23,76,1
2021-10-21,NE,24,75,1
2021-10-20,NE,23,76,1
2021-10-19,NE,21,77,0
2021-10-18,NE,24,73,1
2021-10-17,NE,21,78,1
2021-10-16,NE,21,78,1
2021-10-15,NE,22,77,1
2021-10-14,NE,22,77,1
2021-10-13,NE,22,77,1
2021-10-12,NE,24,72,1
2021-10-11,NE,23,73,1
2021-10-10,NE,21,77,1
2021-10-09,NE,21,78,1
2021-10-08,NE,23,76,1
2021-10-07,NE,22,77,1
2021-10-06,NE,22,77,1
2021-10-05,NE,23,73,1
2021-10-04,NE,24,73,1
2021-10-03,NE,21,78,1
2021-10-02,NE,21,78,1
2021-10-01,NE,24,75,1
2021-09-30,NE,24,75,1
2021-09-29,NE,22,77,1
2021-09-28,NE,23,73,1
2021-09-27,NE,23,73,1
2021-09-26,NE,21,78,1
2021-09-25,NE,22,77,1
2021-09-24,NE,22,77,1
2021-09-23,NE,22,77,1
2021-09-22,NE,23,76,1
2021-09-21,NE,22,74,1
2021-09-20,NE,22,74,1
2021-09-19,NE,20,79,1
2021-09-18,NE,20,79,1
2021-09-17,NE,22,77,1
2021-09-16,NE,22,77,1
2021-09-15,NE,23,76,1
2021-09-14,NE,23,74,0
2021-09-13,NE,21,75,1
2021-09-12,NE,18,81,1
2021-09-11,NE,18,81,1
2021-09-10,NE,20,79,1
2021-09-09,NE,20,79,1
2021-09-08,NE,19,80,1
2021-09-07,NE,21,75,1
2021-09-06,NE,17,79,1
2021-09-05,NE,17,82,1
2021-09-04,NE,17,82,1
2021-09-03,NE,19,80,1
2021-09-02,NE,19,80,1
2021-09-01,NE,18,81,1
2021-08-31,NE,18,78,1
2021-08-30,NE,18,78,1
2021-08-29,NE,16,83,1
2021-08-28,NE,15,84,1
2021-08-27,NE,16,83,1
2021-08-26,NE,18,81,1
2021-08-25,NE,16,84,0
2021-08-24,NE,14,84,1
2021-08-23,NE,14,82,2
2021-08-22,NE,12,87,2
2021-08-21,NE,13,86,2
2021-08-20,NE,13,86,2
2021-08-19,NE,14,85,2
2021-08-18,NE,14,85,2
2021-08-17,NE,14,82,2
2021-08-16,NE,13,83,1
2021-08-15,NE,12,87,1
2021-08-14,NE,13,86,1
2021-08-13,NE,14,85,1
2021-08-12,NE,13,86,1
2021-08-11,NE,14,85,1
2021-08-10,NE,14,83,1
2021-08-09,NE,13,84,1
2021-08-08,NE,12,87,1
2021-08-07,NE,13,86,1
2021-08-06,NE,14,85,1
2021-08-05,NE,13,86,1
2021-08-04,NE,14,85,1
2021-08-03,NE,14,82,1
2021-08-02,NE,13,84,1
2021-08-01,NE,14,85,1
2021-07-31,NE,15,84,1
2021-07-30,NE,15,84,1
2021-07-29,NE,15,84,1
2021-07-28,NE,14,85,1
2021-07-27,NE,13,83,1
2021-07-26,NE,15,81,1
2021-07-25,NE,12,87,1
2021-07-24,NE,13,86,1
2021-07-23,NE,14,85,1
2021-07-22,NE,13,86,1
2021-07-21,NE,14,85,1
2021-07-20,NE,13,83,1
2021-07-19,NE,14,82,1
2021-07-18,NE,13,86,1
2021-07-17,NE,13,86,1
2021-07-16,NE,14,85,1
2021-07-15,NE,15,84,1
2021-07-14,NE,14,85,1
2021-07-13,NE,15,82,0
2021-07-12,NE,14,82,1
2021-07-11,NE,12,87,1
2021-07-10,NE,15,84,1
2021-07-09,NE,15,84,1
2021-07-08,NE,15,84,2
2021-07-07,NE,14,85,2
2021-07-06,NE,14,82,2
2021-07-05,NE,12,87,2
2021-07-04,NE,12,88,2
2021-07-03,NE,15,85,2
2021-07-02,NE,15,85,2
2021-07-01,NE,15,85,1
2021-06-30,NE,15,85,1
2021-06-29,NE,15,84,1
2021-06-28,NE,15,84,1
2021-06-27,NE,15,85,1
2021-06-26,NE,16,84,1
2021-06-25,NE,15,85,1
2021-06-24,NE,15,85,1
2021-06-23,NE,15,85,1
2021-06-22,NE,15,84,1
2021-06-21,NE,14,85,1
2021-06-20,NE,13,87,1
2021-06-19,NE,14,86,1
2021-06-18,NE,15,85,1
2021-06-17,NE,15,85,1
2021-06-16,NE,15,85,1
2021-06-15,NE,15,84,1
2021-06-14,NE,14,85,1
2021-06-13,NE,14,86,1
2021-06-12,NE,14,86,2
2021-06-11,NE,14,86,2
2021-06-10,NE,15,85,2
2021-06-09,NE,15,85,2
2021-06-08,NE,14,85,2
2021-06-07,NE,15,84,1
2021-06-06,NE,16,84,1
2021-06-05,NE,16,84,1
2021-06-04,NE,16,84,2
2021-06-03,NE,16,84,2
2021-06-02,NE,16,84,2
2021-06-01,NE,15,84,2
2021-05-31,NE,14,85,2
2021-05-30,NE,13,87,1
2021-05-29,NE,14,86,1
2021-05-28,NE,15,85,1
2021-05-27,NE,15,85,1
2021-05-26,NE,15,85,1
2021-05-25,NE,15,84,1
2021-05-24,NE,15,84,1
2021-05-23,NE,14,86,1
2021-05-22,NE,14,86,1
2021-05-21,NE,16,84,1
2021-05-20,NE,16,84,1
2021-05-19,NE,16,84,1
2021-05-18,NE,15,84,1
2021-05-17,NE,15,84,1
2021-05-16,NE,15,85,1
2021-05-15,NE,15,85,1
2021-05-14,NE,15,85,1
2021-05-13,NE,16,84,1
2021-05-12,NE,15,85,1
2021-05-11,NE,15,84,1
2021-05-10,NE,15,84,1
2021-05-09,NE,15,85,1
2021-05-08,NE,15,85,1
2021-05-07,NE,15,85,1
2021-05-06,NE,15,85,1
2021-05-05,NE,15,85,1
2021-05-04,NE,15,84,1
2021-05-03,NE,15,84,1
2021-05-02,NE,14,86,1
2021-05-01,NE,14,86,1
2021-04-30,NE,15,85,1
2021-04-29,NE,15,85,1
2021-04-28,NE,15,85,1
2021-04-27,NE,15,84,1
2021-04-26,NE,15,84,1
2021-04-25,NE,13,87,1
2021-04-24,NE,15,85,1
2021-04-23,NE,15,85,1
2021-04-22,NE,15,85,1
2021-04-21,NE,15,85,1
2021-04-20,NE,15,84,1
2021-04-19,NE,14,85,1
2021-04-18,NE,14,86,1
2021-04-17,NE,16,84,1
2021-04-16,NE,16,84,1
2021-04-15,NE,16,84,1
2021-04-14,NE,16,84,1
2021-04-13,NE,16,83,1
2021-04-12,NE,16,83,1
2021-04-11,NE,15,85,1
2021-04-10,NE,16,84,1
2021-04-09,NE,16,84,1
2021-04-08,NE,16,84,1
2021-04-07,NE,16,84,1
2021-04-06,NE,16,83,1
2021-04-05,NE,16,83,1
2021-04-04,NE,15,85,1
2021-04-03,NE,16,84,1
2021-04-02,NE,16,84,1
2021-04-01,NE,16,84,1
2021-03-31,NE,16,84,1
2021-03-30,NE,16,83,1
2021-03-29,NE,15,84,1
2021-03-28,NE,15,85,1
2021-03-27,NE,17,83,1
2021-03-26,NE,16,84,1
2021-03-25,NE,16,84,2
2021-03-24,NE,18,82,2
2021-03-23,NE,17,82,2
2021-03-22,NE,16,83,2
2021-03-21,NE,15,85,2
2021-03-20,NE,17,83,1
2021-03-19,NE,17,83,1
2021-03-18,NE,17,83,1
2021-03-17,NE,17,83,1
2021-03-16,NE,17,82,1
2021-03-15,NE,17,82,1
2021-03-14,NE,16,84,1
2021-03-13,NE,17,83,1
2021-03-12,NE,17,83,1
2021-03-11,NE,17,83,1
2021-03-10,NE,16,84,1
2021-03-09,NE,17,82,1
2021-03-08,NE,16,83,1
2021-03-07,NE,16,84,1
2021-03-06,NE,16,84,1
2021-03-05,NE,17,83,1
2021-03-04,NE,17,83,1
2021-03-03,NE,17,83,1
2021-03-02,NE,17,82,1
2021-03-01,NE,17,82,1
2021-02-28,NE,16,84,1
2021-02-27,NE,16,84,1
2021-02-26,NE,16,84,1
2021-02-25,NE,17,83,1
2021-02-24,NE,17,83,1
2021-02-23,NE,17,82,1
2021-02-22,NE,17,82,1
2021-02-21,NE,16,84,1
2021-02-20,NE,17,83,1
2021-02-19,NE,17,83,1
2021-02-18,NE,17,83,1
2021-02-17,NE,17,83,1
2021-02-16,NE,17,82,1
2021-02-15,NE,17,82,1
2021-02-14,NE,16,84,1
2021-02-13,NE,16,84,1
2021-02-12,NE,17,83,1
2021-02-11,NE,17,83,1
2021-02-10,NE,17,83,1
2021-02-09,NE,17,82,1
2021-02-08,NE,17,82,1
2021-02-07,NE,16,84,1
2021-02-06,NE,17,83,1
2021-02-05,NE,17,83,1
2021-02-04,NE,17,83,1
2021-02-03,NE,17,83,2
2021-02-02,NE,18,81,2
2021-02-01,NE,18,81,2
2021-01-31,NE,18,82,2
2021-01-30,NE,19,81,2
2021-01-29,NE,19,81,1
2021-01-28,NE,19,81,1
2021-01-27,NE,20,80,1
2021-01-26,NE,20,79,1
2021-01-25,NE,20,79,1
2021-01-24,NE,19,81,1
2021-01-23,NE,20,80,1
2021-01-22,NE,19,81,1
2021-01-21,NE,20,80,1
2021-01-20,NE,20,80,1
2021-01-19,NE,20,79,1
2021-01-18,NE,20,79,1
2021-01-17,NE,20,80,1
2021-01-16,NE,19,81,1
2021-01-15,NE,19,81,1
2021-01-14,NE,21,79,1
2021-01-13,NE,21,79,1
2021-01-12,NE,21,78,1
2021-01-11,NE,22,77,1
2021-01-10,NE,19,81,1
2021-01-09,NE,20,80,1
2021-01-08,NE,21,79,1
2021-01-07,NE,21,79,1
2021-01-06,NE,22,78,1
2021-01-05,NE,21,78,1
2021-01-04,NE,22,77,1
2021-01-03,NE,20,80,1
2021-01-02,NE,20,80,1
2021-01-01,NE,20,80,1
2020-12-31,NE,21,79,1
2020-12-30,NE,23,77,1
2020-12-29,NE,21,78,1
2020-12-28,NE,22,77,1
2020-12-27,NE,22,78,1
2020-12-26,NE,21,79,1
2020-12-25,NE,21,79,1
2020-12-24,NE,23,77,1
2020-12-23,NE,24,76,1
2020-12-22,NE,22,77,1
2020-12-21,NE,24,75,1
2020-12-20,NE,24,76,1
2020-12-19,NE,23,77,1
2020-12-18,NE,24,76,1
2020-12-17,NE,27,73,1
2020-12-16,NE,25,75,1
2020-12-15,NE,25,74,1
2020-12-14,NE,24,75,1
2020-12-13,NE,25,75,1
2020-12-12,NE,25,75,1
2020-12-11,NE,26,74,1
2020-12-10,NE,28,72,1
2020-12-09,NE,29,71,1
2020-12-08,NE,27,72,1
2020-12-07,NE,29,70,1
2020-12-06,NE,28,72,1
2020-12-05,NE,29,71,1
2020-12-04,NE,29,71,1
2020-12-03,NE,29,71,1
2020-12-02,NE,31,69,1
2020-12-01,NE,31,68,1
2020-11-30,NE,32,67,1
2020-11-29,NE,32,68,1
2020-11-28,NE,32,68,1
2020-11-27,NE,34,66,1
2020-11-26,NE,32,68,1
2020-11-25,NE,33,67,1
2020-11-24,NE,33,66,1
2020-11-23,NE,33,66,1
2020-11-22,NE,28,71,1
2020-11-21,NE,29,70,1
2020-11-20,NE,30,69,1
2020-11-19,NE,30,69,1
2020-11-18,NE,31,68,1
2020-11-17,NE,31,67,1
2020-11-16,NE,31,67,1
2020-11-15,NE,30,68,1
2020-11-14,NE,29,69,1
2020-11-13,NE,30,68,1
2020-11-12,NE,28,70,1
2020-11-11,NE,27,70,2
2020-11-10,NE,26,72,1
2020-11-09,NE,25,73,1
2020-11-08,NE,23,75,1
2020-11-07,NE,24,74,1
2020-11-06,NE,25,73,1
2020-11-05,NE,21,76,1
2020-11-04,NE,24,73,1
2020-11-03,NE,25,72,1
2020-11-02,NE,25,72,1
2020-11-01,NE,24,72,2
2020-10-31,NE,23,73,2
2020-10-30,NE,23,72,3
2020-10-29,NE,23,72,3
2020-10-28,NE,22,73,2
2020-10-27,NE,21,74,2
2020-10-26,NE,19,74,1
2020-10-25,NE,18,76,1
2020-10-24,NE,19,75,1
2020-10-23,NE,20,75,1
2020-10-22,NE,20,75,1
2020-10-21,NE,21,74,1
2020-10-20,NE,22,72,1
2020-10-19,NE,22,73,1
2020-10-18,NE,22,73,1
2020-10-17,NE,22,73,1
2020-10-16,NE,22,73,1
2020-10-15,NE,21,74,1
2020-10-14,NE,20,74,1
2020-10-13,NE,21,73,1
2020-10-12,NE,19,76,1
2020-10-11,NE,19,76,1
2020-10-10,NE,19,76,1
2020-10-09,NE,20,75,1
2020-10-08,NE,16,77,3
2020-10-07,NE,16,78,2
2020-10-06,NE,16,78,2
2020-10-05,NE,15,74,4
2020-10-04,NE,11,76,3
2020-10-03,NE,12,76,4
2020-10-02,NE,12,77,3
2020-10-01,NE,13,76,3
2020-09-30,NE,11,76,4
2020-09-29,NE,12,76,3
2020-09-28,NE,12,76,4
2020-09-27,NE,12,77,4
2020-09-26,NE,13,77,5
2020-09-25,NE,13,78,4
2020-09-24,NE,15,75,4
2020-09-23,NE,15,75,4
2020-09-22,NE,15,75,4
2020-09-21,NE,16,72,5
2020-09-20,NE,15,73,6
2020-09-19,NE,13,78,4
2020-09-18,NE,14,76,5
2020-09-17,NE,14,76,4
2020-09-16,NE,13,77,4
2020-09-15,NE,14,74,7
2020-09-14,NE,11,75,8
2020-09-13,NE,11,76,7
2020-09-12,NE,11,77,7
2020-09-11,NE,11,77,7
2020-09-10,NE,12,75,6
2020-09-09,NE,11,72,6
2020-09-08,NE,10,74,6
2020-09-07,NE,12,72,5
2020-09-06,NE,13,73,5
2020-09-05,NE,12,75,5
2020-09-04,NE,14,74,5
2020-09-03,NE,12,73,8
2020-09-02,NE,14,72,7
2020-09-01,NE,12,74,7
2020-08-31,NE,12,74,6
2020-08-30,NE,13,71,8
2020-08-29,NE,14,71,7
2020-08-28,NE,13,72,7
2020-08-27,NE,12,72,8
2020-08-26,NE,12,67,10
2020-08-25,NE,12,70,7
2020-08-24,NE,12,69,7
2020-08-23,NE,14,68,7
2020-08-22,NE,13,70,6
2020-08-21,NE,15,68,6
2020-08-20,NE,15,65,7
2020-08-19,NE,14,65,7
2020-08-18,NE,13,67,6
2020-08-17,NE,14,65,9
2020-08-16,NE,12,67,10
2020-08-15,NE,11,68,10
2020-08-14,NE,12,69,25
2020-08-13,NE,12,70,24
2020-08-12,NE,16,65,25
2020-08-11,NE,14,65,27
2020-08-10,NE,13,63,32
2020-08-09,NE,11,36,50
2020-08-08,NE,10,37,50
2020-08-07,NE,10,37,50
2020-08-06,NE,4,3,90
2020-08-05,NE,5,2,90
2020-08-04,NE,4,3,90
2020-08-03,NE,4,5,93
2020-08-02,NE,4,4,94
2020-08-01,NE,4,4,94
2023-04-10,NH,0,3,23
2023-04-09,NH,0,3,23
2023-04-08,NH,0,3,23
2023-04-07,NH,0,3,23
2023-04-06,NH,0,3,23
2023-04-05,NH,0,3,23
2023-04-04,NH,0,3,23
2023-04-03,NH,0,3,23
2023-04-02,NH,0,3,23
2023-04-01,NH,0,4,22
2023-03-31,NH,0,3,23
2023-03-30,NH,0,3,23
2023-03-29,NH,0,3,23
2023-03-28,NH,0,3,23
2023-03-27,NH,0,3,23
2023-03-26,NH,0,3,23
2023-03-25,NH,0,3,23
2023-03-24,NH,0,3,23
2023-03-23,NH,0,3,23
2023-03-22,NH,0,3,23
2023-03-21,NH,0,3,23
2023-03-20,NH,0,3,23
2023-03-19,NH,0,3,23
2023-03-18,NH,0,4,22
2023-03-17,NH,0,3,23
2023-03-16,NH,0,3,23
2023-03-15,NH,0,3,23
2023-03-14,NH,0,3,23
2023-03-13,NH,0,3,23
2023-03-12,NH,0,3,23
2023-03-11,NH,0,4,22
2023-03-10,NH,0,3,23
2023-03-09,NH,3,4,19
2023-03-08,NH,3,4,19
2023-03-07,NH,3,4,19
2023-03-06,NH,3,4,19
2023-03-05,NH,3,5,18
2023-03-04,NH,3,5,18
2023-03-03,NH,3,4,19
2023-03-02,NH,3,4,19
2023-03-01,NH,3,4,19
2023-02-28,NH,3,4,19
2023-02-27,NH,3,4,19
2023-02-26,NH,3,4,19
2023-02-25,NH,3,4,19
2023-02-24,NH,3,4,19
2023-02-23,NH,3,4,19
2023-02-22,NH,3,4,19
2023-02-21,NH,3,4,19
2023-02-20,NH,3,4,19
2023-02-19,NH,3,5,18
2023-02-18,NH,3,7,16
2023-02-17,NH,3,4,19
2023-02-16,NH,3,4,19
2023-02-15,NH,3,4,19
2023-02-14,NH,3,4,19
2023-02-13,NH,3,4,19
2023-02-12,NH,3,5,18
2023-02-11,NH,3,5,18
2023-02-10,NH,3,4,19
2023-02-09,NH,3,4,19
2023-02-08,NH,3,4,19
2023-02-07,NH,3,4,19
2023-02-06,NH,3,4,19
2023-02-05,NH,3,4,19
2023-02-04,NH,3,4,19
2023-02-03,NH,3,4,19
2023-02-02,NH,3,4,19
2023-02-01,NH,3,4,19
2023-01-31,NH,3,4,19
2023-01-30,NH,3,4,19
2023-01-29,NH,3,4,19
2023-01-28,NH,3,5,18
2023-01-27,NH,3,4,19
2023-01-26,NH,3,4,19
2023-01-25,NH,3,4,19
2023-01-24,NH,3,4,19
2023-01-23,NH,3,4,19
2023-01-22,NH,3,4,19
2023-01-21,NH,3,4,19
2023-01-20,NH,3,4,19
2023-01-19,NH,3,4,19
2023-01-18,NH,3,4,19
2023-01-17,NH,3,4,19
2023-01-16,NH,3,4,19
2023-01-15,NH,3,4,19
2023-01-14,NH,3,4,19
2023-01-13,NH,3,4,19
2023-01-12,NH,3,4,19
2023-01-11,NH,3,4,19
2023-01-10,NH,3,4,19
2023-01-09,NH,3,4,19
2023-01-08,NH,3,4,19
2023-01-07,NH,3,4,19
2023-01-06,NH,3,4,19
2023-01-05,NH,3,4,19
2023-01-04,NH,3,4,19
2023-01-03,NH,3,4,19
2023-01-02,NH,3,4,19
2023-01-01,NH,3,4,19
2022-12-31,NH,3,4,19
2022-12-30,NH,3,4,19
2022-12-29,NH,3,4,19
2022-12-28,NH,3,4,19
2022-12-27,NH,3,4,19
2022-12-26,NH,4,4,18
2022-12-25,NH,3,4,19
2022-12-24,NH,3,4,19
2022-12-23,NH,3,4,19
2022-12-22,NH,3,4,19
2022-12-21,NH,3,4,19
2022-12-20,NH,3,4,19
2022-12-19,NH,3,4,19
2022-12-18,NH,3,5,18
2022-12-17,NH,3,5,18
2022-12-16,NH,3,4,19
2022-12-15,NH,3,4,19
2022-12-14,NH,2,4,20
2022-12-13,NH,2,4,20
2022-12-12,NH,2,4,20
2022-12-11,NH,2,5,19
2022-12-10,NH,2,4,20
2022-12-09,NH,2,4,20
2022-12-08,NH,2,5,19
2022-12-07,NH,2,5,19
2022-12-06,NH,2,4,20
2022-12-05,NH,2,4,20
2022-12-04,NH,2,5,19
2022-12-03,NH,2,5,19
2022-12-02,NH,2,5,19
2022-12-01,NH,2,6,18
2022-11-30,NH,2,5,19
2022-11-29,NH,2,5,19
2022-11-28,NH,2,5,19
2022-11-27,NH,2,5,19
2022-11-26,NH,2,5,19
2022-11-25,NH,2,5,19
2022-11-24,NH,2,6,18
2022-11-23,NH,2,6,18
2022-11-22,NH,2,5,19
2022-11-21,NH,2,6,18
2022-11-20,NH,2,6,18
2022-11-19,NH,2,6,18
2022-11-18,NH,2,6,18
2022-11-17,NH,2,6,18
2022-11-16,NH,2,5,19
2022-11-15,NH,2,5,19
2022-11-14,NH,2,6,18
2022-11-13,NH,2,7,17
2022-11-12,NH,2,6,18
2022-11-11,NH,2,5,19
2022-11-10,NH,2,5,19
2022-11-09,NH,2,7,17
2022-11-08,NH,2,6,18
2022-11-07,NH,2,6,18
2022-11-06,NH,3,6,17
2022-11-05,NH,2,7,17
2022-11-04,NH,2,7,17
2022-11-03,NH,2,6,18
2022-11-02,NH,2,7,17
2022-11-01,NH,2,7,17
2022-10-31,NH,2,7,17
2022-10-30,NH,2,6,18
2022-10-29,NH,2,7,17
2022-10-28,NH,2,7,17
2022-10-27,NH,2,7,17
2022-10-26,NH,2,7,17
2022-10-25,NH,2,7,17
2022-10-24,NH,2,6,18
2022-10-23,NH,2,6,18
2022-10-22,NH,2,8,16
2022-10-21,NH,2,7,17
2022-10-20,NH,2,7,17
2022-10-19,NH,2,6,18
2022-10-18,NH,2,6,18
2022-10-17,NH,2,7,17
2022-10-16,NH,3,7,16
2022-10-15,NH,3,6,17
2022-10-14,NH,2,6,18
2022-10-13,NH,2,6,18
2022-10-12,NH,2,7,17
2022-10-11,NH,2,6,18
2022-10-10,NH,2,7,17
2022-10-09,NH,3,8,16
2022-10-08,NH,3,8,16
2022-10-07,NH,2,7,18
2022-10-06,NH,2,8,17
2022-10-05,NH,2,8,17
2022-10-04,NH,2,6,18
2022-10-03,NH,2,6,18
2022-10-02,NH,3,6,17
2022-10-01,NH,3,6,17
2022-09-30,NH,2,6,18
2022-09-29,NH,2,6,18
2022-09-28,NH,2,7,17
2022-09-27,NH,2,6,18
2022-09-26,NH,2,7,17
2022-09-25,NH,3,8,15
2022-09-24,NH,3,7,16
2022-09-23,NH,2,7,17
2022-09-22,NH,2,7,17
2022-09-21,NH,2,6,18
2022-09-20,NH,2,6,18
2022-09-19,NH,2,7,17
2022-09-18,NH,3,7,16
2022-09-17,NH,3,6,17
2022-09-16,NH,2,8,16
2022-09-15,NH,2,7,17
2022-09-14,NH,2,6,18
2022-09-13,NH,2,7,17
2022-09-12,NH,2,6,18
2022-09-11,NH,3,7,16
2022-09-10,NH,3,7,16
2022-09-09,NH,2,7,18
2022-09-08,NH,2,7,18
2022-09-07,NH,2,7,18
2022-09-06,NH,2,7,18
2022-09-05,NH,3,7,17
2022-09-04,NH,3,7,17
2022-09-03,NH,3,7,17
2022-09-02,NH,2,8,17
2022-09-01,NH,2,8,17
2022-08-31,NH,3,7,17
2022-08-30,NH,2,7,18
2022-08-29,NH,2,7,18
2022-08-28,NH,3,9,15
2022-08-27,NH,3,8,16
2022-08-26,NH,2,8,17
2022-08-25,NH,2,8,17
2022-08-24,NH,2,8,17
2022-08-23,NH,2,9,16
2022-08-22,NH,2,8,17
2022-08-21,NH,3,12,15
2022-08-20,NH,3,11,16
2022-08-19,NH,2,11,17
2022-08-18,NH,2,11,17
2022-08-17,NH,2,11,17
2022-08-16,NH,2,7,18
2022-08-15,NH,2,8,17
2022-08-14,NH,3,12,15
2022-08-13,NH,3,11,16
2022-08-12,NH,2,11,17
2022-08-11,NH,2,10,18
2022-08-10,NH,2,11,17
2022-08-09,NH,2,7,18
2022-08-08,NH,2,9,18
2022-08-07,NH,3,9,18
2022-08-06,NH,3,9,18
2022-08-05,NH,2,8,20
2022-08-04,NH,2,8,20
2022-08-03,NH,2,8,20
2022-08-02,NH,2,7,20
2022-08-01,NH,2,7,20
2022-07-31,NH,3,10,17
2022-07-30,NH,3,9,18
2022-07-29,NH,2,9,19
2022-07-28,NH,2,8,20
2022-07-27,NH,2,8,20
2022-07-26,NH,2,7,20
2022-07-25,NH,2,7,20
2022-07-24,NH,3,10,17
2022-07-23,NH,3,8,19
2022-07-22,NH,2,9,19
2022-07-21,NH,2,8,20
2022-07-20,NH,2,9,19
2022-07-19,NH,2,8,19
2022-07-18,NH,2,7,20
2022-07-17,NH,3,10,17
2022-07-16,NH,3,9,18
2022-07-15,NH,2,9,19
2022-07-14,NH,2,9,19
2022-07-13,NH,3,9,18
2022-07-12,NH,3,8,18
2022-07-11,NH,3,7,19
2022-07-10,NH,4,9,17
2022-07-09,NH,4,8,18
2022-07-08,NH,3,8,19
2022-07-07,NH,3,8,19
2022-07-06,NH,3,8,19
2022-07-05,NH,3,8,18
2022-07-04,NH,4,7,18
2022-07-03,NH,4,21,5
2022-07-02,NH,4,9,17
2022-07-01,NH,3,9,18
2022-06-30,NH,3,9,18
2022-06-29,NH,3,9,18
2022-06-28,NH,3,7,19
2022-06-27,NH,3,7,19
2022-06-26,NH,3,9,18
2022-06-25,NH,3,8,19
2022-06-24,NH,3,8,19
2022-06-23,NH,3,9,18
2022-06-22,NH,3,9,18
2022-06-21,NH,3,7,19
2022-06-20,NH,3,7,19
2022-06-19,NH,3,9,18
2022-06-18,NH,3,8,19
2022-06-17,NH,3,9,18
2022-06-16,NH,3,9,18
2022-06-15,NH,3,8,19
2022-06-14,NH,3,8,18
2022-06-13,NH,3,7,19
2022-06-12,NH,3,8,19
2022-06-11,NH,3,8,19
2022-06-10,NH,3,8,19
2022-06-09,NH,4,7,19
2022-06-08,NH,4,7,19
2022-06-07,NH,4,6,19
2022-06-06,NH,4,6,19
2022-06-05,NH,4,9,17
2022-06-04,NH,5,10,15
2022-06-03,NH,4,7,19
2022-06-02,NH,4,8,18
2022-06-01,NH,4,9,17
2022-05-31,NH,4,6,19
2022-05-30,NH,5,7,17
2022-05-29,NH,4,7,19
2022-05-28,NH,5,7,18
2022-05-27,NH,4,8,18
2022-05-26,NH,3,9,18
2022-05-25,NH,4,8,18
2022-05-24,NH,4,6,19
2022-05-23,NH,4,6,19
2022-05-22,NH,5,7,18
2022-05-21,NH,5,7,18
2022-05-20,NH,4,7,19
2022-05-19,NH,3,9,18
2022-05-18,NH,4,7,19
2022-05-17,NH,4,7,18
2022-05-16,NH,4,7,18
2022-05-15,NH,5,12,13
2022-05-14,NH,5,8,17
2022-05-13,NH,5,8,17
2022-05-12,NH,4,8,18
2022-05-11,NH,4,7,19
2022-05-10,NH,4,6,19
2022-05-09,NH,3,7,19
2022-05-08,NH,4,7,19
2022-05-07,NH,4,7,19
2022-05-06,NH,4,7,19
2022-05-05,NH,4,8,18
2022-05-04,NH,4,8,18
2022-05-03,NH,4,6,19
2022-05-02,NH,4,6,19
2022-05-01,NH,5,7,18
2022-04-30,NH,5,7,18
2022-04-29,NH,4,7,19
2022-04-28,NH,4,7,19
2022-04-27,NH,4,7,19
2022-04-26,NH,4,6,19
2022-04-25,NH,4,6,19
2022-04-24,NH,4,7,19
2022-04-23,NH,4,7,19
2022-04-22,NH,4,7,19
2022-04-21,NH,4,8,18
2022-04-20,NH,4,7,19
2022-04-19,NH,4,8,17
2022-04-18,NH,3,7,19
2022-04-17,NH,4,8,18
2022-04-16,NH,4,8,18
2022-04-15,NH,3,8,19
2022-04-14,NH,3,8,19
2022-04-13,NH,3,9,18
2022-04-12,NH,3,7,19
2022-04-11,NH,3,7,19
2022-04-10,NH,3,8,19
2022-04-09,NH,3,11,16
2022-04-08,NH,4,7,19
2022-04-07,NH,4,7,19
2022-04-06,NH,4,7,19
2022-04-05,NH,3,7,19
2022-04-04,NH,3,7,19
2022-04-03,NH,3,8,19
2022-04-02,NH,3,8,19
2022-04-01,NH,3,9,18
2022-03-31,NH,3,8,19
2022-03-30,NH,3,8,19
2022-03-29,NH,3,7,19
2022-03-28,NH,4,6,19
2022-03-27,NH,3,8,19
2022-03-26,NH,3,8,19
2022-03-25,NH,4,7,19
2022-03-24,NH,4,7,19
2022-03-23,NH,5,6,19
2022-03-22,NH,4,6,19
2022-03-21,NH,4,6,19
2022-03-20,NH,4,8,18
2022-03-19,NH,4,8,18
2022-03-18,NH,3,8,19
2022-03-17,NH,3,8,19
2022-03-16,NH,5,6,19
2022-03-15,NH,3,8,18
2022-03-14,NH,3,8,18
2022-03-13,NH,5,8,17
2022-03-12,NH,5,8,17
2022-03-11,NH,4,8,18
2022-03-10,NH,3,9,18
2022-03-09,NH,4,7,19
2022-03-08,NH,5,5,19
2022-03-07,NH,4,6,19
2022-03-06,NH,6,6,18
2022-03-05,NH,6,6,18
2022-03-04,NH,5,6,19
2022-03-03,NH,4,8,18
2022-03-02,NH,3,8,19
2022-03-01,NH,4,6,19
2022-02-28,NH,5,5,19
2022-02-27,NH,6,7,17
2022-02-26,NH,6,8,16
2022-02-25,NH,5,7,18
2022-02-24,NH,5,7,18
2022-02-23,NH,3,9,18
2022-02-22,NH,4,7,18
2022-02-21,NH,4,7,18
2022-02-20,NH,6,9,15
2022-02-19,NH,5,9,16
2022-02-18,NH,6,5,19
2022-02-17,NH,6,6,18
2022-02-16,NH,3,10,17
2022-02-15,NH,4,7,18
2022-02-14,NH,4,7,18
2022-02-13,NH,7,6,17
2022-02-12,NH,7,5,18
2022-02-11,NH,6,6,18
2022-02-10,NH,5,7,18
2022-02-09,NH,6,7,17
2022-02-08,NH,5,7,17
2022-02-07,NH,5,7,17
2022-02-06,NH,5,8,17
2022-02-05,NH,5,7,18
2022-02-04,NH,4,8,18
2022-02-03,NH,6,20,4
2022-02-02,NH,5,21,4
2022-02-01,NH,4,20,5
2022-01-31,NH,5,20,5
2022-01-30,NH,6,18,6
2022-01-29,NH,6,19,5
2022-01-28,NH,6,19,5
2022-01-27,NH,6,19,5
2022-01-26,NH,5,7,18
2022-01-25,NH,5,5,19
2022-01-24,NH,5,6,18
2022-01-23,NH,7,5,18
2022-01-22,NH,7,6,17
2022-01-21,NH,6,6,18
2022-01-20,NH,6,5,19
2022-01-19,NH,7,5,18
2022-01-18,NH,6,5,18
2022-01-17,NH,6,5,18
2022-01-16,NH,8,5,17
2022-01-15,NH,8,5,17
2022-01-14,NH,7,5,18
2022-01-13,NH,7,5,18
2022-01-12,NH,6,6,18
2022-01-11,NH,5,6,18
2022-01-10,NH,6,4,19
2022-01-09,NH,7,6,17
2022-01-08,NH,6,8,16
2022-01-07,NH,6,6,18
2022-01-06,NH,10,17,3
2022-01-05,NH,10,17,3
2022-01-04,NH,10,16,3
2022-01-03,NH,10,16,3
2022-01-02,NH,11,16,3
2022-01-01,NH,11,15,4
2021-12-31,NH,9,18,3
2021-12-30,NH,8,19,3
2021-12-29,NH,9,18,3
2021-12-28,NH,9,17,3
2021-12-27,NH,8,18,3
2021-12-26,NH,9,17,4
2021-12-25,NH,8,19,3
2021-12-24,NH,8,19,3
2021-12-23,NH,9,18,3
2021-12-22,NH,10,16,4
2021-12-21,NH,9,17,3
2021-12-20,NH,8,18,3
2021-12-19,NH,10,17,3
2021-12-18,NH,11,16,3
2021-12-17,NH,10,17,3
2021-12-16,NH,10,16,4
2021-12-15,NH,9,17,4
2021-12-14,NH,9,16,4
2021-12-13,NH,9,16,4
2021-12-12,NH,9,17,4
2021-12-11,NH,10,16,4
2021-12-10,NH,9,17,4
2021-12-09,NH,8,18,4
2021-12-08,NH,6,20,4
2021-12-07,NH,8,17,4
2021-12-06,NH,8,17,4
2021-12-05,NH,10,16,4
2021-12-04,NH,10,16,4
2021-12-03,NH,8,18,4
2021-12-02,NH,8,18,4
2021-12-01,NH,8,18,4
2021-11-30,NH,8,17,4
2021-11-29,NH,9,16,4
2021-11-28,NH,8,18,4
2021-11-27,NH,10,16,4
2021-11-26,NH,8,18,4
2021-11-25,NH,9,17,4
2021-11-24,NH,8,18,4
2021-11-23,NH,8,18,4
2021-11-22,NH,8,17,4
2021-11-21,NH,9,17,4
2021-11-20,NH,9,17,4
2021-11-19,NH,9,17,4
2021-11-18,NH,9,17,4
2021-11-17,NH,10,16,4
2021-11-16,NH,8,17,4
2021-11-15,NH,10,15,4
2021-11-14,NH,8,18,4
2021-11-13,NH,10,16,4
2021-11-12,NH,9,17,4
2021-11-11,NH,10,16,4
2021-11-10,NH,8,18,4
2021-11-09,NH,9,16,4
2021-11-08,NH,9,16,4
2021-11-07,NH,10,16,4
2021-11-06,NH,10,16,4
2021-11-05,NH,9,17,4
2021-11-04,NH,9,17,4
2021-11-03,NH,8,18,4
2021-11-02,NH,8,17,4
2021-11-01,NH,9,16,4
2021-10-31,NH,9,17,4
2021-10-30,NH,9,17,4
2021-10-29,NH,10,16,4
2021-10-28,NH,7,19,4
2021-10-27,NH,7,19,4
2021-10-26,NH,7,18,4
2021-10-25,NH,6,19,4
2021-10-24,NH,9,17,4
2021-10-23,NH,9,17,4
2021-10-22,NH,9,17,4
2021-10-21,NH,8,18,4
2021-10-20,NH,9,17,4
2021-10-19,NH,9,16,4
2021-10-18,NH,6,19,4
2021-10-17,NH,7,19,4
2021-10-16,NH,7,19,4
2021-10-15,NH,7,19,4
2021-10-14,NH,6,20,4
2021-10-13,NH,6,20,4
2021-10-12,NH,5,20,4
2021-10-11,NH,7,18,4
2021-10-10,NH,8,18,4
2021-10-09,NH,7,19,4
2021-10-08,NH,5,21,4
2021-10-07,NH,6,20,4
2021-10-06,NH,6,20,4
2021-10-05,NH,7,18,4
2021-10-04,NH,7,18,4
2021-10-03,NH,7,19,4
2021-10-02,NH,7,19,4
2021-10-01,NH,6,20,4
2021-09-30,NH,6,20,4
2021-09-29,NH,6,20,4
2021-09-28,NH,6,19,4
2021-09-27,NH,6,19,4
2021-09-26,NH,7,19,4
2021-09-25,NH,7,19,4
2021-09-24,NH,6,20,4
2021-09-23,NH,5,21,4
2021-09-22,NH,4,22,4
2021-09-21,NH,3,22,4
2021-09-20,NH,3,22,4
2021-09-19,NH,4,22,4
2021-09-18,NH,4,22,4
2021-09-17,NH,3,23,4
2021-09-16,NH,4,22,4
2021-09-15,NH,4,22,4
2021-09-14,NH,6,19,4
2021-09-13,NH,6,19,4
2021-09-12,NH,4,22,4
2021-09-11,NH,5,21,4
2021-09-10,NH,4,22,4
2021-09-09,NH,5,21,4
2021-09-08,NH,5,21,4
2021-09-07,NH,5,20,4
2021-09-06,NH,4,21,4
2021-09-05,NH,4,22,4
2021-09-04,NH,5,21,4
2021-09-03,NH,4,22,4
2021-09-02,NH,5,21,4
2021-09-01,NH,4,22,4
2021-08-31,NH,5,20,4
2021-08-30,NH,5,20,4
2021-08-29,NH,3,23,4
2021-08-28,NH,3,23,4
2021-08-27,NH,5,21,4
2021-08-26,NH,4,22,4
2021-08-25,NH,5,21,4
2021-08-24,NH,4,21,4
2021-08-23,NH,3,22,4
2021-08-22,NH,4,22,4
2021-08-21,NH,4,22,4
2021-08-20,NH,4,22,4
2021-08-19,NH,5,21,4
2021-08-18,NH,4,22,4
2021-08-17,NH,5,20,4
2021-08-16,NH,5,20,4
2021-08-15,NH,4,22,4
2021-08-14,NH,2,24,4
2021-08-13,NH,2,24,4
2021-08-12,NH,2,24,4
2021-08-11,NH,2,24,4
2021-08-10,NH,2,23,4
2021-08-09,NH,3,22,4
2021-08-08,NH,2,24,4
2021-08-07,NH,2,24,4
2021-08-06,NH,2,24,4
2021-08-05,NH,3,23,4
2021-08-04,NH,3,23,4
2021-08-03,NH,3,22,4
2021-08-02,NH,3,22,4
2021-08-01,NH,3,23,4
2021-07-31,NH,3,23,4
2021-07-30,NH,2,24,4
2021-07-29,NH,2,24,4
2021-07-28,NH,2,24,4
2021-07-27,NH,2,23,4
2021-07-26,NH,2,23,4
2021-07-25,NH,2,24,4
2021-07-24,NH,2,24,4
2021-07-23,NH,2,24,4
2021-07-22,NH,2,24,4
2021-07-21,NH,4,22,4
2021-07-20,NH,2,22,4
2021-07-19,NH,2,22,4
2021-07-18,NH,2,24,4
2021-07-17,NH,2,24,4
2021-07-16,NH,2,24,4
2021-07-15,NH,3,23,4
2021-07-14,NH,3,23,4
2021-07-13,NH,3,21,4
2021-07-12,NH,3,21,4
2021-07-11,NH,1,25,4
2021-07-10,NH,1,25,4
2021-07-09,NH,2,24,4
2021-07-08,NH,2,24,4
2021-07-07,NH,4,22,4
2021-07-06,NH,2,22,4
2021-07-05,NH,2,22,4
2021-07-04,NH,2,24,4
2021-07-03,NH,3,23,4
2021-07-02,NH,3,23,4
2021-07-01,NH,2,24,4
2021-06-30,NH,4,22,4
2021-06-29,NH,3,21,4
2021-06-28,NH,4,20,4
2021-06-27,NH,3,23,4
2021-06-26,NH,4,22,4
2021-06-25,NH,4,22,4
2021-06-24,NH,4,22,4
2021-06-23,NH,4,22,4
2021-06-22,NH,2,22,4
2021-06-21,NH,3,21,4
2021-06-20,NH,3,23,4
2021-06-19,NH,3,23,4
2021-06-18,NH,2,24,4
2021-06-17,NH,3,23,4
2021-06-16,NH,4,22,4
2021-06-15,NH,4,20,4
2021-06-14,NH,5,22,1
2021-06-13,NH,4,25,1
2021-06-12,NH,6,23,1
2021-06-11,NH,6,23,1
2021-06-10,NH,5,24,1
2021-06-09,NH,4,25,1
2021-06-08,NH,4,23,1
2021-06-07,NH,3,24,1
2021-06-06,NH,3,26,1
2021-06-05,NH,2,27,1
2021-06-04,NH,3,26,1
2021-06-03,NH,5,24,1
2021-06-02,NH,5,24,1
2021-06-01,NH,3,24,1
2021-05-31,NH,3,24,1
2021-05-30,NH,3,26,1
2021-05-29,NH,4,25,1
2021-05-28,NH,3,26,1
2021-05-27,NH,5,24,1
2021-05-26,NH,4,25,1
2021-05-25,NH,6,21,1
2021-05-24,NH,4,23,1
2021-05-23,NH,5,24,1
2021-05-22,NH,4,25,1
2021-05-21,NH,5,24,1
2021-05-20,NH,5,24,1
2021-05-19,NH,4,25,1
2021-05-18,NH,4,23,1
2021-05-17,NH,4,23,1
2021-05-16,NH,4,25,1
2021-05-15,NH,3,26,1
2021-05-14,NH,4,25,1
2021-05-13,NH,5,24,1
2021-05-12,NH,6,23,1
2021-05-11,NH,5,22,1
2021-05-10,NH,4,23,1
2021-05-09,NH,4,25,1
2021-05-08,NH,4,25,1
2021-05-07,NH,3,26,1
2021-05-06,NH,5,24,1
2021-05-05,NH,6,23,1
2021-05-04,NH,5,22,1
2021-05-03,NH,5,22,1
2021-05-02,NH,4,25,1
2021-05-01,NH,4,25,1
2021-04-30,NH,5,24,1
2021-04-29,NH,6,23,1
2021-04-28,NH,6,23,1
2021-04-27,NH,4,23,1
2021-04-26,NH,4,23,1
2021-04-25,NH,4,25,1
2021-04-24,NH,4,25,1
2021-04-23,NH,3,26,1
2021-04-22,NH,4,25,1
2021-04-21,NH,5,24,1
2021-04-20,NH,4,23,1
2021-04-19,NH,4,24,1
2021-04-18,NH,4,25,1
2021-04-17,NH,4,25,1
2021-04-16,NH,5,24,1
2021-04-15,NH,5,24,1
2021-04-14,NH,5,24,1
2021-04-13,NH,6,21,1
2021-04-12,NH,5,22,1
2021-04-11,NH,5,24,1
2021-04-10,NH,5,24,1
2021-04-09,NH,4,25,1
2021-04-08,NH,4,25,1
2021-04-07,NH,5,24,1
2021-04-06,NH,5,23,1
2021-04-05,NH,5,23,1
2021-04-04,NH,5,24,1
2021-04-03,NH,3,26,1
2021-04-02,NH,5,24,1
2021-04-01,NH,5,24,1
2021-03-31,NH,5,24,1
2021-03-30,NH,5,22,1
2021-03-29,NH,4,23,1
2021-03-28,NH,4,25,1
2021-03-27,NH,3,26,1
2021-03-26,NH,5,24,1
2021-03-25,NH,5,24,1
2021-03-24,NH,5,24,1
2021-03-23,NH,5,23,1
2021-03-22,NH,4,24,1
2021-03-21,NH,4,25,1
2021-03-20,NH,4,25,1
2021-03-19,NH,5,24,1
2021-03-18,NH,5,24,1
2021-03-17,NH,5,24,1
2021-03-16,NH,5,22,1
2021-03-15,NH,4,23,1
2021-03-14,NH,4,25,1
2021-03-13,NH,5,24,1
2021-03-12,NH,5,24,1
2021-03-11,NH,4,25,1
2021-03-10,NH,4,25,1
2021-03-09,NH,5,22,1
2021-03-08,NH,5,22,1
2021-03-07,NH,3,26,1
2021-03-06,NH,3,26,1
2021-03-05,NH,6,23,1
2021-03-04,NH,6,23,1
2021-03-03,NH,5,24,1
2021-03-02,NH,7,20,1
2021-03-01,NH,6,21,1
2021-02-28,NH,7,22,1
2021-02-27,NH,7,22,1
2021-02-26,NH,6,23,1
2021-02-25,NH,4,25,1
2021-02-24,NH,5,24,1
2021-02-23,NH,4,23,1
2021-02-22,NH,4,23,1
2021-02-21,NH,4,25,1
2021-02-20,NH,5,24,1
2021-02-19,NH,4,25,1
2021-02-18,NH,5,24,1
2021-02-17,NH,6,23,1
2021-02-16,NH,5,22,1
2021-02-15,NH,6,21,1
2021-02-14,NH,5,24,1
2021-02-13,NH,6,23,1
2021-02-12,NH,6,23,1
2021-02-11,NH,5,24,1
2021-02-10,NH,6,23,1
2021-02-09,NH,5,22,1
2021-02-08,NH,7,20,1
2021-02-07,NH,6,23,1
2021-02-06,NH,5,24,1
2021-02-05,NH,6,23,1
2021-02-04,NH,7,22,1
2021-02-03,NH,6,23,1
2021-02-02,NH,5,22,1
2021-02-01,NH,7,20,1
2021-01-31,NH,7,22,1
2021-01-30,NH,8,21,1
2021-01-29,NH,7,22,1
2021-01-28,NH,7,22,1
2021-01-27,NH,7,22,1
2021-01-26,NH,7,20,1
2021-01-25,NH,8,19,1
2021-01-24,NH,7,22,1
2021-01-23,NH,7,22,1
2021-01-22,NH,9,20,1
2021-01-21,NH,8,21,1
2021-01-20,NH,8,21,1
2021-01-19,NH,7,20,1
2021-01-18,NH,8,19,1
2021-01-17,NH,8,21,1
2021-01-16,NH,8,21,1
2021-01-15,NH,8,21,1
2021-01-14,NH,8,21,1
2021-01-13,NH,8,21,1
2021-01-12,NH,8,19,1
2021-01-11,NH,7,20,1
2021-01-10,NH,9,20,1
2021-01-09,NH,9,20,1
2021-01-08,NH,9,20,1
2021-01-07,NH,8,21,1
2021-01-06,NH,7,22,1
2021-01-05,NH,7,20,1
2021-01-04,NH,6,21,1
2021-01-03,NH,5,24,1
2021-01-02,NH,6,23,1
2021-01-01,NH,6,23,1
2020-12-31,NH,7,22,1
2020-12-30,NH,7,22,1
2020-12-29,NH,5,22,1
2020-12-28,NH,8,19,1
2020-12-27,NH,8,21,1
2020-12-26,NH,8,21,1
2020-12-25,NH,8,21,1
2020-12-24,NH,8,21,1
2020-12-23,NH,8,21,1
2020-12-22,NH,7,22,1
2020-12-21,NH,7,21,1
2020-12-20,NH,7,22,1
2020-12-19,NH,7,22,1
2020-12-18,NH,6,23,1
2020-12-17,NH,6,23,1
2020-12-16,NH,6,23,1
2020-12-15,NH,7,21,1
2020-12-14,NH,7,21,1
2020-12-13,NH,7,22,1
2020-12-12,NH,7,22,1
2020-12-11,NH,7,21,2
2020-12-10,NH,7,22,1
2020-12-09,NH,6,23,1
2020-12-08,NH,7,21,1
2020-12-07,NH,8,20,1
2020-12-06,NH,7,22,1
2020-12-05,NH,7,22,1
2020-12-04,NH,8,21,1
2020-12-03,NH,8,21,1
2020-12-02,NH,7,22,1
2020-12-01,NH,7,21,1
2020-11-30,NH,7,21,1
2020-11-29,NH,8,21,1
2020-11-28,NH,8,21,1
2020-11-27,NH,8,21,1
2020-11-26,NH,9,20,1
2020-11-25,NH,9,20,1
2020-11-24,NH,7,21,1
2020-11-23,NH,7,21,1
2020-11-22,NH,7,22,1
2020-11-21,NH,6,23,1
2020-11-20,NH,7,22,1
2020-11-19,NH,7,22,1
2020-11-18,NH,6,23,1
2020-11-17,NH,7,21,1
2020-11-16,NH,7,21,1
2020-11-15,NH,8,21,1
2020-11-14,NH,8,21,1
2020-11-13,NH,8,21,1
2020-11-12,NH,8,21,1
2020-11-11,NH,8,21,1
2020-11-10,NH,6,22,1
2020-11-09,NH,5,23,1
2020-11-08,NH,6,23,1
2020-11-07,NH,6,23,1
2020-11-06,NH,5,24,1
2020-11-05,NH,4,25,1
2020-11-04,NH,4,26,0
2020-11-03,NH,7,22,0
2020-11-02,NH,7,22,0
2020-11-01,NH,7,23,0
2020-10-31,NH,8,22,0
2020-10-30,NH,7,23,0
2020-10-29,NH,6,24,0
2020-10-28,NH,6,24,0
2020-10-27,NH,5,24,0
2020-10-26,NH,5,24,0
2020-10-25,NH,6,24,0
2020-10-24,NH,6,24,0
2020-10-23,NH,5,25,0
2020-10-22,NH,5,25,0
2020-10-21,NH,5,25,0
2020-10-20,NH,4,26,0
2020-10-19,NH,5,25,0
2020-10-18,NH,6,24,0
2020-10-17,NH,6,24,0
2020-10-16,NH,6,24,0
2020-10-15,NH,5,25,0
2020-10-14,NH,5,25,0
2020-10-13,NH,5,25,0
2020-10-12,NH,5,25,0
2020-10-11,NH,4,26,0
2020-10-10,NH,4,26,0
2020-10-09,NH,4,26,0
2020-10-08,NH,5,25,0
2020-10-07,NH,6,24,0
2020-10-06,NH,6,24,0
2020-10-05,NH,5,25,0
2020-10-04,NH,6,24,0
2020-10-03,NH,6,24,0
2020-10-02,NH,6,24,0
2020-10-01,NH,6,24,0
2020-09-30,NH,6,24,0
2020-09-29,NH,6,24,0
2020-09-28,NH,6,24,0
2020-09-27,NH,6,24,0
2020-09-26,NH,6,24,0
2020-09-25,NH,6,24,0
2020-09-24,NH,6,24,0
2020-09-23,NH,6,24,0
2020-09-22,NH,6,24,0
2020-09-21,NH,5,25,0
2020-09-20,NH,6,24,0
2020-09-19,NH,6,24,0
2020-09-18,NH,6,24,0
2020-09-17,NH,6,24,0
2020-09-16,NH,5,25,0
2020-09-15,NH,5,25,0
2020-09-14,NH,5,25,0
2020-09-13,NH,5,25,0
2020-09-12,NH,5,25,0
2020-09-11,NH,5,25,0
2020-09-10,NH,5,25,0
2020-09-09,NH,4,26,0
2020-09-08,NH,4,26,0
2020-09-07,NH,4,26,0
2020-09-06,NH,4,26,0
2020-09-05,NH,5,25,0
2020-09-04,NH,4,26,0
2020-09-03,NH,4,26,0
2020-09-02,NH,5,25,0
2020-09-01,NH,5,24,1
2020-08-31,NH,5,24,1
2020-08-30,NH,6,23,1
2020-08-29,NH,6,23,1
2020-08-28,NH,6,23,1
2020-08-27,NH,5,24,1
2020-08-26,NH,5,23,2
2020-08-25,NH,5,23,2
2020-08-24,NH,5,23,2
2020-08-23,NH,5,23,2
2020-08-22,NH,5,23,2
2020-08-21,NH,4,24,2
2020-08-20,NH,4,24,2
2020-08-19,NH,5,23,2
2020-08-18,NH,4,24,2
2020-08-17,NH,2,26,2
2020-08-16,NH,4,24,2
2020-08-15,NH,5,23,2
2020-08-14,NH,5,20,5
2020-08-13,NH,5,20,5
2020-08-12,NH,7,18,5
2020-08-11,NH,6,19,5
2020-08-10,NH,6,20,4
2020-08-09,NH,7,19,4
2020-08-08,NH,7,19,4
2020-08-07,NH,7,19,4
2020-08-06,NH,7,19,4
2020-08-05,NH,6,20,4
2020-08-04,NH,6,20,4
2020-08-03,NH,7,19,4
2020-08-02,NH,6,20,4
2020-08-01,NH,6,20,4
2023-04-10,NJ,6,63,5
2023-04-09,NJ,6,74,5
2023-04-08,NJ,5,74,6
2023-04-07,NJ,5,72,8
2023-04-06,NJ,5,75,6
2023-04-05,NJ,7,78,1
2023-04-04,NJ,7,62,6
2023-04-03,NJ,7,63,5
2023-04-02,NJ,6,79,6
2023-04-01,NJ,6,79,6
2023-03-31,NJ,5,80,6
2023-03-30,NJ,6,78,7
2023-03-29,NJ,7,83,1
2023-03-28,NJ,6,63,6
2023-03-27,NJ,5,63,7
2023-03-26,NJ,6,76,8
2023-03-25,NJ,5,77,8
2023-03-24,NJ,7,76,7
2023-03-23,NJ,7,77,6
2023-03-22,NJ,8,81,1
2023-03-21,NJ,6,62,7
2023-03-20,NJ,6,61,8
2023-03-19,NJ,6,77,8
2023-03-18,NJ,5,77,9
2023-03-17,NJ,6,78,7
2023-03-16,NJ,6,70,15
2023-03-15,NJ,7,83,1
2023-03-14,NJ,6,63,6
2023-03-13,NJ,5,63,7
2023-03-12,NJ,8,77,6
2023-03-11,NJ,8,77,6
2023-03-10,NJ,7,74,10
2023-03-09,NJ,8,76,7
2023-03-08,NJ,9,81,1
2023-03-07,NJ,6,61,8
2023-03-06,NJ,6,63,6
2023-03-05,NJ,6,78,7
2023-03-04,NJ,5,78,8
2023-03-03,NJ,6,78,7
2023-03-02,NJ,7,77,7
2023-03-01,NJ,8,82,1
2023-02-28,NJ,6,62,7
2023-02-27,NJ,6,62,7
2023-02-26,NJ,5,77,9
2023-02-25,NJ,5,78,8
2023-02-24,NJ,6,77,8
2023-02-23,NJ,5,78,8
2023-02-22,NJ,6,84,1
2023-02-21,NJ,5,62,8
2023-02-20,NJ,5,63,7
2023-02-19,NJ,5,79,7
2023-02-18,NJ,5,79,7
2023-02-17,NJ,5,78,8
2023-02-16,NJ,5,71,15
2023-02-15,NJ,5,85,1
2023-02-14,NJ,5,64,6
2023-02-13,NJ,5,63,7
2023-02-12,NJ,5,77,8
2023-02-11,NJ,5,77,8
2023-02-10,NJ,6,78,6
2023-02-09,NJ,6,77,7
2023-02-08,NJ,7,82,1
2023-02-07,NJ,5,62,8
2023-02-06,NJ,5,62,8
2023-02-05,NJ,5,78,8
2023-02-04,NJ,5,78,8
2023-02-03,NJ,4,78,9
2023-02-02,NJ,5,69,17
2023-02-01,NJ,6,84,1
2023-01-31,NJ,9,57,9
2023-01-30,NJ,8,57,10
2023-01-29,NJ,8,73,10
2023-01-28,NJ,9,73,9
2023-01-27,NJ,8,74,9
2023-01-26,NJ,8,74,9
2023-01-25,NJ,9,81,1
2023-01-24,NJ,8,58,9
2023-01-23,NJ,8,58,9
2023-01-22,NJ,8,72,9
2023-01-21,NJ,7,71,11
2023-01-20,NJ,9,71,9
2023-01-19,NJ,8,72,9
2023-01-18,NJ,9,79,1
2023-01-17,NJ,8,60,7
2023-01-16,NJ,8,59,8
2023-01-15,NJ,8,73,8
2023-01-14,NJ,8,73,8
2023-01-13,NJ,8,73,8
2023-01-12,NJ,8,75,7
2023-01-11,NJ,10,79,1
2023-01-10,NJ,7,59,10
2023-01-09,NJ,8,60,8
2023-01-08,NJ,9,73,8
2023-01-07,NJ,9,73,8
2023-01-06,NJ,8,72,10
2023-01-05,NJ,8,73,9
2023-01-04,NJ,9,80,1
2023-01-03,NJ,8,60,8
2023-01-02,NJ,8,59,9
2023-01-01,NJ,7,69,9
2022-12-31,NJ,8,68,8
2022-12-30,NJ,7,68,9
2022-12-29,NJ,6,69,10
2022-12-28,NJ,7,77,1
2022-12-27,NJ,5,60,11
2022-12-26,NJ,6,59,11
2022-12-25,NJ,7,70,9
2022-12-24,NJ,7,69,11
2022-12-23,NJ,6,69,12
2022-12-22,NJ,7,70,10
2022-12-21,NJ,8,77,2
2022-12-20,NJ,5,61,11
2022-12-19,NJ,6,61,10
2022-12-18,NJ,8,76,8
2022-12-17,NJ,8,76,8
2022-12-16,NJ,9,75,8
2022-12-15,NJ,8,74,10
2022-12-14,NJ,9,81,1
2022-12-13,NJ,7,58,11
2022-12-12,NJ,7,58,11
2022-12-11,NJ,9,71,9
2022-12-10,NJ,9,70,10
2022-12-09,NJ,9,70,10
2022-12-08,NJ,9,71,9
2022-12-07,NJ,11,75,3
2022-12-06,NJ,9,58,9
2022-12-05,NJ,8,59,9
2022-12-04,NJ,9,75,9
2022-12-03,NJ,9,73,11
2022-12-02,NJ,8,74,11
2022-12-01,NJ,9,74,10
2022-11-30,NJ,10,82,1
2022-11-29,NJ,7,58,11
2022-11-28,NJ,7,59,10
2022-11-27,NJ,7,73,11
2022-11-26,NJ,6,74,11
2022-11-25,NJ,7,74,10
2022-11-24,NJ,7,74,10
2022-11-23,NJ,10,80,1
2022-11-22,NJ,6,54,16
2022-11-21,NJ,8,59,9
2022-11-20,NJ,9,70,14
2022-11-19,NJ,10,69,14
2022-11-18,NJ,9,73,11
2022-11-17,NJ,8,72,13
2022-11-16,NJ,10,82,1
2022-11-15,NJ,8,52,16
2022-11-14,NJ,9,57,10
2022-11-13,NJ,8,74,11
2022-11-12,NJ,8,74,11
2022-11-11,NJ,7,75,11
2022-11-10,NJ,8,75,10
2022-11-09,NJ,11,81,1
2022-11-08,NJ,8,58,10
2022-11-07,NJ,8,58,10
2022-11-06,NJ,9,72,12
2022-11-05,NJ,9,73,11
2022-11-04,NJ,11,72,10
2022-11-03,NJ,11,72,10
2022-11-02,NJ,13,79,1
2022-11-01,NJ,8,58,10
2022-10-31,NJ,8,57,11
2022-10-30,NJ,7,75,11
2022-10-29,NJ,7,75,11
2022-10-28,NJ,9,73,11
2022-10-27,NJ,8,74,11
2022-10-26,NJ,11,81,1
2022-10-25,NJ,8,58,10
2022-10-24,NJ,7,58,11
2022-10-23,NJ,8,73,11
2022-10-22,NJ,8,73,11
2022-10-21,NJ,8,74,10
2022-10-20,NJ,9,73,10
2022-10-19,NJ,10,81,1
2022-10-18,NJ,8,58,10
2022-10-17,NJ,8,59,9
2022-10-16,NJ,8,73,12
2022-10-15,NJ,9,73,11
2022-10-14,NJ,9,74,10
2022-10-13,NJ,9,74,10
2022-10-12,NJ,10,82,1
2022-10-11,NJ,9,59,8
2022-10-10,NJ,9,57,10
2022-10-09,NJ,10,72,11
2022-10-08,NJ,11,72,10
2022-10-07,NJ,9,73,11
2022-10-06,NJ,10,74,9
2022-10-05,NJ,12,80,1
2022-10-04,NJ,9,58,9
2022-10-03,NJ,10,57,9
2022-10-02,NJ,9,73,10
2022-10-01,NJ,9,73,10
2022-09-30,NJ,9,73,10
2022-09-29,NJ,10,73,9
2022-09-28,NJ,12,79,1
2022-09-27,NJ,7,57,12
2022-09-26,NJ,7,59,10
2022-09-25,NJ,9,75,9
2022-09-24,NJ,9,75,9
2022-09-23,NJ,8,75,10
2022-09-22,NJ,8,76,9
2022-09-21,NJ,10,82,1
2022-09-20,NJ,6,59,11
2022-09-19,NJ,7,59,10
2022-09-18,NJ,8,76,9
2022-09-17,NJ,7,75,11
2022-09-16,NJ,9,75,9
2022-09-15,NJ,9,75,9
2022-09-14,NJ,11,81,1
2022-09-13,NJ,6,59,11
2022-09-12,NJ,7,59,10
2022-09-11,NJ,7,75,11
2022-09-10,NJ,8,75,10
2022-09-09,NJ,7,80,9
2022-09-08,NJ,8,80,8
2022-09-07,NJ,10,85,1
2022-09-06,NJ,8,63,8
2022-09-05,NJ,6,62,11
2022-09-04,NJ,7,78,11
2022-09-03,NJ,7,79,10
2022-09-02,NJ,8,79,9
2022-09-01,NJ,9,78,9
2022-08-31,NJ,10,85,1
2022-08-30,NJ,7,62,10
2022-08-29,NJ,8,63,8
2022-08-28,NJ,9,77,10
2022-08-27,NJ,9,77,10
2022-08-26,NJ,9,77,10
2022-08-25,NJ,10,77,9
2022-08-24,NJ,11,84,1
2022-08-23,NJ,8,61,10
2022-08-22,NJ,9,61,9
2022-08-21,NJ,7,80,9
2022-08-20,NJ,7,79,10
2022-08-19,NJ,8,78,10
2022-08-18,NJ,8,78,10
2022-08-17,NJ,10,85,1
2022-08-16,NJ,7,62,10
2022-08-15,NJ,7,62,10
2022-08-14,NJ,8,76,12
2022-08-13,NJ,9,76,11
2022-08-12,NJ,9,77,10
2022-08-11,NJ,9,77,10
2022-08-10,NJ,12,83,1
2022-08-09,NJ,5,64,10
2022-08-08,NJ,7,63,9
2022-08-07,NJ,7,79,10
2022-08-06,NJ,7,78,11
2022-08-05,NJ,7,80,9
2022-08-04,NJ,7,79,10
2022-08-03,NJ,9,86,1
2022-08-02,NJ,6,63,10
2022-08-01,NJ,6,63,10
2022-07-31,NJ,7,78,11
2022-07-30,NJ,7,80,9
2022-07-29,NJ,7,80,9
2022-07-28,NJ,9,78,9
2022-07-27,NJ,10,85,1
2022-07-26,NJ,6,63,10
2022-07-25,NJ,6,62,11
2022-07-24,NJ,8,78,10
2022-07-23,NJ,7,79,10
2022-07-22,NJ,7,79,10
2022-07-21,NJ,7,81,8
2022-07-20,NJ,9,86,1
2022-07-19,NJ,7,62,10
2022-07-18,NJ,7,62,10
2022-07-17,NJ,9,78,9
2022-07-16,NJ,9,78,9
2022-07-15,NJ,9,77,10
2022-07-14,NJ,9,78,9
2022-07-13,NJ,12,83,1
2022-07-12,NJ,7,62,10
2022-07-11,NJ,7,61,11
2022-07-10,NJ,9,77,10
2022-07-09,NJ,10,76,10
2022-07-08,NJ,10,76,10
2022-07-07,NJ,9,78,9
2022-07-06,NJ,13,82,1
2022-07-05,NJ,8,61,10
2022-07-04,NJ,9,61,9
2022-07-03,NJ,9,77,10
2022-07-02,NJ,7,78,11
2022-07-01,NJ,8,73,15
2022-06-30,NJ,8,74,14
2022-06-29,NJ,9,86,1
2022-06-28,NJ,7,56,16
2022-06-27,NJ,7,62,10
2022-06-26,NJ,12,75,9
2022-06-25,NJ,11,76,9
2022-06-24,NJ,10,77,9
2022-06-23,NJ,10,77,9
2022-06-22,NJ,12,83,1
2022-06-21,NJ,8,55,16
2022-06-20,NJ,10,58,11
2022-06-19,NJ,11,71,14
2022-06-18,NJ,11,70,15
2022-06-17,NJ,13,74,9
2022-06-16,NJ,11,69,16
2022-06-15,NJ,13,82,1
2022-06-14,NJ,10,53,16
2022-06-13,NJ,11,54,14
2022-06-12,NJ,11,71,14
2022-06-11,NJ,11,70,15
2022-06-10,NJ,10,70,16
2022-06-09,NJ,11,70,15
2022-06-08,NJ,15,80,1
2022-06-07,NJ,10,54,15
2022-06-06,NJ,8,55,16
2022-06-05,NJ,11,70,15
2022-06-04,NJ,10,72,14
2022-06-03,NJ,11,71,14
2022-06-02,NJ,11,70,15
2022-06-01,NJ,15,80,1
2022-05-31,NJ,9,55,15
2022-05-30,NJ,10,55,14
2022-05-29,NJ,10,71,15
2022-05-28,NJ,12,69,15
2022-05-27,NJ,11,69,16
2022-05-26,NJ,12,69,15
2022-05-25,NJ,13,82,1
2022-05-24,NJ,11,54,14
2022-05-23,NJ,10,54,15
2022-05-22,NJ,10,70,16
2022-05-21,NJ,10,70,16
2022-05-20,NJ,11,70,15
2022-05-19,NJ,10,71,15
2022-05-18,NJ,13,82,1
2022-05-17,NJ,10,55,14
2022-05-16,NJ,10,54,15
2022-05-15,NJ,10,71,15
2022-05-14,NJ,9,72,15
2022-05-13,NJ,11,70,15
2022-05-12,NJ,11,71,14
2022-05-11,NJ,12,83,1
2022-05-10,NJ,10,54,15
2022-05-09,NJ,9,52,18
2022-05-08,NJ,10,70,16
2022-05-07,NJ,10,70,16
2022-05-06,NJ,11,69,16
2022-05-05,NJ,11,69,16
2022-05-04,NJ,12,83,1
2022-05-03,NJ,10,55,15
2022-05-02,NJ,12,52,16
2022-05-01,NJ,11,69,16
2022-04-30,NJ,11,70,15
2022-04-29,NJ,12,70,14
2022-04-28,NJ,12,70,14
2022-04-27,NJ,14,81,1
2022-04-26,NJ,11,54,14
2022-04-25,NJ,11,54,14
2022-04-24,NJ,12,70,14
2022-04-23,NJ,13,69,14
2022-04-22,NJ,12,69,15
2022-04-21,NJ,13,69,14
2022-04-20,NJ,14,81,1
2022-04-19,NJ,10,55,14
2022-04-18,NJ,11,54,14
2022-04-17,NJ,11,70,15
2022-04-16,NJ,11,70,15
2022-04-15,NJ,11,71,14
2022-04-14,NJ,13,70,13
2022-04-13,NJ,14,81,1
2022-04-12,NJ,11,54,14
2022-04-11,NJ,11,54,14
2022-04-10,NJ,12,70,14
2022-04-09,NJ,12,70,14
2022-04-08,NJ,14,70,12
2022-04-07,NJ,13,69,14
2022-04-06,NJ,15,80,1
2022-04-05,NJ,12,53,14
2022-04-04,NJ,11,54,14
2022-04-03,NJ,12,71,13
2022-04-02,NJ,13,70,13
2022-04-01,NJ,13,69,14
2022-03-31,NJ,12,70,14
2022-03-30,NJ,16,79,1
2022-03-29,NJ,11,55,13
2022-03-28,NJ,10,55,14
2022-03-27,NJ,12,71,13
2022-03-26,NJ,12,71,13
2022-03-25,NJ,12,71,13
2022-03-24,NJ,12,71,13
2022-03-23,NJ,15,80,1
2022-03-22,NJ,9,56,14
2022-03-21,NJ,10,56,13
2022-03-20,NJ,12,71,13
2022-03-19,NJ,11,71,14
2022-03-18,NJ,9,72,15
2022-03-17,NJ,9,72,15
2022-03-16,NJ,14,81,1
2022-03-15,NJ,9,58,12
2022-03-14,NJ,8,57,14
2022-03-13,NJ,8,74,14
2022-03-12,NJ,10,74,12
2022-03-11,NJ,8,74,14
2022-03-10,NJ,11,73,12
2022-03-09,NJ,13,82,1
2022-03-08,NJ,10,56,13
2022-03-07,NJ,10,56,13
2022-03-06,NJ,10,74,12
2022-03-05,NJ,10,73,13
2022-03-04,NJ,10,74,12
2022-03-03,NJ,11,72,13
2022-03-02,NJ,13,82,1
2022-03-01,NJ,9,57,13
2022-02-28,NJ,10,57,12
2022-02-27,NJ,11,72,13
2022-02-26,NJ,12,73,11
2022-02-25,NJ,12,73,11
2022-02-24,NJ,11,73,12
2022-02-23,NJ,13,82,1
2022-02-22,NJ,11,56,12
2022-02-21,NJ,11,57,11
2022-02-20,NJ,12,73,11
2022-02-19,NJ,11,74,11
2022-02-18,NJ,12,73,11
2022-02-17,NJ,12,73,11
2022-02-16,NJ,15,80,1
2022-02-15,NJ,11,57,11
2022-02-14,NJ,11,57,11
2022-02-13,NJ,12,73,11
2022-02-12,NJ,12,74,10
2022-02-11,NJ,12,73,11
2022-02-10,NJ,13,73,10
2022-02-09,NJ,14,81,1
2022-02-08,NJ,12,59,9
2022-02-07,NJ,14,57,9
2022-02-06,NJ,14,72,10
2022-02-05,NJ,13,73,10
2022-02-04,NJ,13,72,11
2022-02-03,NJ,14,72,10
2022-02-02,NJ,17,78,1
2022-02-01,NJ,14,55,11
2022-01-31,NJ,14,55,11
2022-01-30,NJ,17,69,10
2022-01-29,NJ,17,69,10
2022-01-28,NJ,17,69,10
2022-01-27,NJ,16,69,11
2022-01-26,NJ,17,75,4
2022-01-25,NJ,15,55,10
2022-01-24,NJ,16,53,11
2022-01-23,NJ,15,70,11
2022-01-22,NJ,15,70,11
2022-01-21,NJ,16,69,11
2022-01-20,NJ,16,69,11
2022-01-19,NJ,16,69,11
2022-01-18,NJ,15,54,11
2022-01-17,NJ,15,54,11
2022-01-16,NJ,17,68,11
2022-01-15,NJ,16,67,13
2022-01-14,NJ,18,67,11
2022-01-13,NJ,17,67,12
2022-01-12,NJ,18,71,7
2022-01-11,NJ,17,52,11
2022-01-10,NJ,18,51,11
2022-01-09,NJ,19,66,11
2022-01-08,NJ,19,65,12
2022-01-07,NJ,19,66,11
2022-01-06,NJ,19,65,12
2022-01-05,NJ,19,71,6
2022-01-04,NJ,17,51,12
2022-01-03,NJ,18,51,11
2022-01-02,NJ,18,67,11
2022-01-01,NJ,19,66,11
2021-12-31,NJ,19,66,11
2021-12-30,NJ,19,66,11
2021-12-29,NJ,19,71,6
2021-12-28,NJ,16,53,11
2021-12-27,NJ,16,52,12
2021-12-26,NJ,14,69,13
2021-12-25,NJ,15,69,12
2021-12-24,NJ,15,69,12
2021-12-23,NJ,15,69,12
2021-12-22,NJ,15,74,7
2021-12-21,NJ,13,56,11
2021-12-20,NJ,12,56,12
2021-12-19,NJ,12,72,12
2021-12-18,NJ,11,72,13
2021-12-17,NJ,11,72,13
2021-12-16,NJ,11,73,12
2021-12-15,NJ,12,77,7
2021-12-14,NJ,8,60,12
2021-12-13,NJ,10,58,12
2021-12-12,NJ,12,72,11
2021-12-11,NJ,11,73,11
2021-12-10,NJ,13,71,11
2021-12-09,NJ,12,72,11
2021-12-08,NJ,13,76,6
2021-12-07,NJ,10,58,12
2021-12-06,NJ,10,59,11
2021-12-05,NJ,9,75,12
2021-12-04,NJ,10,74,12
2021-12-03,NJ,10,74,12
2021-12-02,NJ,10,74,12
2021-12-01,NJ,12,77,7
2021-11-30,NJ,9,59,12
2021-11-29,NJ,9,59,12
2021-11-28,NJ,9,76,11
2021-11-27,NJ,9,75,12
2021-11-26,NJ,9,75,12
2021-11-25,NJ,10,74,12
2021-11-24,NJ,10,78,8
2021-11-23,NJ,8,60,12
2021-11-22,NJ,8,60,12
2021-11-21,NJ,10,73,13
2021-11-20,NJ,10,73,13
2021-11-19,NJ,10,74,12
2021-11-18,NJ,9,74,13
2021-11-17,NJ,11,78,7
2021-11-16,NJ,8,60,12
2021-11-15,NJ,8,60,12
2021-11-14,NJ,10,75,11
2021-11-13,NJ,11,74,11
2021-11-12,NJ,11,73,12
2021-11-11,NJ,10,74,12
2021-11-10,NJ,13,78,5
2021-11-09,NJ,7,61,12
2021-11-08,NJ,7,61,12
2021-11-07,NJ,8,76,12
2021-11-06,NJ,8,76,12
2021-11-05,NJ,7,77,12
2021-11-04,NJ,9,75,12
2021-11-03,NJ,11,79,6
2021-11-02,NJ,9,60,11
2021-11-01,NJ,8,60,12
2021-10-31,NJ,11,73,12
2021-10-30,NJ,10,75,11
2021-10-29,NJ,10,75,11
2021-10-28,NJ,10,75,11
2021-10-27,NJ,11,78,7
2021-10-26,NJ,9,60,11
2021-10-25,NJ,9,60,11
2021-10-24,NJ,9,76,11
2021-10-23,NJ,10,76,10
2021-10-22,NJ,11,75,10
2021-10-21,NJ,11,74,11
2021-10-20,NJ,11,79,6
2021-10-19,NJ,9,60,11
2021-10-18,NJ,10,60,10
2021-10-17,NJ,9,76,11
2021-10-16,NJ,10,75,11
2021-10-15,NJ,10,75,11
2021-10-14,NJ,10,74,12
2021-10-13,NJ,12,73,11
2021-10-12,NJ,8,61,11
2021-10-11,NJ,7,60,13
2021-10-10,NJ,9,76,11
2021-10-09,NJ,10,76,10
2021-10-08,NJ,9,76,11
2021-10-07,NJ,10,76,10
2021-10-06,NJ,11,80,5
2021-10-05,NJ,8,62,11
2021-10-04,NJ,10,61,10
2021-10-03,NJ,8,77,11
2021-10-02,NJ,8,77,11
2021-10-01,NJ,7,77,12
2021-09-30,NJ,8,76,12
2021-09-29,NJ,8,81,7
2021-09-28,NJ,7,61,12
2021-09-27,NJ,7,62,11
2021-09-26,NJ,8,77,11
2021-09-25,NJ,9,77,10
2021-09-24,NJ,10,76,10
2021-09-23,NJ,10,75,11
2021-09-22,NJ,11,80,5
2021-09-21,NJ,9,62,10
2021-09-20,NJ,9,62,10
2021-09-19,NJ,8,78,10
2021-09-18,NJ,7,78,11
2021-09-17,NJ,8,77,11
2021-09-16,NJ,9,76,11
2021-09-15,NJ,11,79,6
2021-09-14,NJ,8,62,11
2021-09-13,NJ,7,61,13
2021-09-12,NJ,7,77,12
2021-09-11,NJ,9,76,11
2021-09-10,NJ,9,76,11
2021-09-09,NJ,8,76,12
2021-09-08,NJ,7,82,7
2021-09-07,NJ,7,61,13
2021-09-06,NJ,6,62,13
2021-09-05,NJ,9,75,12
2021-09-04,NJ,8,75,13
2021-09-03,NJ,10,74,12
2021-09-02,NJ,6,78,12
2021-09-01,NJ,8,83,5
2021-08-31,NJ,7,63,11
2021-08-30,NJ,7,63,11
2021-08-29,NJ,6,77,13
2021-08-28,NJ,6,76,14
2021-08-27,NJ,6,77,13
2021-08-26,NJ,8,76,12
2021-08-25,NJ,8,81,7
2021-08-24,NJ,7,60,14
2021-08-23,NJ,7,61,13
2021-08-22,NJ,7,76,13
2021-08-21,NJ,7,76,13
2021-08-20,NJ,8,75,13
2021-08-19,NJ,7,75,14
2021-08-18,NJ,9,80,7
2021-08-17,NJ,7,60,14
2021-08-16,NJ,6,61,14
2021-08-15,NJ,6,78,12
2021-08-14,NJ,6,76,14
2021-08-13,NJ,6,78,12
2021-08-12,NJ,6,78,12
2021-08-11,NJ,7,84,5
2021-08-10,NJ,5,64,12
2021-08-09,NJ,5,63,13
2021-08-08,NJ,6,78,12
2021-08-07,NJ,6,78,12
2021-08-06,NJ,7,77,12
2021-08-05,NJ,7,77,12
2021-08-04,NJ,7,84,5
2021-08-03,NJ,5,65,11
2021-08-02,NJ,5,63,13
2021-08-01,NJ,6,79,11
2021-07-31,NJ,6,80,10
2021-07-30,NJ,6,80,10
2021-07-29,NJ,6,79,11
2021-07-28,NJ,6,85,5
2021-07-27,NJ,5,65,11
2021-07-26,NJ,5,65,11
2021-07-25,NJ,7,78,11
2021-07-24,NJ,8,77,11
2021-07-23,NJ,7,77,12
2021-07-22,NJ,8,76,12
2021-07-21,NJ,8,80,8
2021-07-20,NJ,7,59,12
2021-07-19,NJ,7,59,12
2021-07-18,NJ,7,77,12
2021-07-17,NJ,7,75,14
2021-07-16,NJ,7,77,12
2021-07-15,NJ,7,76,13
2021-07-14,NJ,7,81,8
2021-07-13,NJ,6,59,13
2021-07-12,NJ,7,57,14
2021-07-11,NJ,7,75,14
2021-07-10,NJ,7,75,14
2021-07-09,NJ,7,77,12
2021-07-08,NJ,7,76,13
2021-07-07,NJ,7,82,7
2021-07-06,NJ,6,60,12
2021-07-05,NJ,6,59,13
2021-07-04,NJ,8,76,12
2021-07-03,NJ,8,75,13
2021-07-02,NJ,8,77,11
2021-07-01,NJ,8,76,12
2021-06-30,NJ,8,83,5
2021-06-29,NJ,7,60,11
2021-06-28,NJ,7,60,11
2021-06-27,NJ,8,76,12
2021-06-26,NJ,8,75,13
2021-06-25,NJ,8,76,12
2021-06-24,NJ,8,77,11
2021-06-23,NJ,8,83,5
2021-06-22,NJ,7,59,12
2021-06-21,NJ,8,58,12
2021-06-20,NJ,8,77,11
2021-06-19,NJ,8,76,12
2021-06-18,NJ,8,76,12
2021-06-17,NJ,8,77,11
2021-06-16,NJ,6,84,6
2021-06-15,NJ,7,59,12
2021-06-14,NJ,6,60,12
2021-06-13,NJ,7,77,12
2021-06-12,NJ,7,77,12
2021-06-11,NJ,7,78,11
2021-06-10,NJ,7,78,11
2021-06-09,NJ,8,82,6
2021-06-08,NJ,7,60,11
2021-06-07,NJ,7,60,11
2021-06-06,NJ,8,76,12
2021-06-05,NJ,8,77,11
2021-06-04,NJ,8,76,12
2021-06-03,NJ,7,78,11
2021-06-02,NJ,7,84,5
2021-06-01,NJ,6,61,11
2021-05-31,NJ,6,61,11
2021-05-30,NJ,7,78,11
2021-05-29,NJ,7,78,11
2021-05-28,NJ,8,78,10
2021-05-27,NJ,7,78,11
2021-05-26,NJ,7,84,5
2021-05-25,NJ,6,61,11
2021-05-24,NJ,6,61,11
2021-05-23,NJ,8,78,10
2021-05-22,NJ,9,76,11
2021-05-21,NJ,8,77,11
2021-05-20,NJ,10,75,11
2021-05-19,NJ,9,83,4
2021-05-18,NJ,7,60,11
2021-05-17,NJ,8,59,11
2021-05-16,NJ,9,77,10
2021-05-15,NJ,8,77,11
2021-05-14,NJ,8,77,11
2021-05-13,NJ,8,77,11
2021-05-12,NJ,8,84,4
2021-05-11,NJ,7,61,10
2021-05-10,NJ,7,60,11
2021-05-09,NJ,10,77,9
2021-05-08,NJ,9,78,9
2021-05-07,NJ,8,78,10
2021-05-06,NJ,8,77,11
2021-05-05,NJ,9,83,4
2021-05-04,NJ,8,59,11
2021-05-03,NJ,8,60,10
2021-05-02,NJ,10,76,10
2021-05-01,NJ,9,78,9
2021-04-30,NJ,10,76,10
2021-04-29,NJ,9,76,11
2021-04-28,NJ,11,81,4
2021-04-27,NJ,9,59,10
2021-04-26,NJ,9,59,10
2021-04-25,NJ,9,77,10
2021-04-24,NJ,9,76,11
2021-04-23,NJ,8,78,10
2021-04-22,NJ,9,77,10
2021-04-21,NJ,9,83,4
2021-04-20,NJ,6,63,9
2021-04-19,NJ,7,62,9
2021-04-18,NJ,9,78,9
2021-04-17,NJ,10,78,8
2021-04-16,NJ,10,78,8
2021-04-15,NJ,10,77,9
2021-04-14,NJ,8,84,4
2021-04-13,NJ,6,63,9
2021-04-12,NJ,6,63,10
2021-04-11,NJ,10,78,8
2021-04-10,NJ,8,80,8
2021-04-09,NJ,8,79,9
2021-04-08,NJ,8,80,8
2021-04-07,NJ,8,83,5
2021-04-06,NJ,6,67,8
2021-04-05,NJ,7,64,10
2021-04-04,NJ,8,78,10
2021-04-03,NJ,9,76,11
2021-04-02,NJ,8,79,9
2021-04-01,NJ,7,79,10
2021-03-31,NJ,10,82,4
2021-03-30,NJ,5,62,11
2021-03-29,NJ,7,62,9
2021-03-28,NJ,10,77,9
2021-03-27,NJ,10,77,9
2021-03-26,NJ,10,78,8
2021-03-25,NJ,10,78,8
2021-03-24,NJ,10,82,4
2021-03-23,NJ,9,60,9
2021-03-22,NJ,10,59,9
2021-03-21,NJ,11,76,9
2021-03-20,NJ,11,76,9
2021-03-19,NJ,11,77,8
2021-03-18,NJ,11,76,9
2021-03-17,NJ,12,80,4
2021-03-16,NJ,11,56,11
2021-03-15,NJ,11,57,10
2021-03-14,NJ,12,75,9
2021-03-13,NJ,11,77,8
2021-03-12,NJ,10,76,10
2021-03-11,NJ,11,75,10
2021-03-10,NJ,11,82,3
2021-03-09,NJ,10,60,8
2021-03-08,NJ,10,59,9
2021-03-07,NJ,10,78,8
2021-03-06,NJ,10,77,9
2021-03-05,NJ,11,76,9
2021-03-04,NJ,11,76,9
2021-03-03,NJ,12,81,3
2021-03-02,NJ,8,62,8
2021-03-01,NJ,8,62,8
2021-02-28,NJ,10,77,9
2021-02-27,NJ,10,76,10
2021-02-26,NJ,10,77,9
2021-02-25,NJ,11,75,10
2021-02-24,NJ,11,81,4
2021-02-23,NJ,9,60,9
2021-02-22,NJ,9,60,9
2021-02-21,NJ,11,81,4
2021-02-20,NJ,12,81,3
2021-02-19,NJ,11,76,9
2021-02-18,NJ,12,76,8
2021-02-17,NJ,13,80,3
2021-02-16,NJ,9,60,9
2021-02-15,NJ,9,61,8
2021-02-14,NJ,11,76,9
2021-02-13,NJ,11,76,9
2021-02-12,NJ,11,77,8
2021-02-11,NJ,10,77,9
2021-02-10,NJ,11,80,5
2021-02-09,NJ,9,60,9
2021-02-08,NJ,8,61,9
2021-02-07,NJ,10,82,4
2021-02-06,NJ,11,81,4
2021-02-05,NJ,10,77,9
2021-02-04,NJ,10,77,9
2021-02-03,NJ,11,81,4
2021-02-02,NJ,9,61,8
2021-02-01,NJ,9,61,8
2021-01-31,NJ,10,78,8
2021-01-30,NJ,10,77,9
2021-01-29,NJ,10,79,7
2021-01-28,NJ,9,78,9
2021-01-27,NJ,10,83,3
2021-01-26,NJ,8,62,8
2021-01-25,NJ,8,62,8
2021-01-24,NJ,11,82,3
2021-01-23,NJ,11,79,6
2021-01-22,NJ,11,82,3
2021-01-21,NJ,9,82,5
2021-01-20,NJ,10,84,2
2021-01-19,NJ,8,68,2
2021-01-18,NJ,8,68,2
2021-01-17,NJ,10,83,3
2021-01-16,NJ,10,84,2
2021-01-15,NJ,10,84,2
2021-01-14,NJ,10,83,3
2021-01-13,NJ,10,84,2
2021-01-12,NJ,12,64,2
2021-01-11,NJ,13,63,2
2021-01-10,NJ,13,78,5
2021-01-09,NJ,13,81,2
2021-01-08,NJ,11,83,2
2021-01-07,NJ,10,84,2
2021-01-06,NJ,11,83,2
2021-01-05,NJ,9,67,2
2021-01-04,NJ,10,66,2
2021-01-03,NJ,11,83,2
2021-01-02,NJ,10,84,2
2021-01-01,NJ,11,83,2
2020-12-31,NJ,11,82,3
2020-12-30,NJ,11,83,2
2020-12-29,NJ,10,66,2
2020-12-28,NJ,10,65,3
2020-12-27,NJ,12,81,3
2020-12-26,NJ,11,82,3
2020-12-25,NJ,11,82,3
2020-12-24,NJ,12,81,3
2020-12-23,NJ,12,81,3
2020-12-22,NJ,12,67,2
2020-12-21,NJ,12,62,4
2020-12-20,NJ,12,80,4
2020-12-19,NJ,11,82,3
2020-12-18,NJ,9,82,5
2020-12-17,NJ,10,81,5
2020-12-16,NJ,12,80,4
2020-12-15,NJ,11,65,3
2020-12-14,NJ,12,62,5
2020-12-13,NJ,12,81,3
2020-12-12,NJ,12,81,3
2020-12-11,NJ,11,82,3
2020-12-10,NJ,12,81,3
2020-12-09,NJ,13,79,4
2020-12-08,NJ,11,66,2
2020-12-07,NJ,13,62,4
2020-12-06,NJ,14,78,4
2020-12-05,NJ,11,81,4
2020-12-04,NJ,13,80,3
2020-12-03,NJ,13,79,4
2020-12-02,NJ,14,79,3
2020-12-01,NJ,14,60,5
2020-11-30,NJ,14,62,3
2020-11-29,NJ,15,77,4
2020-11-28,NJ,13,79,4
2020-11-27,NJ,13,79,4
2020-11-26,NJ,13,79,4
2020-11-25,NJ,15,77,4
2020-11-24,NJ,11,64,4
2020-11-23,NJ,12,64,3
2020-11-22,NJ,12,79,5
2020-11-21,NJ,12,80,4
2020-11-20,NJ,10,83,3
2020-11-19,NJ,12,82,2
2020-11-18,NJ,11,82,3
2020-11-17,NJ,10,66,3
2020-11-16,NJ,11,66,2
2020-11-15,NJ,11,81,2
2020-11-14,NJ,10,82,2
2020-11-13,NJ,11,81,2
2020-11-12,NJ,10,81,3
2020-11-11,NJ,11,81,2
2020-11-10,NJ,10,67,2
2020-11-09,NJ,10,67,2
2020-11-08,NJ,10,81,2
2020-11-07,NJ,11,81,1
2020-11-06,NJ,11,80,2
2020-11-05,NJ,11,80,2
2020-11-04,NJ,11,81,1
2020-11-03,NJ,10,68,1
2020-11-02,NJ,10,68,1
2020-11-01,NJ,12,80,1
2020-10-31,NJ,11,81,1
2020-10-30,NJ,12,80,1
2020-10-29,NJ,12,80,1
2020-10-28,NJ,14,78,1
2020-10-27,NJ,10,67,1
2020-10-26,NJ,10,67,1
2020-10-25,NJ,12,81,1
2020-10-24,NJ,12,81,1
2020-10-23,NJ,12,81,1
2020-10-22,NJ,12,81,1
2020-10-21,NJ,13,80,1
2020-10-20,NJ,10,80,1
2020-10-19,NJ,11,80,1
2020-10-18,NJ,12,80,1
2020-10-17,NJ,12,80,1
2020-10-16,NJ,12,81,1
2020-10-15,NJ,12,81,1
2020-10-14,NJ,11,81,1
2020-10-13,NJ,13,79,1
2020-10-12,NJ,12,80,1
2020-10-11,NJ,11,82,1
2020-10-10,NJ,11,82,1
2020-10-09,NJ,12,82,1
2020-10-08,NJ,11,83,1
2020-10-07,NJ,11,83,1
2020-10-06,NJ,11,81,1
2020-10-05,NJ,11,83,1
2020-10-04,NJ,11,83,1
2020-10-03,NJ,10,84,1
2020-10-02,NJ,11,83,1
2020-10-01,NJ,12,81,1
2020-09-30,NJ,11,82,1
2020-09-29,NJ,11,81,1
2020-09-28,NJ,12,82,1
2020-09-27,NJ,12,82,1
2020-09-26,NJ,12,82,1
2020-09-25,NJ,12,82,1
2020-09-24,NJ,10,68,1
2020-09-23,NJ,9,69,1
2020-09-22,NJ,9,69,1
2020-09-21,NJ,11,81,1
2020-09-20,NJ,10,82,1
2020-09-19,NJ,10,82,1
2020-09-18,NJ,10,82,1
2020-09-17,NJ,11,81,1
2020-09-16,NJ,10,68,1
2020-09-15,NJ,9,69,1
2020-09-14,NJ,9,69,1
2020-09-13,NJ,10,68,1
2020-09-12,NJ,9,68,2
2020-09-11,NJ,10,68,1
2020-09-10,NJ,9,65,2
2020-09-09,NJ,10,76,5
2020-09-08,NJ,10,76,5
2020-09-07,NJ,10,75,6
2020-09-06,NJ,10,74,7
2020-09-05,NJ,11,73,7
2020-09-04,NJ,12,65,1
2020-09-03,NJ,9,66,2
2020-09-02,NJ,10,65,1
2020-09-01,NJ,10,66,1
2020-08-31,NJ,11,65,1
2020-08-30,NJ,10,65,2
2020-08-29,NJ,10,66,1
2020-08-28,NJ,10,67,1
2020-08-27,NJ,10,67,1
2020-08-26,NJ,9,64,5
2020-08-25,NJ,11,63,4
2020-08-24,NJ,10,62,6
2020-08-23,NJ,12,61,4
2020-08-22,NJ,8,64,5
2020-08-21,NJ,10,61,5
2020-08-20,NJ,10,62,5
2020-08-19,NJ,9,63,5
2020-08-18,NJ,9,63,4
2020-08-17,NJ,10,62,3
2020-08-16,NJ,9,63,3
2020-08-15,NJ,9,63,3
2020-08-14,NJ,10,62,3
2020-08-13,NJ,9,62,4
2020-08-12,NJ,9,61,5
2020-08-11,NJ,8,64,4
2020-08-10,NJ,8,62,6
2020-08-09,NJ,9,63,5
2020-08-08,NJ,9,63,5
2020-08-07,NJ,10,61,7
2020-08-06,NJ,9,62,8
2020-08-05,NJ,9,64,6
2020-08-04,NJ,9,60,11
2020-08-03,NJ,9,53,15
2020-08-02,NJ,10,53,14
2020-08-01,NJ,10,53,15
2023-04-10,NM,15,26,1
2023-04-09,NM,16,27,1
2023-04-08,NM,16,27,1
2023-04-07,NM,17,27,1
2023-04-06,NM,17,26,2
2023-04-05,NM,17,27,1
2023-04-04,NM,16,26,2
2023-04-03,NM,16,26,2
2023-04-02,NM,17,28,2
2023-04-01,NM,17,28,2
2023-03-31,NM,17,28,2
2023-03-30,NM,17,28,2
2023-03-29,NM,17,29,1
2023-03-28,NM,16,26,2
2023-03-27,NM,15,26,3
2023-03-26,NM,18,28,2
2023-03-25,NM,18,28,2
2023-03-24,NM,18,28,2
2023-03-23,NM,18,28,2
2023-03-22,NM,18,29,1
2023-03-21,NM,17,26,2
2023-03-20,NM,17,26,2
2023-03-19,NM,18,28,2
2023-03-18,NM,18,28,2
2023-03-17,NM,17,29,2
2023-03-16,NM,18,28,2
2023-03-15,NM,18,29,1
2023-03-14,NM,17,27,2
2023-03-13,NM,17,27,2
2023-03-12,NM,18,28,2
2023-03-11,NM,18,28,2
2023-03-10,NM,18,28,2
2023-03-09,NM,18,28,2
2023-03-08,NM,17,30,1
2023-03-07,NM,17,27,2
2023-03-06,NM,17,27,2
2023-03-05,NM,18,28,2
2023-03-04,NM,18,28,2
2023-03-03,NM,17,29,2
2023-03-02,NM,17,29,2
2023-03-01,NM,17,30,1
2023-02-28,NM,16,28,2
2023-02-27,NM,16,28,2
2023-02-26,NM,18,28,2
2023-02-25,NM,17,29,2
2023-02-24,NM,17,29,2
2023-02-23,NM,19,27,2
2023-02-22,NM,18,29,1
2023-02-21,NM,18,26,2
2023-02-20,NM,18,26,2
2023-02-19,NM,19,27,2
2023-02-18,NM,19,27,2
2023-02-17,NM,19,27,2
2023-02-16,NM,19,27,2
2023-02-15,NM,18,29,1
2023-02-14,NM,18,26,2
2023-02-13,NM,18,29,3
2023-02-12,NM,19,30,3
2023-02-11,NM,18,31,3
2023-02-10,NM,19,30,3
2023-02-09,NM,18,31,3
2023-02-08,NM,19,28,1
2023-02-07,NM,18,26,2
2023-02-06,NM,18,26,2
2023-02-05,NM,18,28,2
2023-02-04,NM,19,27,2
2023-02-03,NM,19,27,2
2023-02-02,NM,18,28,2
2023-02-01,NM,19,28,1
2023-01-31,NM,18,26,2
2023-01-30,NM,18,26,2
2023-01-29,NM,19,27,2
2023-01-28,NM,19,27,2
2023-01-27,NM,18,28,2
2023-01-26,NM,18,28,2
2023-01-25,NM,18,29,1
2023-01-24,NM,18,27,1
2023-01-23,NM,17,28,1
2023-01-22,NM,20,26,2
2023-01-21,NM,19,27,2
2023-01-20,NM,20,26,2
2023-01-19,NM,18,29,1
2023-01-18,NM,20,27,1
2023-01-17,NM,19,25,2
2023-01-16,NM,18,27,1
2023-01-15,NM,20,27,1
2023-01-14,NM,20,27,1
2023-01-13,NM,20,26,2
2023-01-12,NM,20,26,2
2023-01-11,NM,19,28,1
2023-01-10,NM,19,26,1
2023-01-09,NM,18,31,2
2023-01-08,NM,19,30,3
2023-01-07,NM,20,30,2
2023-01-06,NM,21,29,2
2023-01-05,NM,19,31,2
2023-01-04,NM,19,27,1
2023-01-03,NM,18,27,1
2023-01-02,NM,19,26,1
2023-01-01,NM,21,26,1
2022-12-31,NM,21,26,0
2022-12-30,NM,20,27,0
2022-12-29,NM,21,26,1
2022-12-28,NM,22,25,1
2022-12-27,NM,20,25,1
2022-12-26,NM,20,24,2
2022-12-25,NM,21,25,2
2022-12-24,NM,20,26,2
2022-12-23,NM,20,27,1
2022-12-22,NM,21,26,2
2022-12-21,NM,21,27,1
2022-12-20,NM,19,26,1
2022-12-19,NM,19,26,1
2022-12-18,NM,19,32,1
2022-12-17,NM,21,29,2
2022-12-16,NM,21,30,1
2022-12-15,NM,20,31,1
2022-12-14,NM,19,32,1
2022-12-13,NM,18,28,1
2022-12-12,NM,18,28,1
2022-12-11,NM,18,33,1
2022-12-10,NM,18,33,1
2022-12-09,NM,18,33,1
2022-12-08,NM,19,32,1
2022-12-07,NM,19,32,1
2022-12-06,NM,18,28,1
2022-12-05,NM,18,28,1
2022-12-04,NM,17,34,1
2022-12-03,NM,17,34,1
2022-12-02,NM,17,34,1
2022-12-01,NM,19,32,1
2022-11-30,NM,18,33,1
2022-11-29,NM,16,31,1
2022-11-28,NM,17,30,1
2022-11-27,NM,17,32,1
2022-11-26,NM,17,32,1
2022-11-25,NM,17,32,1
2022-11-24,NM,17,32,1
2022-11-23,NM,18,31,1
2022-11-22,NM,16,30,1
2022-11-21,NM,16,30,1
2022-11-20,NM,17,34,1
2022-11-19,NM,16,35,1
2022-11-18,NM,17,34,1
2022-11-17,NM,17,34,1
2022-11-16,NM,16,35,1
2022-11-15,NM,15,32,1
2022-11-14,NM,15,32,1
2022-11-13,NM,16,34,1
2022-11-12,NM,16,34,1
2022-11-11,NM,16,34,1
2022-11-10,NM,16,34,1
2022-11-09,NM,17,33,1
2022-11-08,NM,16,30,1
2022-11-07,NM,15,32,1
2022-11-06,NM,17,34,1
2022-11-05,NM,14,37,1
2022-11-04,NM,17,34,1
2022-11-03,NM,16,35,1
2022-11-02,NM,18,32,1
2022-11-01,NM,16,30,1
2022-10-31,NM,15,31,1
2022-10-30,NM,18,32,1
2022-10-29,NM,17,33,1
2022-10-28,NM,18,32,1
2022-10-27,NM,17,33,1
2022-10-26,NM,17,33,1
2022-10-25,NM,18,28,1
2022-10-24,NM,19,27,1
2022-10-23,NM,19,31,1
2022-10-22,NM,19,31,1
2022-10-21,NM,20,30,1
2022-10-20,NM,19,31,1
2022-10-19,NM,20,30,1
2022-10-18,NM,19,27,1
2022-10-17,NM,19,27,1
2022-10-16,NM,19,32,1
2022-10-15,NM,20,31,1
2022-10-14,NM,20,31,1
2022-10-13,NM,19,32,1
2022-10-12,NM,20,31,1
2022-10-11,NM,18,29,1
2022-10-10,NM,17,30,1
2022-10-09,NM,18,34,1
2022-10-08,NM,18,35,1
2022-10-07,NM,19,34,1
2022-10-06,NM,19,34,1
2022-10-05,NM,19,33,1
2022-10-04,NM,19,28,1
2022-10-03,NM,19,27,1
2022-10-02,NM,20,31,1
2022-10-01,NM,20,31,1
2022-09-30,NM,20,31,1
2022-09-29,NM,19,32,1
2022-09-28,NM,20,31,1
2022-09-27,NM,20,28,1
2022-09-26,NM,20,27,1
2022-09-25,NM,18,34,1
2022-09-24,NM,20,32,1
2022-09-23,NM,21,31,1
2022-09-22,NM,20,31,1
2022-09-21,NM,20,31,1
2022-09-20,NM,20,27,1
2022-09-19,NM,19,28,1
2022-09-18,NM,19,32,1
2022-09-17,NM,19,32,1
2022-09-16,NM,20,31,1
2022-09-15,NM,20,31,1
2022-09-14,NM,20,31,1
2022-09-13,NM,19,28,1
2022-09-12,NM,19,27,1
2022-09-11,NM,20,31,1
2022-09-10,NM,21,31,1
2022-09-09,NM,20,33,1
2022-09-08,NM,22,31,1
2022-09-07,NM,22,31,1
2022-09-06,NM,21,27,1
2022-09-05,NM,20,28,1
2022-09-04,NM,23,28,1
2022-09-03,NM,23,28,1
2022-09-02,NM,23,28,1
2022-09-01,NM,23,28,1
2022-08-31,NM,23,28,1
2022-08-30,NM,22,28,1
2022-08-29,NM,22,28,1
2022-08-28,NM,21,32,1
2022-08-27,NM,23,30,1
2022-08-26,NM,23,30,1
2022-08-25,NM,23,30,1
2022-08-24,NM,22,31,1
2022-08-23,NM,21,28,1
2022-08-22,NM,21,27,1
2022-08-21,NM,21,33,1
2022-08-20,NM,22,32,1
2022-08-19,NM,22,32,1
2022-08-18,NM,21,33,1
2022-08-17,NM,21,33,1
2022-08-16,NM,22,26,1
2022-08-15,NM,21,27,1
2022-08-14,NM,20,34,1
2022-08-13,NM,21,33,1
2022-08-12,NM,21,33,1
2022-08-11,NM,21,33,1
2022-08-10,NM,21,33,1
2022-08-09,NM,22,26,1
2022-08-08,NM,22,26,1
2022-08-07,NM,21,33,1
2022-08-06,NM,22,32,1
2022-08-05,NM,22,32,1
2022-08-04,NM,20,34,1
2022-08-03,NM,20,34,1
2022-08-02,NM,21,29,1
2022-08-01,NM,21,29,1
2022-07-31,NM,19,35,1
2022-07-30,NM,20,34,1
2022-07-29,NM,22,32,1
2022-07-28,NM,22,32,1
2022-07-27,NM,21,33,1
2022-07-26,NM,21,27,1
2022-07-25,NM,21,27,1
2022-07-24,NM,20,34,1
2022-07-23,NM,22,32,1
2022-07-22,NM,22,32,1
2022-07-21,NM,20,34,1
2022-07-20,NM,21,33,1
2022-07-19,NM,20,30,1
2022-07-18,NM,21,29,1
2022-07-17,NM,20,34,1
2022-07-16,NM,21,33,1
2022-07-15,NM,21,33,1
2022-07-14,NM,21,33,1
2022-07-13,NM,21,33,1
2022-07-12,NM,19,30,1
2022-07-11,NM,19,30,1
2022-07-10,NM,20,34,1
2022-07-09,NM,19,35,1
2022-07-08,NM,20,34,1
2022-07-07,NM,18,36,1
2022-07-06,NM,20,34,1
2022-07-05,NM,19,29,1
2022-07-04,NM,18,30,1
2022-07-03,NM,20,34,1
2022-07-02,NM,19,35,1
2022-07-01,NM,20,34,1
2022-06-30,NM,20,34,1
2022-06-29,NM,20,34,1
2022-06-28,NM,18,31,1
2022-06-27,NM,19,30,1
2022-06-26,NM,21,33,1
2022-06-25,NM,21,33,1
2022-06-24,NM,21,33,1
2022-06-23,NM,20,34,1
2022-06-22,NM,21,33,1
2022-06-21,NM,17,31,1
2022-06-20,NM,19,31,1
2022-06-19,NM,21,33,1
2022-06-18,NM,21,33,1
2022-06-17,NM,20,34,1
2022-06-16,NM,21,33,1
2022-06-15,NM,21,33,1
2022-06-14,NM,19,30,1
2022-06-13,NM,20,29,1
2022-06-12,NM,19,34,1
2022-06-11,NM,21,32,1
2022-06-10,NM,21,32,1
2022-06-09,NM,20,33,1
2022-06-08,NM,20,33,1
2022-06-07,NM,20,32,1
2022-06-06,NM,20,32,1
2022-06-05,NM,18,36,1
2022-06-04,NM,19,35,1
2022-06-03,NM,19,35,1
2022-06-02,NM,20,34,1
2022-06-01,NM,20,34,1
2022-05-31,NM,17,32,1
2022-05-30,NM,19,30,1
2022-05-29,NM,18,36,1
2022-05-28,NM,20,34,1
2022-05-27,NM,19,35,1
2022-05-26,NM,20,34,1
2022-05-25,NM,20,34,1
2022-05-24,NM,19,30,1
2022-05-23,NM,18,31,1
2022-05-22,NM,17,37,1
2022-05-21,NM,19,35,1
2022-05-20,NM,18,36,1
2022-05-19,NM,19,35,1
2022-05-18,NM,19,35,1
2022-05-17,NM,19,31,1
2022-05-16,NM,20,30,1
2022-05-15,NM,19,35,1
2022-05-14,NM,18,36,1
2022-05-13,NM,20,34,1
2022-05-12,NM,20,34,1
2022-05-11,NM,20,34,1
2022-05-10,NM,18,31,1
2022-05-09,NM,20,29,1
2022-05-08,NM,20,34,1
2022-05-07,NM,19,35,1
2022-05-06,NM,21,33,1
2022-05-05,NM,21,33,1
2022-05-04,NM,21,33,1
2022-05-03,NM,21,30,1
2022-05-02,NM,21,30,1
2022-05-01,NM,20,34,1
2022-04-30,NM,19,35,1
2022-04-29,NM,21,33,1
2022-04-28,NM,20,34,1
2022-04-27,NM,20,34,1
2022-04-26,NM,21,29,1
2022-04-25,NM,21,29,1
2022-04-24,NM,18,36,1
2022-04-23,NM,21,33,1
2022-04-22,NM,19,35,1
2022-04-21,NM,21,33,1
2022-04-20,NM,21,33,1
2022-04-19,NM,19,31,1
2022-04-18,NM,20,30,1
2022-04-17,NM,18,36,1
2022-04-16,NM,19,35,1
2022-04-15,NM,18,36,1
2022-04-14,NM,18,36,1
2022-04-13,NM,17,37,1
2022-04-12,NM,19,31,1
2022-04-11,NM,20,30,1
2022-04-10,NM,18,36,1
2022-04-09,NM,18,36,1
2022-04-08,NM,19,35,1
2022-04-07,NM,19,35,1
2022-04-06,NM,19,35,1
2022-04-05,NM,18,32,1
2022-04-04,NM,20,30,1
2022-04-03,NM,18,36,1
2022-04-02,NM,18,36,1
2022-04-01,NM,19,35,1
2022-03-31,NM,20,34,1
2022-03-30,NM,18,36,1
2022-03-29,NM,19,30,1
2022-03-28,NM,19,30,1
2022-03-27,NM,19,34,1
2022-03-26,NM,20,33,1
2022-03-25,NM,19,34,1
2022-03-24,NM,20,33,1
2022-03-23,NM,19,34,1
2022-03-22,NM,19,29,2
2022-03-21,NM,19,31,1
2022-03-20,NM,19,35,1
2022-03-19,NM,19,35,1
2022-03-18,NM,20,33,2
2022-03-17,NM,19,35,1
2022-03-16,NM,20,34,1
2022-03-15,NM,20,30,1
2022-03-14,NM,20,30,1
2022-03-13,NM,20,33,2
2022-03-12,NM,20,34,1
2022-03-11,NM,20,34,1
2022-03-10,NM,20,34,1
2022-03-09,NM,20,34,1
2022-03-08,NM,21,30,1
2022-03-07,NM,19,33,1
2022-03-06,NM,20,33,2
2022-03-05,NM,20,34,1
2022-03-04,NM,21,33,1
2022-03-03,NM,18,36,1
2022-03-02,NM,19,35,1
2022-03-01,NM,20,31,1
2022-02-28,NM,20,31,1
2022-02-27,NM,20,34,1
2022-02-26,NM,20,34,1
2022-02-25,NM,20,34,1
2022-02-24,NM,21,33,1
2022-02-23,NM,18,36,1
2022-02-22,NM,21,30,1
2022-02-21,NM,23,27,1
2022-02-20,NM,22,33,1
2022-02-19,NM,23,32,1
2022-02-18,NM,21,34,1
2022-02-17,NM,23,32,1
2022-02-16,NM,22,33,1
2022-02-15,NM,23,29,1
2022-02-14,NM,24,28,1
2022-02-13,NM,23,32,1
2022-02-12,NM,23,32,1
2022-02-11,NM,23,32,1
2022-02-10,NM,24,30,1
2022-02-09,NM,22,32,1
2022-02-08,NM,22,29,1
2022-02-07,NM,23,28,1
2022-02-06,NM,24,30,2
2022-02-05,NM,25,30,1
2022-02-04,NM,24,32,1
2022-02-03,NM,25,31,1
2022-02-02,NM,23,32,2
2022-02-01,NM,23,25,5
2022-01-31,NM,20,28,4
2022-01-30,NM,24,31,2
2022-01-29,NM,25,31,1
2022-01-28,NM,26,30,1
2022-01-27,NM,27,29,1
2022-01-26,NM,28,28,1
2022-01-25,NM,27,25,1
2022-01-24,NM,26,26,1
2022-01-23,NM,25,29,2
2022-01-22,NM,26,28,2
2022-01-21,NM,25,30,1
2022-01-20,NM,26,29,1
2022-01-19,NM,26,29,1
2022-01-18,NM,27,24,1
2022-01-17,NM,25,26,1
2022-01-16,NM,27,28,1
2022-01-15,NM,25,30,1
2022-01-14,NM,26,29,1
2022-01-13,NM,28,27,1
2022-01-12,NM,26,29,1
2022-01-11,NM,28,23,1
2022-01-10,NM,27,25,1
2022-01-09,NM,26,29,2
2022-01-08,NM,25,30,2
2022-01-07,NM,27,29,1
2022-01-06,NM,27,29,1
2022-01-05,NM,27,29,1
2022-01-04,NM,26,26,1
2022-01-03,NM,27,25,1
2022-01-02,NM,27,27,2
2022-01-01,NM,26,28,2
2021-12-31,NM,26,28,2
2021-12-30,NM,27,28,1
2021-12-29,NM,26,29,1
2021-12-28,NM,28,24,1
2021-12-27,NM,28,24,1
2021-12-26,NM,27,28,2
2021-12-25,NM,26,29,2
2021-12-24,NM,27,28,2
2021-12-23,NM,28,28,1
2021-12-22,NM,28,28,1
2021-12-21,NM,27,25,1
2021-12-20,NM,28,23,2
2021-12-19,NM,27,28,2
2021-12-18,NM,26,29,2
2021-12-17,NM,26,29,1
2021-12-16,NM,25,30,1
2021-12-15,NM,24,32,1
2021-12-14,NM,22,30,1
2021-12-13,NM,23,29,1
2021-12-12,NM,22,33,2
2021-12-11,NM,23,32,2
2021-12-10,NM,23,33,1
2021-12-09,NM,23,33,1
2021-12-08,NM,23,33,1
2021-12-07,NM,24,28,1
2021-12-06,NM,25,27,1
2021-12-05,NM,23,32,2
2021-12-04,NM,23,32,2
2021-12-03,NM,23,33,1
2021-12-02,NM,24,32,1
2021-12-01,NM,24,32,1
2021-11-30,NM,24,27,1
2021-11-29,NM,24,28,1
2021-11-28,NM,23,32,2
2021-11-27,NM,24,31,2
2021-11-26,NM,24,31,2
2021-11-25,NM,25,30,2
2021-11-24,NM,25,31,1
2021-11-23,NM,26,26,1
2021-11-22,NM,26,26,1
2021-11-21,NM,25,30,2
2021-11-20,NM,25,30,2
2021-11-19,NM,26,30,1
2021-11-18,NM,26,30,1
2021-11-17,NM,27,29,1
2021-11-16,NM,27,26,1
2021-11-15,NM,23,29,1
2021-11-14,NM,24,30,2
2021-11-13,NM,25,29,2
2021-11-12,NM,26,28,1
2021-11-11,NM,26,29,1
2021-11-10,NM,26,29,1
2021-11-09,NM,25,26,1
2021-11-08,NM,25,27,1
2021-11-07,NM,23,32,1
2021-11-06,NM,24,31,1
2021-11-05,NM,24,31,1
2021-11-04,NM,24,31,1
2021-11-03,NM,25,30,1
2021-11-02,NM,24,28,1
2021-11-01,NM,24,27,1
2021-10-31,NM,21,33,2
2021-10-30,NM,22,32,2
2021-10-29,NM,22,33,1
2021-10-28,NM,22,33,1
2021-10-27,NM,23,32,1
2021-10-26,NM,23,28,1
2021-10-25,NM,25,26,1
2021-10-24,NM,21,34,1
2021-10-23,NM,20,35,1
2021-10-22,NM,23,31,1
2021-10-21,NM,20,34,1
2021-10-20,NM,23,32,1
2021-10-19,NM,24,27,1
2021-10-18,NM,21,30,1
2021-10-17,NM,17,37,2
2021-10-16,NM,16,38,2
2021-10-15,NM,22,33,1
2021-10-14,NM,21,34,1
2021-10-13,NM,22,33,1
2021-10-12,NM,22,29,1
2021-10-11,NM,23,28,1
2021-10-10,NM,19,35,2
2021-10-09,NM,19,35,2
2021-10-08,NM,18,36,1
2021-10-07,NM,19,35,1
2021-10-06,NM,20,34,1
2021-10-05,NM,19,31,1
2021-10-04,NM,21,29,1
2021-10-03,NM,16,37,2
2021-10-02,NM,15,38,2
2021-10-01,NM,18,36,1
2021-09-30,NM,21,34,1
2021-09-29,NM,25,30,1
2021-09-28,NM,23,28,1
2021-09-27,NM,22,29,1
2021-09-26,NM,20,34,2
2021-09-25,NM,22,32,2
2021-09-24,NM,20,35,1
2021-09-23,NM,20,35,1
2021-09-22,NM,24,31,1
2021-09-21,NM,24,27,1
2021-09-20,NM,20,31,1
2021-09-19,NM,18,36,2
2021-09-18,NM,18,36,2
2021-09-17,NM,20,35,1
2021-09-16,NM,21,34,1
2021-09-15,NM,21,34,1
2021-09-14,NM,19,32,1
2021-09-13,NM,19,32,1
2021-09-12,NM,18,36,2
2021-09-11,NM,19,35,2
2021-09-10,NM,24,31,1
2021-09-09,NM,22,33,1
2021-09-08,NM,21,34,1
2021-09-07,NM,17,34,1
2021-09-06,NM,20,30,2
2021-09-05,NM,19,35,2
2021-09-04,NM,19,35,2
2021-09-03,NM,19,36,1
2021-09-02,NM,21,33,1
2021-09-01,NM,20,34,1
2021-08-31,NM,21,30,1
2021-08-30,NM,22,29,1
2021-08-29,NM,21,33,2
2021-08-28,NM,19,35,2
2021-08-27,NM,21,34,1
2021-08-26,NM,24,31,1
2021-08-25,NM,23,32,1
2021-08-24,NM,21,30,1
2021-08-23,NM,21,30,1
2021-08-22,NM,19,35,2
2021-08-21,NM,19,35,2
2021-08-20,NM,23,32,1
2021-08-19,NM,21,34,1
2021-08-18,NM,22,33,1
2021-08-17,NM,20,31,1
2021-08-16,NM,20,31,1
2021-08-15,NM,19,35,2
2021-08-14,NM,19,35,2
2021-08-13,NM,20,35,1
2021-08-12,NM,19,36,1
2021-08-11,NM,19,36,1
2021-08-10,NM,19,32,1
2021-08-09,NM,17,34,1
2021-08-08,NM,17,37,2
2021-08-07,NM,14,40,2
2021-08-06,NM,17,38,1
2021-08-05,NM,17,38,1
2021-08-04,NM,21,34,1
2021-08-03,NM,18,33,1
2021-08-02,NM,18,32,1
2021-08-01,NM,15,39,2
2021-07-31,NM,16,38,2
2021-07-30,NM,21,34,1
2021-07-29,NM,19,36,1
2021-07-28,NM,19,36,1
2021-07-27,NM,18,32,1
2021-07-26,NM,17,34,1
2021-07-25,NM,15,39,2
2021-07-24,NM,17,37,2
2021-07-23,NM,19,36,1
2021-07-22,NM,17,38,1
2021-07-21,NM,17,38,1
2021-07-20,NM,16,34,1
2021-07-19,NM,16,34,1
2021-07-18,NM,14,40,2
2021-07-17,NM,15,39,2
2021-07-16,NM,18,37,1
2021-07-15,NM,15,40,1
2021-07-14,NM,16,39,1
2021-07-13,NM,17,33,1
2021-07-12,NM,16,34,1
2021-07-11,NM,17,37,2
2021-07-10,NM,17,37,2
2021-07-09,NM,17,38,1
2021-07-08,NM,16,39,1
2021-07-07,NM,17,38,1
2021-07-06,NM,16,34,1
2021-07-05,NM,16,33,2
2021-07-04,NM,15,39,2
2021-07-03,NM,17,37,2
2021-07-02,NM,16,39,1
2021-07-01,NM,16,39,1
2021-06-30,NM,15,40,1
2021-06-29,NM,18,32,1
2021-06-28,NM,18,32,1
2021-06-27,NM,17,37,2
2021-06-26,NM,17,37,2
2021-06-25,NM,19,36,1
2021-06-24,NM,16,39,1
2021-06-23,NM,16,39,1
2021-06-22,NM,16,34,1
2021-06-21,NM,16,34,1
2021-06-20,NM,14,40,2
2021-06-19,NM,16,38,2
2021-06-18,NM,18,37,1
2021-06-17,NM,16,39,1
2021-06-16,NM,16,39,1
2021-06-15,NM,17,33,1
2021-06-14,NM,17,33,1
2021-06-13,NM,12,42,2
2021-06-12,NM,14,40,2
2021-06-11,NM,18,37,1
2021-06-10,NM,15,40,1
2021-06-09,NM,15,40,1
2021-06-08,NM,18,33,1
2021-06-07,NM,16,35,1
2021-06-06,NM,14,40,2
2021-06-05,NM,16,38,2
2021-06-04,NM,15,40,1
2021-06-03,NM,16,39,1
2021-06-02,NM,17,38,1
2021-06-01,NM,16,35,1
2021-05-31,NM,16,35,1
2021-05-30,NM,16,37,1
2021-05-29,NM,17,36,1
2021-05-28,NM,16,37,1
2021-05-27,NM,17,36,1
2021-05-26,NM,15,38,1
2021-05-25,NM,15,36,1
2021-05-24,NM,16,36,1
2021-05-23,NM,15,39,2
2021-05-22,NM,17,37,2
2021-05-21,NM,14,41,1
2021-05-20,NM,18,37,1
2021-05-19,NM,16,39,1
2021-05-18,NM,16,36,1
2021-05-17,NM,15,37,1
2021-05-16,NM,17,37,1
2021-05-15,NM,18,36,1
2021-05-14,NM,17,37,1
2021-05-13,NM,18,36,1
2021-05-12,NM,15,39,1
2021-05-11,NM,15,36,1
2021-05-10,NM,18,33,1
2021-05-09,NM,15,39,1
2021-05-08,NM,17,37,1
2021-05-07,NM,16,38,1
2021-05-06,NM,18,36,1
2021-05-05,NM,18,36,1
2021-05-04,NM,17,34,1
2021-05-03,NM,17,35,1
2021-05-02,NM,17,37,1
2021-05-01,NM,16,38,1
2021-04-30,NM,16,38,1
2021-04-29,NM,16,38,1
2021-04-28,NM,16,38,1
2021-04-27,NM,17,34,1
2021-04-26,NM,15,37,1
2021-04-25,NM,15,39,1
2021-04-24,NM,14,39,1
2021-04-23,NM,15,39,1
2021-04-22,NM,15,39,1
2021-04-21,NM,16,37,1
2021-04-20,NM,16,35,1
2021-04-19,NM,17,34,1
2021-04-18,NM,16,38,1
2021-04-17,NM,18,36,1
2021-04-16,NM,17,37,1
2021-04-15,NM,17,37,1
2021-04-14,NM,13,41,1
2021-04-13,NM,14,37,1
2021-04-12,NM,15,37,1
2021-04-11,NM,15,39,1
2021-04-10,NM,17,37,1
2021-04-09,NM,17,37,1
2021-04-08,NM,16,38,1
2021-04-07,NM,16,38,1
2021-04-06,NM,15,37,1
2021-04-05,NM,15,37,1
2021-04-04,NM,17,37,1
2021-04-03,NM,16,38,1
2021-04-02,NM,16,38,1
2021-04-01,NM,16,38,1
2021-03-31,NM,17,37,1
2021-03-30,NM,16,35,1
2021-03-29,NM,14,38,1
2021-03-28,NM,15,39,1
2021-03-27,NM,16,38,1
2021-03-26,NM,15,39,1
2021-03-25,NM,15,39,1
2021-03-24,NM,14,40,1
2021-03-23,NM,14,38,1
2021-03-22,NM,15,37,1
2021-03-21,NM,14,40,1
2021-03-20,NM,15,39,1
2021-03-19,NM,15,39,1
2021-03-18,NM,15,39,1
2021-03-17,NM,15,39,1
2021-03-16,NM,16,36,1
2021-03-15,NM,13,39,1
2021-03-14,NM,15,39,1
2021-03-13,NM,16,38,1
2021-03-12,NM,17,37,1
2021-03-11,NM,17,37,1
2021-03-10,NM,17,37,1
2021-03-09,NM,15,37,1
2021-03-08,NM,17,35,1
2021-03-07,NM,17,36,1
2021-03-06,NM,17,36,1
2021-03-05,NM,17,37,1
2021-03-04,NM,17,37,1
2021-03-03,NM,16,38,1
2021-03-02,NM,16,36,1
2021-03-01,NM,16,36,1
2021-02-28,NM,19,35,1
2021-02-27,NM,18,36,1
2021-02-26,NM,19,35,1
2021-02-25,NM,18,36,1
2021-02-24,NM,18,36,1
2021-02-23,NM,19,33,1
2021-02-22,NM,18,34,1
2021-02-21,NM,16,38,1
2021-02-20,NM,16,38,1
2021-02-19,NM,19,35,1
2021-02-18,NM,20,34,1
2021-02-17,NM,17,37,1
2021-02-16,NM,17,35,1
2021-02-15,NM,20,32,1
2021-02-14,NM,18,36,1
2021-02-13,NM,19,34,1
2021-02-12,NM,20,34,1
2021-02-11,NM,20,34,1
2021-02-10,NM,18,36,1
2021-02-09,NM,19,33,1
2021-02-08,NM,19,33,1
2021-02-07,NM,18,36,1
2021-02-06,NM,17,37,1
2021-02-05,NM,20,34,1
2021-02-04,NM,19,35,1
2021-02-03,NM,17,37,1
2021-02-02,NM,19,33,1
2021-02-01,NM,17,35,1
2021-01-31,NM,17,37,1
2021-01-30,NM,16,38,1
2021-01-29,NM,17,37,1
2021-01-28,NM,18,36,1
2021-01-27,NM,17,37,1
2021-01-26,NM,17,35,1
2021-01-25,NM,18,33,1
2021-01-24,NM,16,37,1
2021-01-23,NM,17,36,1
2021-01-22,NM,20,34,1
2021-01-21,NM,19,35,1
2021-01-20,NM,19,35,1
2021-01-19,NM,20,33,1
2021-01-18,NM,19,34,1
2021-01-17,NM,18,36,1
2021-01-16,NM,18,36,1
2021-01-15,NM,20,34,1
2021-01-14,NM,20,33,1
2021-01-13,NM,19,35,1
2021-01-12,NM,19,33,1
2021-01-11,NM,17,35,1
2021-01-10,NM,18,35,1
2021-01-09,NM,19,35,1
2021-01-08,NM,21,33,1
2021-01-07,NM,19,35,1
2021-01-06,NM,18,36,1
2021-01-05,NM,19,34,1
2021-01-04,NM,19,34,1
2021-01-03,NM,20,34,1
2021-01-02,NM,19,35,1
2021-01-01,NM,19,35,1
2020-12-31,NM,17,37,1
2020-12-30,NM,18,36,1
2020-12-29,NM,17,36,1
2020-12-28,NM,18,35,1
2020-12-27,NM,18,36,1
2020-12-26,NM,18,36,1
2020-12-25,NM,17,37,1
2020-12-24,NM,20,34,1
2020-12-23,NM,19,35,1
2020-12-22,NM,17,37,1
2020-12-21,NM,18,34,1
2020-12-20,NM,18,35,1
2020-12-19,NM,17,36,1
2020-12-18,NM,18,35,1
2020-12-17,NM,20,33,1
2020-12-16,NM,20,33,1
2020-12-15,NM,20,32,1
2020-12-14,NM,20,32,1
2020-12-13,NM,19,34,1
2020-12-12,NM,19,34,1
2020-12-11,NM,20,33,1
2020-12-10,NM,20,33,1
2020-12-09,NM,20,33,1
2020-12-08,NM,21,30,1
2020-12-07,NM,21,30,1
2020-12-06,NM,22,30,1
2020-12-05,NM,22,30,1
2020-12-04,NM,22,30,1
2020-12-03,NM,21,31,1
2020-12-02,NM,21,31,1
2020-12-01,NM,22,29,1
2020-11-30,NM,20,31,1
2020-11-29,NM,19,32,1
2020-11-28,NM,21,30,1
2020-11-27,NM,20,30,1
2020-11-26,NM,20,30,1
2020-11-25,NM,19,31,1
2020-11-24,NM,19,30,1
2020-11-23,NM,20,29,1
2020-11-22,NM,21,29,1
2020-11-21,NM,21,29,1
2020-11-20,NM,22,28,1
2020-11-19,NM,22,28,1
2020-11-18,NM,22,28,1
2020-11-17,NM,21,28,1
2020-11-16,NM,20,29,1
2020-11-15,NM,20,30,1
2020-11-14,NM,19,30,2
2020-11-13,NM,22,28,1
2020-11-12,NM,21,29,1
2020-11-11,NM,20,30,1
2020-11-10,NM,18,30,1
2020-11-09,NM,20,29,1
2020-11-08,NM,20,30,1
2020-11-07,NM,21,29,1
2020-11-06,NM,23,27,1
2020-11-05,NM,22,28,1
2020-11-04,NM,19,31,1
2020-11-03,NM,18,31,1
2020-11-02,NM,19,31,1
2020-11-01,NM,19,32,1
2020-10-31,NM,20,31,1
2020-10-30,NM,20,31,1
2020-10-29,NM,19,32,1
2020-10-28,NM,18,33,1
2020-10-27,NM,19,31,1
2020-10-26,NM,16,33,1
2020-10-25,NM,16,35,1
2020-10-24,NM,17,34,1
2020-10-23,NM,16,35,1
2020-10-22,NM,17,34,1
2020-10-21,NM,16,35,1
2020-10-20,NM,15,36,1
2020-10-19,NM,14,37,1
2020-10-18,NM,14,37,1
2020-10-17,NM,13,38,1
2020-10-16,NM,11,40,1
2020-10-15,NM,11,39,1
2020-10-14,NM,10,41,1
2020-10-13,NM,10,41,1
2020-10-12,NM,10,41,1
2020-10-11,NM,11,40,1
2020-10-10,NM,11,40,1
2020-10-09,NM,10,40,1
2020-10-08,NM,10,40,1
2020-10-07,NM,12,38,1
2020-10-06,NM,12,38,1
2020-10-05,NM,13,37,1
2020-10-04,NM,13,37,1
2020-10-03,NM,13,37,1
2020-10-02,NM,13,37,1
2020-10-01,NM,12,37,2
2020-09-30,NM,13,36,2
2020-09-29,NM,13,36,2
2020-09-28,NM,14,35,2
2020-09-27,NM,13,36,2
2020-09-26,NM,13,36,2
2020-09-25,NM,14,35,2
2020-09-24,NM,14,35,2
2020-09-23,NM,15,34,2
2020-09-22,NM,13,36,2
2020-09-21,NM,13,36,2
2020-09-20,NM,13,36,2
2020-09-19,NM,13,35,2
2020-09-18,NM,13,35,2
2020-09-17,NM,13,35,2
2020-09-16,NM,14,33,2
2020-09-15,NM,14,33,2
2020-09-14,NM,14,33,2
2020-09-13,NM,13,34,2
2020-09-12,NM,13,34,2
2020-09-11,NM,12,36,1
2020-09-10,NM,12,35,1
2020-09-09,NM,12,35,1
2020-09-08,NM,12,35,1
2020-09-07,NM,11,36,1
2020-09-06,NM,11,37,1
2020-09-05,NM,12,36,1
2020-09-04,NM,12,36,1
2020-09-03,NM,12,36,1
2020-09-02,NM,12,35,1
2020-09-01,NM,12,35,1
2020-08-31,NM,11,36,1
2020-08-30,NM,11,36,1
2020-08-29,NM,11,36,1
2020-08-28,NM,12,35,1
2020-08-27,NM,12,35,1
2020-08-26,NM,12,34,2
2020-08-25,NM,12,34,2
2020-08-24,NM,12,34,2
2020-08-23,NM,12,34,2
2020-08-22,NM,12,33,2
2020-08-21,NM,10,36,2
2020-08-20,NM,10,37,2
2020-08-19,NM,11,35,2
2020-08-18,NM,10,36,2
2020-08-17,NM,10,36,1
2020-08-16,NM,11,35,1
2020-08-15,NM,12,34,1
2020-08-14,NM,11,35,1
2020-08-13,NM,10,35,1
2020-08-12,NM,10,36,1
2020-08-11,NM,10,36,1
2020-08-10,NM,10,36,1
2020-08-09,NM,10,36,1
2020-08-08,NM,10,36,1
2020-08-07,NM,10,34,1
2020-08-06,NM,9,30,1
2020-08-05,NM,7,23,2
2020-08-04,NM,5,16,2
2020-08-03,NM,5,15,2
2020-08-02,NM,6,15,2
2020-08-01,NM,6,15,2
2023-04-10,NV,0,6,37
2023-04-09,NV,0,6,37
2023-04-08,NV,0,6,37
2023-04-07,NV,0,6,37
2023-04-06,NV,1,2,42
2023-04-05,NV,0,3,42
2023-04-04,NV,0,3,42
2023-04-03,NV,0,2,43
2023-04-02,NV,0,3,42
2023-04-01,NV,0,3,42
2023-03-31,NV,1,2,42
2023-03-30,NV,1,3,41
2023-03-29,NV,1,3,41
2023-03-28,NV,1,2,42
2023-03-27,NV,1,2,42
2023-03-26,NV,1,3,41
2023-03-25,NV,1,3,41
2023-03-24,NV,1,2,42
2023-03-23,NV,1,3,41
2023-03-22,NV,1,3,41
2023-03-21,NV,1,2,42
2023-03-20,NV,1,2,42
2023-03-19,NV,1,3,41
2023-03-18,NV,1,3,41
2023-03-17,NV,1,2,42
2023-03-16,NV,1,3,41
2023-03-15,NV,1,3,41
2023-03-14,NV,1,2,42
2023-03-13,NV,1,2,42
2023-03-12,NV,1,3,41
2023-03-11,NV,1,3,41
2023-03-10,NV,1,2,42
2023-03-09,NV,1,3,41
2023-03-08,NV,1,3,41
2023-03-07,NV,1,2,42
2023-03-06,NV,1,2,42
2023-03-05,NV,1,3,41
2023-03-04,NV,1,3,41
2023-03-03,NV,1,2,42
2023-03-02,NV,1,3,41
2023-03-01,NV,0,3,42
2023-02-28,NV,1,3,41
2023-02-27,NV,1,2,42
2023-02-26,NV,1,3,41
2023-02-25,NV,1,3,41
2023-02-24,NV,1,2,42
2023-02-23,NV,1,3,41
2023-02-22,NV,1,3,41
2023-02-21,NV,1,2,42
2023-02-20,NV,1,2,42
2023-02-19,NV,1,2,42
2023-02-18,NV,1,2,42
2023-02-17,NV,1,2,42
2023-02-16,NV,1,3,41
2023-02-15,NV,1,3,40
2023-02-14,NV,1,3,40
2023-02-13,NV,1,2,41
2023-02-12,NV,1,4,40
2023-02-11,NV,1,4,40
2023-02-10,NV,1,3,41
2023-02-09,NV,1,4,40
2023-02-08,NV,1,4,40
2023-02-07,NV,1,2,41
2023-02-06,NV,1,2,41
2023-02-05,NV,1,4,40
2023-02-04,NV,1,4,40
2023-02-03,NV,1,3,41
2023-02-02,NV,1,4,40
2023-02-01,NV,1,4,40
2023-01-31,NV,1,3,40
2023-01-30,NV,1,2,41
2023-01-29,NV,1,4,40
2023-01-28,NV,1,4,40
2023-01-27,NV,1,3,41
2023-01-26,NV,1,4,40
2023-01-25,NV,1,4,40
2023-01-24,NV,1,3,40
2023-01-23,NV,1,2,41
2023-01-22,NV,1,4,40
2023-01-21,NV,1,4,40
2023-01-20,NV,1,4,40
2023-01-19,NV,1,5,39
2023-01-18,NV,1,4,40
2023-01-17,NV,1,2,41
2023-01-16,NV,1,2,41
2023-01-15,NV,1,4,41
2023-01-14,NV,1,4,41
2023-01-13,NV,1,4,41
2023-01-12,NV,1,5,40
2023-01-11,NV,1,5,40
2023-01-10,NV,1,4,40
2023-01-09,NV,1,4,40
2023-01-08,NV,1,5,40
2023-01-07,NV,1,5,40
2023-01-06,NV,1,4,41
2023-01-05,NV,1,5,40
2023-01-04,NV,1,5,40
2023-01-03,NV,7,32,6
2023-01-02,NV,7,32,6
2023-01-01,NV,8,32,6
2022-12-31,NV,9,31,4
2022-12-30,NV,8,32,4
2022-12-29,NV,5,36,5
2022-12-28,NV,7,34,5
2022-12-27,NV,6,34,5
2022-12-26,NV,6,34,6
2022-12-25,NV,8,33,6
2022-12-24,NV,8,33,6
2022-12-23,NV,9,32,6
2022-12-22,NV,8,33,6
2022-12-21,NV,8,34,5
2022-12-20,NV,6,35,5
2022-12-19,NV,7,34,5
2022-12-18,NV,6,37,5
2022-12-17,NV,6,37,5
2022-12-16,NV,6,37,5
2022-12-15,NV,6,37,5
2022-12-14,NV,6,39,2
2022-12-13,NV,7,37,2
2022-12-12,NV,6,38,2
2022-12-11,NV,7,38,2
2022-12-10,NV,6,39,2
2022-12-09,NV,6,39,2
2022-12-08,NV,7,38,2
2022-12-07,NV,7,38,2
2022-12-06,NV,6,38,2
2022-12-05,NV,6,38,2
2022-12-04,NV,7,38,2
2022-12-03,NV,7,38,2
2022-12-02,NV,8,37,2
2022-12-01,NV,8,36,3
2022-11-30,NV,5,40,2
2022-11-29,NV,6,38,2
2022-11-28,NV,5,39,2
2022-11-27,NV,5,40,2
2022-11-26,NV,6,39,2
2022-11-25,NV,5,40,2
2022-11-24,NV,5,40,2
2022-11-23,NV,6,39,2
2022-11-22,NV,6,38,2
2022-11-21,NV,5,39,2
2022-11-20,NV,7,38,2
2022-11-19,NV,6,39,2
2022-11-18,NV,6,39,2
2022-11-17,NV,5,40,2
2022-11-16,NV,5,39,3
2022-11-15,NV,6,38,2
2022-11-14,NV,5,39,2
2022-11-13,NV,5,40,2
2022-11-12,NV,5,40,2
2022-11-11,NV,5,40,2
2022-11-10,NV,6,39,2
2022-11-09,NV,0,4,43
2022-11-08,NV,0,3,43
2022-11-07,NV,0,3,43
2022-11-06,NV,0,5,43
2022-11-05,NV,0,5,43
2022-11-04,NV,0,5,43
2022-11-03,NV,0,5,43
2022-11-02,NV,0,5,43
2022-11-01,NV,0,3,43
2022-10-31,NV,0,3,43
2022-10-30,NV,0,4,55
2022-10-29,NV,0,4,55
2022-10-28,NV,0,5,54
2022-10-27,NV,0,4,55
2022-10-26,NV,0,2,57
2022-10-25,NV,0,3,43
2022-10-24,NV,0,3,43
2022-10-23,NV,0,5,43
2022-10-22,NV,0,5,43
2022-10-21,NV,0,5,43
2022-10-20,NV,0,5,43
2022-10-19,NV,0,5,43
2022-10-18,NV,0,3,43
2022-10-17,NV,0,3,43
2022-10-16,NV,0,5,43
2022-10-15,NV,0,5,43
2022-10-14,NV,0,5,43
2022-10-13,NV,0,5,43
2022-10-12,NV,0,5,43
2022-10-11,NV,0,3,43
2022-10-10,NV,0,3,43
2022-10-09,NV,0,5,43
2022-10-08,NV,0,5,43
2022-10-07,NV,0,5,43
2022-10-06,NV,0,5,43
2022-10-05,NV,0,5,43
2022-10-04,NV,0,3,43
2022-10-03,NV,0,3,43
2022-10-02,NV,0,5,43
2022-10-01,NV,0,5,43
2022-09-30,NV,0,5,43
2022-09-29,NV,0,5,43
2022-09-28,NV,0,5,43
2022-09-27,NV,0,3,43
2022-09-26,NV,0,3,43
2022-09-25,NV,0,5,43
2022-09-24,NV,0,5,43
2022-09-23,NV,0,5,43
2022-09-22,NV,0,5,43
2022-09-21,NV,0,5,43
2022-09-20,NV,0,3,43
2022-09-19,NV,0,3,43
2022-09-18,NV,0,5,43
2022-09-17,NV,0,5,43
2022-09-16,NV,0,5,43
2022-09-15,NV,0,5,43
2022-09-14,NV,0,5,43
2022-09-13,NV,0,3,43
2022-09-12,NV,0,3,43
2022-09-11,NV,0,5,43
2022-09-10,NV,0,5,43
2022-09-09,NV,0,8,43
2022-09-08,NV,0,8,43
2022-09-07,NV,0,8,43
2022-09-06,NV,0,6,43
2022-09-05,NV,0,6,43
2022-09-04,NV,0,8,43
2022-09-03,NV,0,8,43
2022-09-02,NV,0,8,43
2022-09-01,NV,0,8,43
2022-08-31,NV,0,8,43
2022-08-30,NV,0,6,43
2022-08-29,NV,0,6,43
2022-08-28,NV,0,7,53
2022-08-27,NV,0,7,53
2022-08-26,NV,0,7,53
2022-08-25,NV,0,7,53
2022-08-24,NV,0,3,57
2022-08-23,NV,0,6,43
2022-08-22,NV,0,6,43
2022-08-21,NV,0,8,53
2022-08-20,NV,0,8,53
2022-08-19,NV,0,8,53
2022-08-18,NV,0,8,53
2022-08-17,NV,0,4,57
2022-08-16,NV,0,6,43
2022-08-15,NV,0,6,43
2022-08-14,NV,0,8,53
2022-08-13,NV,0,8,53
2022-08-12,NV,0,8,53
2022-08-11,NV,0,8,53
2022-08-10,NV,0,4,57
2022-08-09,NV,0,6,43
2022-08-08,NV,0,6,43
2022-08-07,NV,0,9,43
2022-08-06,NV,0,9,43
2022-08-05,NV,0,9,43
2022-08-04,NV,0,9,43
2022-08-03,NV,1,17,34
2022-08-02,NV,0,6,43
2022-08-01,NV,0,6,43
2022-07-31,NV,0,8,53
2022-07-30,NV,0,8,53
2022-07-29,NV,0,8,53
2022-07-28,NV,0,8,53
2022-07-27,NV,0,4,57
2022-07-26,NV,0,6,43
2022-07-25,NV,0,6,43
2022-07-24,NV,0,8,53
2022-07-23,NV,0,8,53
2022-07-22,NV,0,8,53
2022-07-21,NV,0,8,53
2022-07-20,NV,0,4,57
2022-07-19,NV,0,6,43
2022-07-18,NV,0,7,43
2022-07-17,NV,0,8,53
2022-07-16,NV,0,8,53
2022-07-15,NV,0,8,54
2022-07-14,NV,0,8,54
2022-07-13,NV,0,3,58
2022-07-12,NV,0,6,44
2022-07-11,NV,0,7,42
2022-07-10,NV,0,9,52
2022-07-09,NV,0,9,52
2022-07-08,NV,0,9,52
2022-07-07,NV,0,9,52
2022-07-06,NV,0,4,57
2022-07-05,NV,0,7,42
2022-07-04,NV,0,7,42
2022-07-03,NV,0,9,52
2022-07-02,NV,0,9,52
2022-07-01,NV,0,9,52
2022-06-30,NV,0,9,52
2022-06-29,NV,0,4,57
2022-06-28,NV,0,7,42
2022-06-27,NV,0,7,42
2022-06-26,NV,0,9,52
2022-06-25,NV,0,9,52
2022-06-24,NV,0,9,52
2022-06-23,NV,0,9,52
2022-06-22,NV,0,4,57
2022-06-21,NV,0,7,42
2022-06-20,NV,0,7,42
2022-06-19,NV,0,9,52
2022-06-18,NV,0,9,52
2022-06-17,NV,0,9,52
2022-06-16,NV,0,9,52
2022-06-15,NV,0,4,57
2022-06-14,NV,0,7,42
2022-06-13,NV,0,7,42
2022-06-12,NV,0,9,52
2022-06-11,NV,0,9,52
2022-06-10,NV,0,9,52
2022-06-09,NV,0,9,52
2022-06-08,NV,0,4,57
2022-06-07,NV,0,7,42
2022-06-06,NV,0,7,42
2022-06-05,NV,0,9,52
2022-06-04,NV,0,9,52
2022-06-03,NV,0,9,52
2022-06-02,NV,0,9,52
2022-06-01,NV,0,4,57
2022-05-31,NV,0,7,42
2022-05-30,NV,0,8,42
2022-05-29,NV,0,9,52
2022-05-28,NV,0,9,52
2022-05-27,NV,0,9,52
2022-05-26,NV,0,9,52
2022-05-25,NV,0,3,57
2022-05-24,NV,0,7,42
2022-05-23,NV,0,7,42
2022-05-22,NV,0,8,52
2022-05-21,NV,0,8,52
2022-05-20,NV,0,8,52
2022-05-19,NV,0,8,52
2022-05-18,NV,0,3,57
2022-05-17,NV,0,7,42
2022-05-16,NV,0,7,42
2022-05-15,NV,0,8,52
2022-05-14,NV,0,8,52
2022-05-13,NV,0,8,52
2022-05-12,NV,0,8,52
2022-05-11,NV,0,3,57
2022-05-10,NV,0,8,42
2022-05-09,NV,0,8,42
2022-05-08,NV,0,9,52
2022-05-07,NV,0,9,52
2022-05-06,NV,0,9,52
2022-05-05,NV,0,9,52
2022-05-04,NV,0,4,57
2022-05-03,NV,0,7,42
2022-05-02,NV,0,7,42
2022-05-01,NV,0,9,52
2022-04-30,NV,0,9,52
2022-04-29,NV,0,9,52
2022-04-28,NV,0,9,52
2022-04-27,NV,0,4,57
2022-04-26,NV,0,7,42
2022-04-25,NV,0,7,42
2022-04-24,NV,0,9,52
2022-04-23,NV,0,9,52
2022-04-22,NV,0,9,52
2022-04-21,NV,0,9,52
2022-04-20,NV,0,4,57
2022-04-19,NV,0,7,42
2022-04-18,NV,0,7,42
2022-04-17,NV,0,9,52
2022-04-16,NV,0,9,52
2022-04-15,NV,0,9,52
2022-04-14,NV,0,9,52
2022-04-13,NV,0,4,57
2022-04-12,NV,0,7,42
2022-04-11,NV,0,7,42
2022-04-10,NV,0,9,52
2022-04-09,NV,0,9,52
2022-04-08,NV,0,9,52
2022-04-07,NV,0,9,52
2022-04-06,NV,0,4,57
2022-04-05,NV,0,7,42
2022-04-04,NV,0,7,42
2022-04-03,NV,0,9,52
2022-04-02,NV,0,9,52
2022-04-01,NV,0,9,52
2022-03-31,NV,0,9,52
2022-03-30,NV,0,4,57
2022-03-29,NV,0,7,42
2022-03-28,NV,0,7,42
2022-03-27,NV,0,9,52
2022-03-26,NV,0,9,52
2022-03-25,NV,0,9,52
2022-03-24,NV,0,9,52
2022-03-23,NV,0,4,57
2022-03-22,NV,0,7,42
2022-03-21,NV,0,7,42
2022-03-20,NV,0,9,52
2022-03-19,NV,0,9,52
2022-03-18,NV,0,9,52
2022-03-17,NV,0,9,52
2022-03-16,NV,0,4,57
2022-03-15,NV,0,7,42
2022-03-14,NV,0,7,42
2022-03-13,NV,0,9,52
2022-03-12,NV,0,9,52
2022-03-11,NV,0,9,52
2022-03-10,NV,0,9,52
2022-03-09,NV,0,4,57
2022-03-08,NV,0,7,42
2022-03-07,NV,0,7,42
2022-03-06,NV,0,9,51
2022-03-05,NV,0,9,51
2022-03-04,NV,0,9,51
2022-03-03,NV,0,9,51
2022-03-02,NV,0,4,56
2022-03-01,NV,0,7,42
2022-02-28,NV,0,7,42
2022-02-27,NV,0,11,42
2022-02-26,NV,0,11,49
2022-02-25,NV,0,11,49
2022-02-24,NV,0,11,49
2022-02-23,NV,0,11,49
2022-02-22,NV,0,2,56
2022-02-21,NV,0,8,42
2022-02-20,NV,0,9,51
2022-02-19,NV,0,9,51
2022-02-18,NV,0,9,51
2022-02-17,NV,0,9,51
2022-02-16,NV,0,3,56
2022-02-15,NV,0,2,56
2022-02-14,NV,0,7,42
2022-02-13,NV,0,9,51
2022-02-12,NV,0,9,51
2022-02-11,NV,0,9,51
2022-02-10,NV,0,9,51
2022-02-09,NV,0,4,55
2022-02-08,NV,0,2,55
2022-02-07,NV,0,2,55
2022-02-06,NV,0,9,44
2022-02-05,NV,0,9,50
2022-02-04,NV,0,9,50
2022-02-03,NV,0,9,50
2022-02-02,NV,0,10,49
2022-02-01,NV,0,2,55
2022-01-31,NV,0,6,51
2022-01-30,NV,0,8,51
2022-01-29,NV,0,8,53
2022-01-28,NV,0,8,53
2022-01-27,NV,0,4,57
2022-01-26,NV,0,4,57
2022-01-25,NV,0,2,57
2022-01-24,NV,0,2,57
2022-01-23,NV,0,4,57
2022-01-22,NV,0,4,57
2022-01-21,NV,0,4,58
2022-01-20,NV,0,4,58
2022-01-19,NV,0,4,58
2022-01-18,NV,0,2,58
2022-01-17,NV,0,2,58
2022-01-16,NV,0,4,58
2022-01-15,NV,0,4,58
2022-01-14,NV,0,4,58
2022-01-13,NV,0,4,57
2022-01-12,NV,0,4,57
2022-01-11,NV,0,3,57
2022-01-10,NV,0,3,57
2022-01-09,NV,0,4,57
2022-01-08,NV,0,4,57
2022-01-07,NV,0,4,57
2022-01-06,NV,0,4,57
2022-01-05,NV,0,4,57
2022-01-04,NV,0,2,57
2022-01-03,NV,0,2,57
2022-01-02,NV,0,4,57
2022-01-01,NV,0,4,57
2021-12-31,NV,0,4,57
2021-12-30,NV,0,4,57
2021-12-29,NV,0,4,57
2021-12-28,NV,0,2,57
2021-12-27,NV,0,2,57
2021-12-26,NV,0,4,57
2021-12-25,NV,0,4,57
2021-12-24,NV,0,4,57
2021-12-23,NV,0,4,57
2021-12-22,NV,0,4,57
2021-12-21,NV,0,2,57
2021-12-20,NV,0,2,57
2021-12-19,NV,0,4,57
2021-12-18,NV,0,4,57
2021-12-17,NV,0,4,57
2021-12-16,NV,0,4,57
2021-12-15,NV,0,4,57
2021-12-14,NV,0,2,57
2021-12-13,NV,0,2,58
2021-12-12,NV,0,4,58
2021-12-11,NV,0,4,58
2021-12-10,NV,0,4,58
2021-12-09,NV,0,4,58
2021-12-08,NV,0,5,57
2021-12-07,NV,0,2,58
2021-12-06,NV,0,2,58
2021-12-05,NV,0,4,58
2021-12-04,NV,0,4,58
2021-12-03,NV,0,4,58
2021-12-02,NV,0,4,58
2021-12-01,NV,0,4,58
2021-11-30,NV,0,2,58
2021-11-29,NV,0,3,58
2021-11-28,NV,0,4,58
2021-11-27,NV,0,4,58
2021-11-26,NV,0,4,58
2021-11-25,NV,0,5,57
2021-11-24,NV,0,3,58
2021-11-23,NV,0,2,58
2021-11-22,NV,0,2,58
2021-11-21,NV,0,4,58
2021-11-20,NV,0,4,58
2021-11-19,NV,0,4,58
2021-11-18,NV,0,4,58
2021-11-17,NV,0,5,57
2021-11-16,NV,0,2,58
2021-11-15,NV,0,2,58
2021-11-14,NV,0,4,58
2021-11-13,NV,0,4,58
2021-11-12,NV,0,4,58
2021-11-11,NV,0,4,58
2021-11-10,NV,0,4,58
2021-11-09,NV,0,2,58
2021-11-08,NV,0,2,58
2021-11-07,NV,0,5,57
2021-11-06,NV,0,4,58
2021-11-05,NV,0,4,58
2021-11-04,NV,0,4,58
2021-11-03,NV,0,4,58
2021-11-02,NV,0,2,58
2021-11-01,NV,0,2,58
2021-10-31,NV,0,4,58
2021-10-30,NV,0,4,58
2021-10-29,NV,0,4,58
2021-10-28,NV,0,4,58
2021-10-27,NV,0,4,58
2021-10-26,NV,0,2,58
2021-10-25,NV,0,2,58
2021-10-24,NV,0,5,57
2021-10-23,NV,0,5,57
2021-10-22,NV,0,4,58
2021-10-21,NV,0,4,58
2021-10-20,NV,0,5,57
2021-10-19,NV,0,2,58
2021-10-18,NV,0,2,58
2021-10-17,NV,0,4,58
2021-10-16,NV,0,4,58
2021-10-15,NV,0,4,58
2021-10-14,NV,0,4,58
2021-10-13,NV,0,4,58
2021-10-12,NV,0,2,58
2021-10-11,NV,0,2,58
2021-10-10,NV,0,4,58
2021-10-09,NV,0,4,58
2021-10-08,NV,0,4,58
2021-10-07,NV,0,4,58
2021-10-06,NV,0,4,58
2021-10-05,NV,0,2,58
2021-10-04,NV,0,2,58
2021-10-03,NV,0,4,58
2021-10-02,NV,0,4,58
2021-10-01,NV,0,4,58
2021-09-30,NV,0,4,58
2021-09-29,NV,0,4,58
2021-09-28,NV,0,2,58
2021-09-27,NV,0,2,58
2021-09-26,NV,0,4,58
2021-09-25,NV,0,4,58
2021-09-24,NV,0,4,58
2021-09-23,NV,0,4,58
2021-09-22,NV,0,4,58
2021-09-21,NV,0,2,58
2021-09-20,NV,0,2,58
2021-09-19,NV,0,4,58
2021-09-18,NV,0,4,58
2021-09-17,NV,0,4,58
2021-09-16,NV,0,4,58
2021-09-15,NV,0,4,58
2021-09-14,NV,0,2,58
2021-09-13,NV,0,2,58
2021-09-12,NV,0,4,58
2021-09-11,NV,0,4,58
2021-09-10,NV,0,4,58
2021-09-09,NV,0,4,58
2021-09-08,NV,0,4,58
2021-09-07,NV,0,2,58
2021-09-06,NV,0,2,58
2021-09-05,NV,0,4,58
2021-09-04,NV,0,4,58
2021-09-03,NV,0,4,58
2021-09-02,NV,0,4,58
2021-09-01,NV,0,4,58
2021-08-31,NV,0,2,58
2021-08-30,NV,0,2,58
2021-08-29,NV,0,4,58
2021-08-28,NV,0,4,58
2021-08-27,NV,0,4,58
2021-08-26,NV,0,4,58
2021-08-25,NV,0,4,58
2021-08-24,NV,0,2,58
2021-08-23,NV,0,2,58
2021-08-22,NV,0,4,58
2021-08-21,NV,0,4,58
2021-08-20,NV,0,4,58
2021-08-19,NV,0,4,58
2021-08-18,NV,0,4,58
2021-08-17,NV,0,2,58
2021-08-16,NV,0,2,58
2021-08-15,NV,0,4,58
2021-08-14,NV,0,4,58
2021-08-13,NV,0,4,58
2021-08-12,NV,0,4,58
2021-08-11,NV,0,4,58
2021-08-10,NV,0,2,58
2021-08-09,NV,0,2,58
2021-08-08,NV,0,4,59
2021-08-07,NV,0,4,59
2021-08-06,NV,0,4,59
2021-08-05,NV,0,4,59
2021-08-04,NV,0,4,59
2021-08-03,NV,0,2,59
2021-08-02,NV,0,2,59
2021-08-01,NV,0,4,59
2021-07-31,NV,0,4,59
2021-07-30,NV,0,4,59
2021-07-29,NV,0,4,59
2021-07-28,NV,0,4,59
2021-07-27,NV,0,2,59
2021-07-26,NV,0,2,59
2021-07-25,NV,0,4,59
2021-07-24,NV,0,4,59
2021-07-23,NV,0,4,59
2021-07-22,NV,0,4,59
2021-07-21,NV,0,4,59
2021-07-20,NV,0,1,59
2021-07-19,NV,0,1,59
2021-07-18,NV,0,4,59
2021-07-17,NV,0,4,59
2021-07-16,NV,0,4,59
2021-07-15,NV,0,4,59
2021-07-14,NV,0,4,59
2021-07-13,NV,0,1,59
2021-07-12,NV,0,1,59
2021-07-11,NV,0,4,59
2021-07-10,NV,0,4,59
2021-07-09,NV,0,4,59
2021-07-08,NV,0,4,59
2021-07-07,NV,0,4,59
2021-07-06,NV,0,1,59
2021-07-05,NV,0,1,59
2021-07-04,NV,0,4,59
2021-07-03,NV,0,4,59
2021-07-02,NV,0,4,59
2021-07-01,NV,0,4,59
2021-06-30,NV,0,4,59
2021-06-29,NV,0,1,59
2021-06-28,NV,0,1,59
2021-06-27,NV,0,4,59
2021-06-26,NV,0,4,59
2021-06-25,NV,0,4,59
2021-06-24,NV,0,4,59
2021-06-23,NV,0,4,59
2021-06-22,NV,0,1,59
2021-06-21,NV,0,1,59
2021-06-20,NV,0,4,59
2021-06-19,NV,0,4,59
2021-06-18,NV,0,4,59
2021-06-17,NV,0,4,59
2021-06-16,NV,0,4,59
2021-06-15,NV,0,1,59
2021-06-14,NV,0,1,59
2021-06-13,NV,0,4,59
2021-06-12,NV,0,4,59
2021-06-11,NV,0,4,59
2021-06-10,NV,0,4,59
2021-06-09,NV,0,4,59
2021-06-08,NV,0,1,59
2021-06-07,NV,0,2,59
2021-06-06,NV,0,4,59
2021-06-05,NV,0,4,59
2021-06-04,NV,0,4,59
2021-06-03,NV,0,4,59
2021-06-02,NV,0,4,59
2021-06-01,NV,0,1,59
2021-05-31,NV,0,1,59
2021-05-30,NV,0,4,59
2021-05-29,NV,0,4,59
2021-05-28,NV,0,4,59
2021-05-27,NV,0,4,59
2021-05-26,NV,0,4,59
2021-05-25,NV,0,1,59
2021-05-24,NV,0,1,59
2021-05-23,NV,0,4,59
2021-05-22,NV,0,4,59
2021-05-21,NV,0,4,59
2021-05-20,NV,0,4,59
2021-05-19,NV,0,4,59
2021-05-18,NV,0,1,59
2021-05-17,NV,0,1,59
2021-05-16,NV,0,4,59
2021-05-15,NV,0,4,59
2021-05-14,NV,0,4,59
2021-05-13,NV,0,4,59
2021-05-12,NV,0,4,59
2021-05-11,NV,0,1,59
2021-05-10,NV,0,1,59
2021-05-09,NV,0,4,59
2021-05-08,NV,0,4,59
2021-05-07,NV,0,4,59
2021-05-06,NV,0,4,59
2021-05-05,NV,0,4,59
2021-05-04,NV,0,1,59
2021-05-03,NV,0,1,59
2021-05-02,NV,0,3,59
2021-05-01,NV,0,3,59
2021-04-30,NV,0,3,59
2021-04-29,NV,0,3,59
2021-04-28,NV,0,3,59
2021-04-27,NV,0,1,59
2021-04-26,NV,0,1,59
2021-04-25,NV,0,4,59
2021-04-24,NV,0,4,59
2021-04-23,NV,0,4,59
2021-04-22,NV,0,4,59
2021-04-21,NV,0,4,59
2021-04-20,NV,0,1,59
2021-04-19,NV,0,1,59
2021-04-18,NV,0,4,59
2021-04-17,NV,0,4,59
2021-04-16,NV,0,4,59
2021-04-15,NV,0,4,59
2021-04-14,NV,0,4,59
2021-04-13,NV,0,2,59
2021-04-12,NV,0,2,59
2021-04-11,NV,0,4,59
2021-04-10,NV,0,4,59
2021-04-09,NV,0,4,59
2021-04-08,NV,0,3,59
2021-04-07,NV,0,3,59
2021-04-06,NV,0,2,59
2021-04-05,NV,0,2,59
2021-04-04,NV,0,4,59
2021-04-03,NV,0,4,59
2021-04-02,NV,0,4,59
2021-04-01,NV,0,4,59
2021-03-31,NV,0,4,59
2021-03-30,NV,0,1,59
2021-03-29,NV,0,1,59
2021-03-28,NV,0,4,59
2021-03-27,NV,0,4,59
2021-03-26,NV,0,4,59
2021-03-25,NV,0,4,59
2021-03-24,NV,0,4,59
2021-03-23,NV,0,1,59
2021-03-22,NV,0,1,59
2021-03-21,NV,0,3,59
2021-03-20,NV,0,3,59
2021-03-19,NV,0,3,59
2021-03-18,NV,0,3,59
2021-03-17,NV,0,3,59
2021-03-16,NV,0,1,59
2021-03-15,NV,0,1,59
2021-03-14,NV,0,3,59
2021-03-13,NV,0,3,59
2021-03-12,NV,0,3,59
2021-03-11,NV,0,3,59
2021-03-10,NV,0,3,59
2021-03-09,NV,0,1,59
2021-03-08,NV,0,1,59
2021-03-07,NV,0,4,59
2021-03-06,NV,0,4,59
2021-03-05,NV,0,4,59
2021-03-04,NV,0,4,59
2021-03-03,NV,0,4,59
2021-03-02,NV,0,1,59
2021-03-01,NV,0,1,59
2021-02-28,NV,0,4,59
2021-02-27,NV,0,4,59
2021-02-26,NV,0,4,59
2021-02-25,NV,0,4,59
2021-02-24,NV,0,4,59
2021-02-23,NV,0,1,59
2021-02-22,NV,0,1,59
2021-02-21,NV,0,4,59
2021-02-20,NV,0,4,59
2021-02-19,NV,0,4,59
2021-02-18,NV,0,4,59
2021-02-17,NV,0,4,59
2021-02-16,NV,0,1,59
2021-02-15,NV,0,1,59
2021-02-14,NV,0,4,59
2021-02-13,NV,0,4,59
2021-02-12,NV,0,4,59
2021-02-11,NV,0,4,59
2021-02-10,NV,0,4,59
2021-02-09,NV,0,1,59
2021-02-08,NV,0,1,59
2021-02-07,NV,0,4,59
2021-02-06,NV,0,4,59
2021-02-05,NV,0,4,59
2021-02-04,NV,0,4,59
2021-02-03,NV,0,4,59
2021-02-02,NV,0,1,59
2021-02-01,NV,0,1,59
2021-01-31,NV,0,4,59
2021-01-30,NV,0,4,59
2021-01-29,NV,0,4,59
2021-01-28,NV,0,4,59
2021-01-27,NV,0,4,59
2021-01-26,NV,0,1,59
2021-01-25,NV,0,1,59
2021-01-24,NV,0,4,59
2021-01-23,NV,0,4,59
2021-01-22,NV,0,4,59
2021-01-21,NV,0,4,59
2021-01-20,NV,0,4,59
2021-01-19,NV,0,1,59
2021-01-18,NV,0,1,59
2021-01-17,NV,0,4,59
2021-01-16,NV,0,4,59
2021-01-15,NV,0,4,59
2021-01-14,NV,0,4,59
2021-01-13,NV,0,4,59
2021-01-12,NV,0,1,59
2021-01-11,NV,0,1,59
2021-01-10,NV,0,4,59
2021-01-09,NV,0,4,59
2021-01-08,NV,0,4,59
2021-01-07,NV,19,42,2
2021-01-06,NV,20,41,2
2021-01-05,NV,20,38,2
2021-01-04,NV,21,37,2
2021-01-03,NV,21,40,2
2021-01-02,NV,18,43,2
2021-01-01,NV,0,5,58
2020-12-31,NV,23,38,2
2020-12-30,NV,20,41,2
2020-12-29,NV,19,39,2
2020-12-28,NV,18,41,2
2020-12-27,NV,16,45,2
2020-12-26,NV,18,43,2
2020-12-25,NV,20,41,2
2020-12-24,NV,22,39,2
2020-12-23,NV,21,40,2
2020-12-22,NV,22,37,2
2020-12-21,NV,19,39,2
2020-12-20,NV,18,43,2
2020-12-19,NV,19,42,2
2020-12-18,NV,19,42,2
2020-12-17,NV,21,40,2
2020-12-16,NV,20,41,2
2020-12-15,NV,21,37,2
2020-12-14,NV,19,39,2
2020-12-13,NV,19,41,2
2020-12-12,NV,19,41,2
2020-12-11,NV,19,41,2
2020-12-10,NV,20,40,2
2020-12-09,NV,19,41,2
2020-12-08,NV,18,39,2
2020-12-07,NV,16,41,2
2020-12-06,NV,16,44,2
2020-12-05,NV,16,44,2
2020-12-04,NV,16,44,2
2020-12-03,NV,14,46,2
2020-12-02,NV,13,47,2
2020-12-01,NV,14,43,2
2020-11-30,NV,14,43,2
2020-11-29,NV,14,45,2
2020-11-28,NV,13,46,2
2020-11-27,NV,13,46,2
2020-11-26,NV,14,45,2
2020-11-25,NV,15,44,2
2020-11-24,NV,13,44,2
2020-11-23,NV,13,44,2
2020-11-22,NV,12,48,2
2020-11-21,NV,14,46,2
2020-11-20,NV,13,47,2
2020-11-19,NV,11,48,3
2020-11-18,NV,11,49,2
2020-11-17,NV,12,45,2
2020-11-16,NV,12,47,2
2020-11-15,NV,11,48,3
2020-11-14,NV,10,50,2
2020-11-13,NV,10,50,2
2020-11-12,NV,10,50,2
2020-11-11,NV,9,49,2
2020-11-10,NV,9,48,2
2020-11-09,NV,9,48,2
2020-11-08,NV,9,51,2
2020-11-07,NV,7,53,2
2020-11-06,NV,8,52,2
2020-11-05,NV,7,52,3
2020-11-04,NV,7,53,2
2020-11-03,NV,7,50,2
2020-11-02,NV,7,50,2
2020-11-01,NV,6,54,2
2020-10-31,NV,7,53,2
2020-10-30,NV,7,53,2
2020-10-29,NV,7,53,2
2020-10-28,NV,7,53,2
2020-10-27,NV,6,52,2
2020-10-26,NV,7,51,2
2020-10-25,NV,8,52,2
2020-10-24,NV,7,52,3
2020-10-23,NV,8,52,2
2020-10-22,NV,9,51,2
2020-10-21,NV,8,52,2
2020-10-20,NV,8,52,2
2020-10-19,NV,7,53,2
2020-10-18,NV,6,54,2
2020-10-17,NV,7,53,2
2020-10-16,NV,6,55,2
2020-10-15,NV,7,53,2
2020-10-14,NV,6,54,2
2020-10-13,NV,7,52,3
2020-10-12,NV,5,54,3
2020-10-11,NV,5,54,2
2020-10-10,NV,5,53,3
2020-10-09,NV,8,50,3
2020-10-08,NV,7,52,2
2020-10-07,NV,6,52,3
2020-10-06,NV,7,52,2
2020-10-05,NV,6,52,2
2020-10-04,NV,6,52,2
2020-10-03,NV,6,52,2
2020-10-02,NV,5,53,2
2020-10-01,NV,7,51,2
2020-09-30,NV,6,50,4
2020-09-29,NV,5,53,2
2020-09-28,NV,5,54,2
2020-09-27,NV,6,53,2
2020-09-26,NV,5,54,2
2020-09-25,NV,4,55,2
2020-09-24,NV,6,52,3
2020-09-23,NV,7,50,3
2020-09-22,NV,5,49,6
2020-09-21,NV,5,51,4
2020-09-20,NV,6,50,5
2020-09-19,NV,7,51,3
2020-09-18,NV,6,52,3
2020-09-17,NV,6,52,4
2020-09-16,NV,5,52,5
2020-09-15,NV,7,50,4
2020-09-14,NV,7,49,5
2020-09-13,NV,7,50,5
2020-09-12,NV,6,47,9
2020-09-11,NV,6,50,6
2020-09-10,NV,7,53,2
2020-09-09,NV,6,54,2
2020-09-08,NV,8,51,2
2020-09-07,NV,6,52,3
2020-09-06,NV,7,50,5
2020-09-05,NV,6,52,4
2020-09-04,NV,9,48,5
2020-09-03,NV,6,54,2
2020-09-02,NV,7,51,4
2020-09-01,NV,9,49,3
2020-08-31,NV,9,51,2
2020-08-30,NV,10,48,4
2020-08-29,NV,10,49,3
2020-08-28,NV,7,51,4
2020-08-27,NV,8,49,5
2020-08-26,NV,10,47,4
2020-08-25,NV,8,49,4
2020-08-24,NV,9,48,4
2020-08-23,NV,9,45,7
2020-08-22,NV,9,45,7
2020-08-21,NV,12,46,3
2020-08-20,NV,12,43,6
2020-08-19,NV,11,46,4
2020-08-18,NV,10,48,3
2020-08-17,NV,9,49,4
2020-08-16,NV,9,51,2
2020-08-15,NV,9,50,3
2020-08-14,NV,10,49,3
2020-08-13,NV,9,50,3
2020-08-12,NV,9,47,5
2020-08-11,NV,7,50,4
2020-08-10,NV,7,51,3
2020-08-09,NV,9,47,6
2020-08-08,NV,7,49,6
2020-08-07,NV,7,52,3
2020-08-06,NV,7,51,4
2020-08-05,NV,7,52,3
2020-08-04,NV,7,52,2
2020-08-03,NV,9,52,1
2020-08-02,NV,8,51,3
2020-08-01,NV,9,52,1
2023-04-10,NY,4,121,17
2023-04-09,NY,4,124,17
2023-04-08,NY,4,126,27
2023-04-07,NY,4,125,29
2023-04-06,NY,3,126,38
2023-04-05,NY,3,131,35
2023-04-04,NY,3,131,37
2023-04-03,NY,3,130,39
2023-04-02,NY,4,130,39
2023-04-01,NY,3,132,38
2023-03-31,NY,3,130,40
2023-03-30,NY,3,134,36
2023-03-29,NY,3,135,35
2023-03-28,NY,3,128,41
2023-03-27,NY,4,128,40
2023-03-26,NY,5,128,40
2023-03-25,NY,4,129,40
2023-03-24,NY,3,135,35
2023-03-23,NY,4,130,39
2023-03-22,NY,4,132,37
2023-03-21,NY,4,129,39
2023-03-20,NY,4,129,39
2023-03-19,NY,4,130,39
2023-03-18,NY,4,129,40
2023-03-17,NY,4,131,38
2023-03-16,NY,4,130,39
2023-03-15,NY,4,134,35
2023-03-14,NY,4,129,39
2023-03-13,NY,4,131,37
2023-03-12,NY,4,131,38
2023-03-11,NY,4,131,38
2023-03-10,NY,4,131,38
2023-03-09,NY,3,133,37
2023-03-08,NY,4,130,39
2023-03-07,NY,3,130,39
2023-03-06,NY,3,131,38
2023-03-05,NY,4,132,37
2023-03-04,NY,3,133,37
2023-03-03,NY,3,132,39
2023-03-02,NY,3,133,38
2023-03-01,NY,3,138,33
2023-02-28,NY,3,133,37
2023-02-27,NY,3,134,36
2023-02-26,NY,4,131,38
2023-02-25,NY,4,130,39
2023-02-24,NY,4,130,39
2023-02-23,NY,5,130,38
2023-02-22,NY,3,133,37
2023-02-21,NY,3,131,38
2023-02-20,NY,4,129,39
2023-02-19,NY,4,129,40
2023-02-18,NY,4,130,39
2023-02-17,NY,5,129,39
2023-02-16,NY,5,130,38
2023-02-15,NY,4,134,35
2023-02-14,NY,4,130,38
2023-02-13,NY,4,131,37
2023-02-12,NY,4,131,38
2023-02-11,NY,5,130,38
2023-02-10,NY,5,129,39
2023-02-09,NY,3,129,41
2023-02-08,NY,3,129,41
2023-02-07,NY,3,129,40
2023-02-06,NY,3,131,38
2023-02-05,NY,4,132,37
2023-02-04,NY,5,131,37
2023-02-03,NY,5,132,36
2023-02-02,NY,3,132,38
2023-02-01,NY,4,133,36
2023-01-31,NY,3,133,36
2023-01-30,NY,4,130,38
2023-01-29,NY,4,130,39
2023-01-28,NY,4,130,39
2023-01-27,NY,5,128,40
2023-01-26,NY,5,128,40
2023-01-25,NY,4,131,38
2023-01-24,NY,3,129,40
2023-01-23,NY,3,130,39
2023-01-22,NY,4,128,41
2023-01-21,NY,4,130,39
2023-01-20,NY,4,131,38
2023-01-19,NY,6,131,36
2023-01-18,NY,5,129,39
2023-01-17,NY,3,133,36
2023-01-16,NY,4,130,38
2023-01-15,NY,4,131,38
2023-01-14,NY,5,132,36
2023-01-13,NY,5,130,38
2023-01-12,NY,4,131,38
2023-01-11,NY,5,134,34
2023-01-10,NY,4,132,35
2023-01-09,NY,3,130,38
2023-01-08,NY,3,131,38
2023-01-07,NY,3,133,36
2023-01-06,NY,3,135,34
2023-01-05,NY,5,131,36
2023-01-04,NY,4,134,34
2023-01-03,NY,3,133,35
2023-01-02,NY,3,132,36
2023-01-01,NY,4,131,37
2022-12-31,NY,5,130,33
2022-12-30,NY,4,133,31
2022-12-29,NY,5,131,36
2022-12-28,NY,3,134,35
2022-12-27,NY,4,127,41
2022-12-26,NY,4,127,41
2022-12-25,NY,4,133,36
2022-12-24,NY,4,132,38
2022-12-23,NY,4,134,36
2022-12-22,NY,4,130,39
2022-12-21,NY,5,135,33
2022-12-20,NY,5,129,40
2022-12-19,NY,4,128,43
2022-12-18,NY,4,135,45
2022-12-17,NY,4,136,44
2022-12-16,NY,4,134,46
2022-12-15,NY,4,139,40
2022-12-14,NY,5,147,25
2022-12-13,NY,6,155,14
2022-12-12,NY,5,156,14
2022-12-11,NY,4,160,14
2022-12-10,NY,4,160,14
2022-12-09,NY,4,161,13
2022-12-08,NY,5,159,14
2022-12-07,NY,5,159,14
2022-12-06,NY,4,157,14
2022-12-05,NY,4,157,14
2022-12-04,NY,5,158,14
2022-12-03,NY,6,157,14
2022-12-02,NY,5,158,14
2022-12-01,NY,5,158,14
2022-11-30,NY,4,160,13
2022-11-29,NY,6,155,14
2022-11-28,NY,4,157,14
2022-11-27,NY,5,158,14
2022-11-26,NY,5,158,14
2022-11-25,NY,5,158,14
2022-11-24,NY,5,159,14
2022-11-23,NY,5,159,14
2022-11-22,NY,4,160,14
2022-11-21,NY,5,159,14
2022-11-20,NY,5,161,14
2022-11-19,NY,5,161,14
2022-11-18,NY,6,160,14
2022-11-17,NY,5,161,14
2022-11-16,NY,6,160,14
2022-11-15,NY,5,159,14
2022-11-14,NY,6,158,14
2022-11-13,NY,5,162,14
2022-11-12,NY,5,162,14
2022-11-11,NY,5,162,14
2022-11-10,NY,5,162,14
2022-11-09,NY,5,162,14
2022-11-08,NY,5,159,14
2022-11-07,NY,4,160,14
2022-11-06,NY,6,162,14
2022-11-05,NY,6,162,14
2022-11-04,NY,6,162,14
2022-11-03,NY,6,162,14
2022-11-02,NY,6,162,14
2022-11-01,NY,6,158,14
2022-10-31,NY,6,158,14
2022-10-30,NY,6,164,14
2022-10-29,NY,6,164,14
2022-10-28,NY,6,164,14
2022-10-27,NY,6,164,14
2022-10-26,NY,6,165,13
2022-10-25,NY,6,159,14
2022-10-24,NY,6,160,14
2022-10-23,NY,4,166,14
2022-10-22,NY,5,165,14
2022-10-21,NY,5,167,13
2022-10-20,NY,6,164,14
2022-10-19,NY,5,164,14
2022-10-18,NY,5,160,14
2022-10-17,NY,5,162,13
2022-10-16,NY,6,164,14
2022-10-15,NY,6,164,14
2022-10-14,NY,6,164,14
2022-10-13,NY,6,164,14
2022-10-12,NY,6,166,11
2022-10-11,NY,6,159,14
2022-10-10,NY,6,159,14
2022-10-09,NY,6,164,14
2022-10-08,NY,6,164,14
2022-10-07,NY,6,167,14
2022-10-06,NY,5,167,14
2022-10-05,NY,6,166,14
2022-10-04,NY,6,161,14
2022-10-03,NY,6,161,14
2022-10-02,NY,6,162,14
2022-10-01,NY,6,162,14
2022-09-30,NY,6,162,14
2022-09-29,NY,6,162,14
2022-09-28,NY,7,161,14
2022-09-27,NY,7,157,14
2022-09-26,NY,7,157,14
2022-09-25,NY,6,162,14
2022-09-24,NY,6,162,14
2022-09-23,NY,6,162,14
2022-09-22,NY,6,162,14
2022-09-21,NY,7,161,14
2022-09-20,NY,6,158,14
2022-09-19,NY,6,158,14
2022-09-18,NY,7,161,14
2022-09-17,NY,7,161,14
2022-09-16,NY,7,161,14
2022-09-15,NY,7,161,14
2022-09-14,NY,7,161,14
2022-09-13,NY,8,156,14
2022-09-12,NY,7,157,14
2022-09-11,NY,7,169,14
2022-09-10,NY,7,169,14
2022-09-09,NY,8,168,14
2022-09-08,NY,8,168,14
2022-09-07,NY,7,169,14
2022-09-06,NY,6,158,14
2022-09-05,NY,7,158,14
2022-09-04,NY,7,170,14
2022-09-03,NY,7,170,14
2022-09-02,NY,7,170,14
2022-09-01,NY,7,170,14
2022-08-31,NY,7,169,14
2022-08-30,NY,7,157,14
2022-08-29,NY,7,159,13
2022-08-28,NY,6,174,14
2022-08-27,NY,6,174,14
2022-08-26,NY,6,174,14
2022-08-25,NY,6,174,14
2022-08-24,NY,6,173,14
2022-08-23,NY,6,158,14
2022-08-22,NY,6,158,14
2022-08-21,NY,8,182,14
2022-08-20,NY,8,182,14
2022-08-19,NY,8,182,14
2022-08-18,NY,8,182,14
2022-08-17,NY,8,182,14
2022-08-16,NY,7,157,14
2022-08-15,NY,7,157,14
2022-08-14,NY,8,186,13
2022-08-13,NY,8,185,14
2022-08-12,NY,8,185,14
2022-08-11,NY,8,185,14
2022-08-10,NY,8,185,14
2022-08-09,NY,6,158,14
2022-08-08,NY,6,158,14
2022-08-07,NY,8,186,13
2022-08-06,NY,8,186,13
2022-08-05,NY,8,185,14
2022-08-04,NY,8,185,14
2022-08-03,NY,8,185,14
2022-08-02,NY,7,157,14
2022-08-01,NY,7,157,14
2022-07-31,NY,8,184,14
2022-07-30,NY,8,184,14
2022-07-29,NY,7,185,14
2022-07-28,NY,7,185,14
2022-07-27,NY,7,186,13
2022-07-26,NY,6,160,14
2022-07-25,NY,7,160,14
2022-07-24,NY,8,185,14
2022-07-23,NY,8,185,14
2022-07-22,NY,8,185,14
2022-07-21,NY,8,185,14
2022-07-20,NY,8,184,14
2022-07-19,NY,7,158,14
2022-07-18,NY,7,157,14
2022-07-17,NY,8,185,14
2022-07-16,NY,8,185,14
2022-07-15,NY,8,185,14
2022-07-14,NY,7,188,12
2022-07-13,NY,8,185,14
2022-07-12,NY,7,157,14
2022-07-11,NY,7,156,14
2022-07-10,NY,8,184,14
2022-07-09,NY,8,184,14
2022-07-08,NY,8,184,14
2022-07-07,NY,8,184,14
2022-07-06,NY,9,183,14
2022-07-05,NY,7,158,13
2022-07-04,NY,7,159,14
2022-07-03,NY,8,185,14
2022-07-02,NY,7,186,14
2022-07-01,NY,7,186,14
2022-06-30,NY,8,185,14
2022-06-29,NY,8,185,14
2022-06-28,NY,6,159,14
2022-06-27,NY,6,160,14
2022-06-26,NY,8,186,14
2022-06-25,NY,7,187,14
2022-06-24,NY,7,188,13
2022-06-23,NY,8,186,14
2022-06-22,NY,8,186,14
2022-06-21,NY,7,158,14
2022-06-20,NY,7,158,14
2022-06-19,NY,8,186,14
2022-06-18,NY,8,186,14
2022-06-17,NY,7,187,14
2022-06-16,NY,8,187,13
2022-06-15,NY,8,186,14
2022-06-14,NY,8,157,14
2022-06-13,NY,7,158,14
2022-06-12,NY,8,186,14
2022-06-11,NY,8,186,14
2022-06-10,NY,8,186,14
2022-06-09,NY,7,187,14
2022-06-08,NY,8,186,14
2022-06-07,NY,7,158,14
2022-06-06,NY,7,158,14
2022-06-05,NY,8,186,14
2022-06-04,NY,8,186,14
2022-06-03,NY,9,185,14
2022-06-02,NY,9,185,14
2022-06-01,NY,8,187,13
2022-05-31,NY,6,159,14
2022-05-30,NY,7,158,14
2022-05-29,NY,8,187,13
2022-05-28,NY,8,186,14
2022-05-27,NY,9,185,14
2022-05-26,NY,8,186,14
2022-05-25,NY,7,187,14
2022-05-24,NY,7,158,14
2022-05-23,NY,7,158,14
2022-05-22,NY,9,185,14
2022-05-21,NY,9,185,14
2022-05-20,NY,9,185,14
2022-05-19,NY,9,185,14
2022-05-18,NY,10,184,14
2022-05-17,NY,10,155,14
2022-05-16,NY,6,159,14
2022-05-15,NY,7,187,14
2022-05-14,NY,7,187,14
2022-05-13,NY,11,183,14
2022-05-12,NY,10,184,14
2022-05-11,NY,10,184,14
2022-05-10,NY,7,158,14
2022-05-09,NY,6,159,14
2022-05-08,NY,7,186,15
2022-05-07,NY,7,186,15
2022-05-06,NY,8,186,14
2022-05-05,NY,8,186,14
2022-05-04,NY,8,186,14
2022-05-03,NY,7,158,14
2022-05-02,NY,7,158,14
2022-05-01,NY,7,187,14
2022-04-30,NY,7,190,11
2022-04-29,NY,8,186,14
2022-04-28,NY,8,186,14
2022-04-27,NY,7,187,14
2022-04-26,NY,7,158,14
2022-04-25,NY,6,160,14
2022-04-24,NY,8,185,14
2022-04-23,NY,6,187,14
2022-04-22,NY,6,187,14
2022-04-21,NY,7,186,14
2022-04-20,NY,8,185,14
2022-04-19,NY,8,157,14
2022-04-18,NY,7,158,14
2022-04-17,NY,7,187,14
2022-04-16,NY,8,186,14
2022-04-15,NY,7,187,14
2022-04-14,NY,8,186,14
2022-04-13,NY,7,189,12
2022-04-12,NY,8,157,14
2022-04-11,NY,8,159,14
2022-04-10,NY,10,183,14
2022-04-09,NY,8,185,14
2022-04-08,NY,8,185,14
2022-04-07,NY,8,185,14
2022-04-06,NY,9,186,12
2022-04-05,NY,8,158,14
2022-04-04,NY,7,160,14
2022-04-03,NY,9,185,14
2022-04-02,NY,9,185,14
2022-04-01,NY,8,187,13
2022-03-31,NY,10,187,11
2022-03-30,NY,9,188,11
2022-03-29,NY,8,160,11
2022-03-28,NY,7,161,11
2022-03-27,NY,9,187,11
2022-03-26,NY,8,188,11
2022-03-25,NY,9,187,11
2022-03-24,NY,8,188,11
2022-03-23,NY,8,188,11
2022-03-22,NY,6,162,11
2022-03-21,NY,9,160,11
2022-03-20,NY,10,187,11
2022-03-19,NY,10,187,11
2022-03-18,NY,10,187,11
2022-03-17,NY,10,187,11
2022-03-16,NY,10,187,11
2022-03-15,NY,9,159,11
2022-03-14,NY,9,159,11
2022-03-13,NY,9,188,11
2022-03-12,NY,6,191,11
2022-03-11,NY,10,187,11
2022-03-10,NY,12,185,11
2022-03-09,NY,9,188,11
2022-03-08,NY,9,159,11
2022-03-07,NY,9,159,11
2022-03-06,NY,6,191,11
2022-03-05,NY,9,188,11
2022-03-04,NY,10,187,11
2022-03-03,NY,9,188,11
2022-03-02,NY,10,187,11
2022-03-01,NY,9,159,11
2022-02-28,NY,10,159,11
2022-02-27,NY,12,184,11
2022-02-26,NY,12,184,11
2022-02-25,NY,12,184,11
2022-02-24,NY,12,184,11
2022-02-23,NY,12,184,11
2022-02-22,NY,10,159,11
2022-02-21,NY,9,160,11
2022-02-20,NY,11,186,11
2022-02-19,NY,11,186,11
2022-02-18,NY,11,186,11
2022-02-17,NY,10,187,11
2022-02-16,NY,12,185,11
2022-02-15,NY,11,158,11
2022-02-14,NY,8,161,11
2022-02-13,NY,10,186,11
2022-02-12,NY,9,188,11
2022-02-11,NY,11,186,11
2022-02-10,NY,10,187,11
2022-02-09,NY,12,185,11
2022-02-08,NY,10,159,11
2022-02-07,NY,12,157,11
2022-02-06,NY,9,188,11
2022-02-05,NY,12,185,11
2022-02-04,NY,14,183,11
2022-02-03,NY,14,183,11
2022-02-02,NY,16,181,11
2022-02-01,NY,15,153,11
2022-01-31,NY,14,154,11
2022-01-30,NY,14,183,11
2022-01-29,NY,14,183,11
2022-01-28,NY,15,182,11
2022-01-27,NY,15,182,11
2022-01-26,NY,15,183,10
2022-01-25,NY,12,156,11
2022-01-24,NY,12,156,11
2022-01-23,NY,15,182,11
2022-01-22,NY,13,184,11
2022-01-21,NY,16,181,11
2022-01-20,NY,14,183,11
2022-01-19,NY,15,182,11
2022-01-18,NY,13,155,11
2022-01-17,NY,14,157,10
2022-01-16,NY,16,182,10
2022-01-15,NY,17,181,10
2022-01-14,NY,16,182,10
2022-01-13,NY,21,177,10
2022-01-12,NY,19,179,10
2022-01-11,NY,15,155,10
2022-01-10,NY,18,151,10
2022-01-09,NY,17,181,10
2022-01-08,NY,17,181,10
2022-01-07,NY,17,181,10
2022-01-06,NY,14,184,10
2022-01-05,NY,14,184,10
2022-01-04,NY,14,155,10
2022-01-03,NY,12,157,10
2022-01-02,NY,10,187,10
2022-01-01,NY,10,187,10
2021-12-31,NY,10,187,10
2021-12-30,NY,14,183,10
2021-12-29,NY,14,183,10
2021-12-28,NY,12,157,10
2021-12-27,NY,12,157,10
2021-12-26,NY,11,186,10
2021-12-25,NY,12,185,10
2021-12-24,NY,11,186,10
2021-12-23,NY,12,185,10
2021-12-22,NY,11,186,10
2021-12-21,NY,11,158,10
2021-12-20,NY,12,157,10
2021-12-19,NY,11,187,10
2021-12-18,NY,11,187,10
2021-12-17,NY,11,187,10
2021-12-16,NY,11,187,10
2021-12-15,NY,12,186,10
2021-12-14,NY,12,157,10
2021-12-13,NY,8,162,10
2021-12-12,NY,7,191,10
2021-12-11,NY,9,189,10
2021-12-10,NY,10,188,10
2021-12-09,NY,11,187,10
2021-12-08,NY,11,187,10
2021-12-07,NY,11,158,10
2021-12-06,NY,9,160,10
2021-12-05,NY,8,190,10
2021-12-04,NY,12,186,10
2021-12-03,NY,10,188,10
2021-12-02,NY,10,188,10
2021-12-01,NY,12,186,10
2021-11-30,NY,12,157,10
2021-11-29,NY,12,157,10
2021-11-28,NY,13,185,10
2021-11-27,NY,13,185,10
2021-11-26,NY,12,186,10
2021-11-25,NY,11,186,11
2021-11-24,NY,13,185,10
2021-11-23,NY,12,157,10
2021-11-22,NY,13,156,10
2021-11-21,NY,11,187,10
2021-11-20,NY,13,185,10
2021-11-19,NY,13,185,10
2021-11-18,NY,13,185,10
2021-11-17,NY,13,185,10
2021-11-16,NY,12,158,10
2021-11-15,NY,12,157,10
2021-11-14,NY,11,187,10
2021-11-13,NY,12,186,10
2021-11-12,NY,13,185,10
2021-11-11,NY,12,186,10
2021-11-10,NY,13,185,10
2021-11-09,NY,9,161,10
2021-11-08,NY,9,161,10
2021-11-07,NY,10,188,10
2021-11-06,NY,9,189,10
2021-11-05,NY,11,187,10
2021-11-04,NY,9,189,10
2021-11-03,NY,13,185,10
2021-11-02,NY,9,161,10
2021-11-01,NY,9,160,10
2021-10-31,NY,12,186,10
2021-10-30,NY,10,188,10
2021-10-29,NY,12,186,10
2021-10-28,NY,11,187,10
2021-10-27,NY,12,186,10
2021-10-26,NY,11,158,10
2021-10-25,NY,11,159,10
2021-10-24,NY,10,188,10
2021-10-23,NY,12,186,10
2021-10-22,NY,11,187,10
2021-10-21,NY,10,188,10
2021-10-20,NY,11,187,10
2021-10-19,NY,11,158,10
2021-10-18,NY,13,156,10
2021-10-17,NY,13,185,10
2021-10-16,NY,12,186,10
2021-10-15,NY,12,186,10
2021-10-14,NY,14,184,10
2021-10-13,NY,12,186,10
2021-10-12,NY,9,160,10
2021-10-11,NY,10,159,10
2021-10-10,NY,10,188,10
2021-10-09,NY,11,188,10
2021-10-08,NY,10,189,10
2021-10-07,NY,9,190,10
2021-10-06,NY,12,187,10
2021-10-05,NY,10,161,10
2021-10-04,NY,11,161,10
2021-10-03,NY,10,189,10
2021-10-02,NY,10,189,10
2021-10-01,NY,12,188,9
2021-09-30,NY,11,189,9
2021-09-29,NY,14,186,9
2021-09-28,NY,11,160,9
2021-09-27,NY,11,160,9
2021-09-26,NY,9,190,9
2021-09-25,NY,10,189,9
2021-09-24,NY,11,188,9
2021-09-23,NY,10,189,9
2021-09-22,NY,12,187,9
2021-09-21,NY,9,162,9
2021-09-20,NY,9,162,9
2021-09-19,NY,8,192,9
2021-09-18,NY,9,191,9
2021-09-17,NY,10,190,9
2021-09-16,NY,8,192,9
2021-09-15,NY,9,191,9
2021-09-14,NY,7,164,9
2021-09-13,NY,8,164,9
2021-09-12,NY,8,192,9
2021-09-11,NY,7,193,9
2021-09-10,NY,9,191,9
2021-09-09,NY,8,192,9
2021-09-08,NY,8,192,9
2021-09-07,NY,7,164,9
2021-09-06,NY,6,168,9
2021-09-05,NY,6,194,9
2021-09-04,NY,6,194,9
2021-09-03,NY,6,194,9
2021-09-02,NY,5,195,9
2021-09-01,NY,6,192,9
2021-08-31,NY,6,161,13
2021-08-30,NY,8,160,13
2021-08-29,NY,6,190,13
2021-08-28,NY,7,189,13
2021-08-27,NY,7,189,13
2021-08-26,NY,8,188,13
2021-08-25,NY,6,193,9
2021-08-24,NY,6,165,9
2021-08-23,NY,5,162,13
2021-08-22,NY,7,189,13
2021-08-21,NY,7,189,13
2021-08-20,NY,7,189,13
2021-08-19,NY,7,189,13
2021-08-18,NY,8,188,13
2021-08-17,NY,5,162,13
2021-08-16,NY,5,166,9
2021-08-15,NY,6,194,9
2021-08-14,NY,6,194,9
2021-08-13,NY,6,194,9
2021-08-12,NY,6,194,9
2021-08-11,NY,5,195,9
2021-08-10,NY,5,167,9
2021-08-09,NY,5,166,9
2021-08-08,NY,5,194,9
2021-08-07,NY,4,195,9
2021-08-06,NY,5,195,9
2021-08-05,NY,6,194,9
2021-08-04,NY,6,194,9
2021-08-03,NY,5,168,9
2021-08-02,NY,5,163,13
2021-08-01,NY,5,191,13
2021-07-31,NY,5,191,13
2021-07-30,NY,5,191,13
2021-07-29,NY,5,191,13
2021-07-28,NY,5,191,13
2021-07-27,NY,5,162,13
2021-07-26,NY,5,162,13
2021-07-25,NY,4,191,13
2021-07-24,NY,5,190,13
2021-07-23,NY,6,189,13
2021-07-22,NY,5,190,13
2021-07-21,NY,4,195,9
2021-07-20,NY,5,162,13
2021-07-19,NY,4,167,9
2021-07-18,NY,4,196,9
2021-07-17,NY,4,196,9
2021-07-16,NY,5,195,9
2021-07-15,NY,4,196,9
2021-07-14,NY,4,196,9
2021-07-13,NY,4,167,9
2021-07-12,NY,5,166,9
2021-07-11,NY,5,195,9
2021-07-10,NY,5,195,9
2021-07-09,NY,5,195,9
2021-07-08,NY,5,195,9
2021-07-07,NY,5,195,9
2021-07-06,NY,5,162,13
2021-07-05,NY,5,163,13
2021-07-04,NY,5,191,13
2021-07-03,NY,5,191,13
2021-07-02,NY,6,190,13
2021-07-01,NY,5,191,13
2021-06-30,NY,5,194,9
2021-06-29,NY,6,161,13
2021-06-28,NY,5,162,13
2021-06-27,NY,5,191,13
2021-06-26,NY,5,191,13
2021-06-25,NY,5,191,13
2021-06-24,NY,5,191,13
2021-06-23,NY,5,195,9
2021-06-22,NY,5,162,13
2021-06-21,NY,5,166,9
2021-06-20,NY,5,195,9
2021-06-19,NY,5,195,9
2021-06-18,NY,5,195,9
2021-06-17,NY,4,196,9
2021-06-16,NY,5,195,9
2021-06-15,NY,4,167,9
2021-06-14,NY,5,167,9
2021-06-13,NY,5,195,9
2021-06-12,NY,5,195,9
2021-06-11,NY,5,195,9
2021-06-10,NY,5,195,9
2021-06-09,NY,5,195,9
2021-06-08,NY,4,167,9
2021-06-07,NY,5,163,13
2021-06-06,NY,5,190,13
2021-06-05,NY,5,190,13
2021-06-04,NY,5,194,9
2021-06-03,NY,6,193,9
2021-06-02,NY,6,193,9
2021-06-01,NY,5,161,13
2021-05-31,NY,5,162,13
2021-05-30,NY,6,189,13
2021-05-29,NY,6,189,13
2021-05-28,NY,6,189,13
2021-05-27,NY,6,193,9
2021-05-26,NY,6,192,9
2021-05-25,NY,5,165,9
2021-05-24,NY,5,167,9
2021-05-23,NY,5,194,9
2021-05-22,NY,5,194,9
2021-05-21,NY,5,194,9
2021-05-20,NY,6,193,9
2021-05-19,NY,6,192,9
2021-05-18,NY,6,160,13
2021-05-17,NY,4,162,13
2021-05-16,NY,5,190,13
2021-05-15,NY,4,191,13
2021-05-14,NY,4,191,13
2021-05-13,NY,4,191,13
2021-05-12,NY,4,195,9
2021-05-11,NY,5,161,13
2021-05-10,NY,4,162,13
2021-05-09,NY,5,189,13
2021-05-08,NY,5,189,13
2021-05-07,NY,5,193,9
2021-05-06,NY,6,192,9
2021-05-05,NY,5,193,9
2021-05-04,NY,6,164,9
2021-05-03,NY,4,166,9
2021-05-02,NY,5,194,9
2021-05-01,NY,5,194,9
2021-04-30,NY,6,193,9
2021-04-29,NY,4,195,9
2021-04-28,NY,5,190,13
2021-04-27,NY,4,162,13
2021-04-26,NY,5,161,13
2021-04-25,NY,4,191,13
2021-04-24,NY,5,190,13
2021-04-23,NY,5,194,9
2021-04-22,NY,4,195,9
2021-04-21,NY,5,194,9
2021-04-20,NY,5,161,13
2021-04-19,NY,4,162,13
2021-04-18,NY,5,190,13
2021-04-17,NY,5,190,13
2021-04-16,NY,4,195,9
2021-04-15,NY,4,195,9
2021-04-14,NY,5,194,9
2021-04-13,NY,4,168,9
2021-04-12,NY,5,167,9
2021-04-11,NY,4,195,9
2021-04-10,NY,4,195,9
2021-04-09,NY,4,191,13
2021-04-08,NY,5,190,13
2021-04-07,NY,5,190,13
2021-04-06,NY,5,161,13
2021-04-05,NY,5,163,13
2021-04-04,NY,6,193,9
2021-04-03,NY,4,191,13
2021-04-02,NY,5,190,13
2021-04-01,NY,4,191,13
2021-03-31,NY,5,194,9
2021-03-30,NY,5,166,9
2021-03-29,NY,5,166,9
2021-03-28,NY,5,194,9
2021-03-27,NY,5,194,9
2021-03-26,NY,5,194,9
2021-03-25,NY,5,194,9
2021-03-24,NY,5,194,9
2021-03-23,NY,6,166,9
2021-03-22,NY,6,161,13
2021-03-21,NY,6,189,13
2021-03-20,NY,6,189,13
2021-03-19,NY,6,189,13
2021-03-18,NY,6,189,13
2021-03-17,NY,6,193,9
2021-03-16,NY,6,162,13
2021-03-15,NY,5,163,13
2021-03-14,NY,6,189,13
2021-03-13,NY,5,190,13
2021-03-12,NY,6,193,9
2021-03-11,NY,5,194,9
2021-03-10,NY,5,194,9
2021-03-09,NY,5,167,9
2021-03-08,NY,5,168,9
2021-03-07,NY,6,193,9
2021-03-06,NY,6,193,9
2021-03-05,NY,6,193,9
2021-03-04,NY,6,193,9
2021-03-03,NY,7,191,9
2021-03-02,NY,7,165,9
2021-03-01,NY,8,160,13
2021-02-28,NY,7,188,13
2021-02-27,NY,6,189,13
2021-02-26,NY,7,188,13
2021-02-25,NY,6,193,9
2021-02-24,NY,6,193,9
2021-02-23,NY,6,167,9
2021-02-22,NY,6,162,13
2021-02-21,NY,7,188,13
2021-02-20,NY,7,192,9
2021-02-19,NY,7,188,13
2021-02-18,NY,7,188,13
2021-02-17,NY,7,192,9
2021-02-16,NY,8,164,9
2021-02-15,NY,8,165,9
2021-02-14,NY,8,190,9
2021-02-13,NY,8,190,9
2021-02-12,NY,8,190,9
2021-02-11,NY,9,189,9
2021-02-10,NY,9,185,13
2021-02-09,NY,9,159,13
2021-02-08,NY,9,160,13
2021-02-07,NY,9,186,13
2021-02-06,NY,7,188,13
2021-02-05,NY,8,187,13
2021-02-04,NY,9,186,13
2021-02-03,NY,10,188,9
2021-02-02,NY,9,163,9
2021-02-01,NY,9,163,9
2021-01-31,NY,10,189,9
2021-01-30,NY,10,189,9
2021-01-29,NY,9,190,9
2021-01-28,NY,9,190,9
2021-01-27,NY,10,189,9
2021-01-26,NY,9,163,9
2021-01-25,NY,9,159,13
2021-01-24,NY,8,191,9
2021-01-23,NY,9,186,13
2021-01-22,NY,9,186,13
2021-01-21,NY,8,187,13
2021-01-20,NY,9,186,13
2021-01-19,NY,10,162,9
2021-01-18,NY,9,159,13
2021-01-17,NY,8,187,13
2021-01-16,NY,9,186,13
2021-01-15,NY,9,185,13
2021-01-14,NY,8,190,9
2021-01-13,NY,10,188,9
2021-01-12,NY,10,158,13
2021-01-11,NY,9,164,9
2021-01-10,NY,12,182,13
2021-01-09,NY,9,185,13
2021-01-08,NY,10,188,9
2021-01-07,NY,8,190,9
2021-01-06,NY,8,189,9
2021-01-05,NY,9,162,9
2021-01-04,NY,8,163,9
2021-01-03,NY,11,186,9
2021-01-02,NY,8,189,9
2021-01-01,NY,8,189,9
2020-12-31,NY,8,189,9
2020-12-30,NY,8,184,13
2020-12-29,NY,12,154,13
2020-12-28,NY,20,151,9
2020-12-27,NY,22,170,13
2020-12-26,NY,23,173,9
2020-12-25,NY,23,173,9
2020-12-24,NY,22,174,9
2020-12-23,NY,23,170,12
2020-12-22,NY,22,147,12
2020-12-21,NY,22,146,12
2020-12-20,NY,22,171,12
2020-12-19,NY,22,171,12
2020-12-18,NY,23,171,12
2020-12-17,NY,23,170,13
2020-12-16,NY,21,176,9
2020-12-15,NY,22,147,13
2020-12-14,NY,22,152,9
2020-12-13,NY,25,170,10
2020-12-12,NY,26,169,10
2020-12-11,NY,26,169,10
2020-12-10,NY,23,167,14
2020-12-09,NY,23,166,14
2020-12-08,NY,20,152,9
2020-12-07,NY,18,157,9
2020-12-06,NY,19,175,10
2020-12-05,NY,19,175,10
2020-12-04,NY,20,174,10
2020-12-03,NY,20,173,10
2020-12-02,NY,20,172,10
2020-12-01,NY,18,154,9
2020-11-30,NY,18,154,9
2020-11-29,NY,17,172,11
2020-11-28,NY,17,174,11
2020-11-27,NY,17,174,11
2020-11-26,NY,17,173,11
2020-11-25,NY,17,173,11
2020-11-24,NY,16,158,9
2020-11-23,NY,15,156,9
2020-11-22,NY,16,172,12
2020-11-21,NY,16,172,12
2020-11-20,NY,16,173,11
2020-11-19,NY,16,173,11
2020-11-18,NY,16,173,11
2020-11-17,NY,15,156,10
2020-11-16,NY,16,162,9
2020-11-15,NY,14,166,13
2020-11-14,NY,14,166,13
2020-11-13,NY,15,167,11
2020-11-12,NY,14,165,12
2020-11-11,NY,13,160,11
2020-11-10,NY,13,156,9
2020-11-09,NY,14,155,9
2020-11-08,NY,14,157,9
2020-11-07,NY,14,157,9
2020-11-06,NY,14,157,9
2020-11-05,NY,14,157,9
2020-11-04,NY,13,158,9
2020-11-03,NY,13,155,11
2020-11-02,NY,12,155,12
2020-11-01,NY,13,153,14
2020-10-31,NY,13,152,14
2020-10-30,NY,13,145,22
2020-10-29,NY,15,144,21
2020-10-28,NY,13,143,23
2020-10-27,NY,14,143,21
2020-10-26,NY,14,144,20
2020-10-25,NY,14,144,20
2020-10-24,NY,14,143,21
2020-10-23,NY,14,143,22
2020-10-22,NY,13,144,22
2020-10-21,NY,14,144,21
2020-10-20,NY,14,143,21
2020-10-19,NY,14,144,21
2020-10-18,NY,10,133,33
2020-10-17,NY,11,133,33
2020-10-16,NY,12,133,33
2020-10-15,NY,12,133,33
2020-10-14,NY,12,131,33
2020-10-13,NY,12,127,37
2020-10-12,NY,12,128,36
2020-10-11,NY,12,130,33
2020-10-10,NY,12,128,36
2020-10-09,NY,12,128,36
2020-10-08,NY,10,128,38
2020-10-07,NY,9,121,45
2020-10-06,NY,9,120,45
2020-10-05,NY,8,121,46
2020-10-04,NY,8,121,46
2020-10-03,NY,8,121,46
2020-10-02,NY,8,121,46
2020-10-01,NY,8,121,46
2020-09-30,NY,8,121,45
2020-09-29,NY,8,121,45
2020-09-28,NY,8,122,45
2020-09-27,NY,8,122,45
2020-09-26,NY,8,122,45
2020-09-25,NY,8,122,45
2020-09-24,NY,8,122,45
2020-09-23,NY,8,122,45
2020-09-22,NY,8,122,45
2020-09-21,NY,8,122,46
2020-09-20,NY,8,120,46
2020-09-19,NY,8,119,47
2020-09-18,NY,8,119,47
2020-09-17,NY,8,119,47
2020-09-16,NY,7,120,47
2020-09-15,NY,7,120,47
2020-09-14,NY,7,120,47
2020-09-13,NY,8,120,46
2020-09-12,NY,8,120,46
2020-09-11,NY,8,121,46
2020-09-10,NY,8,121,46
2020-09-09,NY,8,121,46
2020-09-08,NY,8,119,46
2020-09-07,NY,9,118,46
2020-09-06,NY,9,117,46
2020-09-05,NY,9,117,46
2020-09-04,NY,9,117,46
2020-09-03,NY,9,117,46
2020-09-02,NY,9,116,46
2020-09-01,NY,8,115,47
2020-08-31,NY,7,116,45
2020-08-30,NY,7,116,45
2020-08-29,NY,7,115,46
2020-08-28,NY,7,115,46
2020-08-27,NY,7,113,47
2020-08-26,NY,7,112,47
2020-08-25,NY,6,112,48
2020-08-24,NY,5,113,48
2020-08-23,NY,6,113,48
2020-08-22,NY,6,113,48
2020-08-21,NY,6,113,48
2020-08-20,NY,6,113,48
2020-08-19,NY,6,113,48
2020-08-18,NY,7,113,47
2020-08-17,NY,7,113,39
2020-08-16,NY,6,112,41
2020-08-15,NY,6,114,41
2020-08-14,NY,6,114,41
2020-08-13,NY,5,114,41
2020-08-12,NY,6,113,41
2020-08-11,NY,6,113,41
2020-08-10,NY,7,112,41
2020-08-09,NY,7,113,40
2020-08-08,NY,7,113,40
2020-08-07,NY,7,114,40
2020-08-06,NY,7,113,39
2020-08-05,NY,7,111,39
2020-08-04,NY,7,105,45
2020-08-03,NY,7,106,45
2020-08-02,NY,7,105,46
2020-08-01,NY,7,106,46
2023-04-10,OH,5,50,126
2023-04-09,OH,5,54,126
2023-04-08,OH,4,54,127
2023-04-07,OH,5,55,125
2023-04-06,OH,6,54,129
2023-04-05,OH,17,144,28
2023-04-04,OH,8,51,128
2023-04-03,OH,6,56,126
2023-04-02,OH,6,54,130
2023-04-01,OH,7,53,130
2023-03-31,OH,7,55,129
2023-03-30,OH,8,71,112
2023-03-29,OH,18,147,26
2023-03-28,OH,7,53,129
2023-03-27,OH,6,54,129
2023-03-26,OH,6,55,130
2023-03-25,OH,5,55,131
2023-03-24,OH,6,55,130
2023-03-23,OH,6,66,119
2023-03-22,OH,20,148,23
2023-03-21,OH,7,54,128
2023-03-20,OH,6,54,129
2023-03-19,OH,6,54,131
2023-03-18,OH,7,53,131
2023-03-17,OH,8,65,118
2023-03-16,OH,7,71,113
2023-03-15,OH,20,147,24
2023-03-14,OH,8,53,128
2023-03-13,OH,7,52,130
2023-03-12,OH,7,54,130
2023-03-11,OH,7,54,130
2023-03-10,OH,7,56,128
2023-03-09,OH,8,60,123
2023-03-08,OH,21,147,23
2023-03-07,OH,8,52,129
2023-03-06,OH,7,53,129
2023-03-05,OH,5,54,132
2023-03-04,OH,7,53,131
2023-03-03,OH,9,55,127
2023-03-02,OH,7,61,123
2023-03-01,OH,20,148,23
2023-02-28,OH,7,52,130
2023-02-27,OH,7,53,129
2023-02-26,OH,6,55,130
2023-02-25,OH,6,55,130
2023-02-24,OH,6,56,129
2023-02-23,OH,7,58,126
2023-02-22,OH,21,147,23
2023-02-21,OH,7,53,129
2023-02-20,OH,7,53,129
2023-02-19,OH,7,55,131
2023-02-18,OH,7,54,132
2023-02-17,OH,7,58,128
2023-02-16,OH,7,61,125
2023-02-15,OH,22,148,23
2023-02-14,OH,7,54,128
2023-02-13,OH,5,55,129
2023-02-12,OH,6,57,130
2023-02-11,OH,6,56,131
2023-02-10,OH,6,57,130
2023-02-09,OH,6,62,125
2023-02-08,OH,21,148,24
2023-02-07,OH,7,54,129
2023-02-06,OH,6,56,128
2023-02-05,OH,7,61,126
2023-02-04,OH,6,64,125
2023-02-03,OH,7,63,125
2023-02-02,OH,7,68,119
2023-02-01,OH,32,138,24
2023-01-31,OH,7,59,124
2023-01-30,OH,7,58,124
2023-01-29,OH,6,61,126
2023-01-28,OH,6,60,127
2023-01-27,OH,6,62,125
2023-01-26,OH,9,63,121
2023-01-25,OH,35,134,24
2023-01-24,OH,7,59,123
2023-01-23,OH,6,59,124
2023-01-22,OH,7,58,126
2023-01-21,OH,7,60,126
2023-01-20,OH,7,61,125
2023-01-19,OH,10,64,119
2023-01-18,OH,35,135,23
2023-01-17,OH,7,61,122
2023-01-16,OH,7,61,122
2023-01-15,OH,6,62,126
2023-01-14,OH,6,64,124
2023-01-13,OH,6,65,123
2023-01-12,OH,7,64,123
2023-01-11,OH,35,134,23
2023-01-10,OH,7,58,123
2023-01-09,OH,6,58,124
2023-01-08,OH,7,59,125
2023-01-07,OH,7,59,126
2023-01-06,OH,6,62,124
2023-01-05,OH,6,62,124
2023-01-04,OH,32,135,24
2023-01-03,OH,7,58,123
2023-01-02,OH,5,59,123
2023-01-01,OH,6,61,124
2022-12-31,OH,6,60,121
2022-12-30,OH,6,61,120
2022-12-29,OH,6,63,121
2022-12-28,OH,34,133,23
2022-12-27,OH,7,56,123
2022-12-26,OH,7,56,124
2022-12-25,OH,8,57,124
2022-12-24,OH,7,57,125
2022-12-23,OH,9,58,122
2022-12-22,OH,11,62,115
2022-12-21,OH,33,128,26
2022-12-20,OH,7,58,120
2022-12-19,OH,6,60,123
2022-12-18,OH,5,70,123
2022-12-17,OH,5,68,125
2022-12-16,OH,8,68,122
2022-12-15,OH,9,71,118
2022-12-14,OH,32,136,26
2022-12-13,OH,7,61,124
2022-12-12,OH,7,61,124
2022-12-11,OH,6,63,127
2022-12-10,OH,6,64,126
2022-12-09,OH,8,66,122
2022-12-08,OH,7,70,118
2022-12-07,OH,33,137,25
2022-12-06,OH,6,64,121
2022-12-05,OH,6,64,121
2022-12-04,OH,6,65,124
2022-12-03,OH,5,64,126
2022-12-02,OH,6,67,122
2022-12-01,OH,7,69,119
2022-11-30,OH,33,136,26
2022-11-29,OH,7,62,122
2022-11-28,OH,6,62,123
2022-11-27,OH,7,64,123
2022-11-26,OH,7,65,123
2022-11-25,OH,6,66,123
2022-11-24,OH,6,69,120
2022-11-23,OH,31,138,26
2022-11-22,OH,7,64,121
2022-11-21,OH,6,66,121
2022-11-20,OH,5,68,123
2022-11-19,OH,6,68,122
2022-11-18,OH,5,70,122
2022-11-17,OH,7,78,112
2022-11-16,OH,30,138,28
2022-11-15,OH,5,65,122
2022-11-14,OH,4,66,122
2022-11-13,OH,4,66,125
2022-11-12,OH,4,67,125
2022-11-11,OH,5,70,121
2022-11-10,OH,6,72,118
2022-11-09,OH,31,139,26
2022-11-08,OH,5,69,119
2022-11-07,OH,5,70,120
2022-11-06,OH,5,73,120
2022-11-05,OH,4,74,120
2022-11-04,OH,4,77,118
2022-11-03,OH,7,81,111
2022-11-02,OH,30,140,27
2022-11-01,OH,6,70,117
2022-10-31,OH,4,71,118
2022-10-30,OH,4,72,121
2022-10-29,OH,4,71,122
2022-10-28,OH,4,75,118
2022-10-27,OH,5,75,117
2022-10-26,OH,30,139,28
2022-10-25,OH,4,70,119
2022-10-24,OH,4,70,119
2022-10-23,OH,4,71,121
2022-10-22,OH,4,71,121
2022-10-21,OH,5,73,118
2022-10-20,OH,5,74,116
2022-10-19,OH,31,136,28
2022-10-18,OH,4,69,119
2022-10-17,OH,4,69,119
2022-10-16,OH,4,70,121
2022-10-15,OH,4,69,122
2022-10-14,OH,5,73,117
2022-10-13,OH,16,74,105
2022-10-12,OH,32,136,27
2022-10-11,OH,5,69,118
2022-10-10,OH,5,69,118
2022-10-09,OH,5,78,120
2022-10-08,OH,5,78,121
2022-10-07,OH,6,81,118
2022-10-06,OH,6,83,116
2022-10-05,OH,32,146,27
2022-10-04,OH,6,71,118
2022-10-03,OH,6,69,119
2022-10-02,OH,8,67,121
2022-10-01,OH,9,67,120
2022-09-30,OH,8,70,118
2022-09-29,OH,7,72,116
2022-09-28,OH,33,135,27
2022-09-27,OH,7,66,119
2022-09-26,OH,6,68,118
2022-09-25,OH,6,70,121
2022-09-24,OH,7,69,121
2022-09-23,OH,8,71,118
2022-09-22,OH,8,80,109
2022-09-21,OH,34,138,25
2022-09-20,OH,8,66,119
2022-09-19,OH,6,68,119
2022-09-18,OH,7,68,121
2022-09-17,OH,8,67,121
2022-09-16,OH,8,72,116
2022-09-15,OH,7,73,116
2022-09-14,OH,33,137,26
2022-09-13,OH,9,65,118
2022-09-12,OH,10,66,117
2022-09-11,OH,9,67,120
2022-09-10,OH,8,67,121
2022-09-09,OH,8,74,118
2022-09-08,OH,9,77,114
2022-09-07,OH,31,142,26
2022-09-06,OH,8,71,117
2022-09-05,OH,8,71,118
2022-09-04,OH,7,75,120
2022-09-03,OH,8,74,120
2022-09-02,OH,7,79,116
2022-09-01,OH,7,82,113
2022-08-31,OH,33,141,27
2022-08-30,OH,7,72,118
2022-08-29,OH,7,72,119
2022-08-28,OH,6,76,122
2022-08-27,OH,5,78,121
2022-08-26,OH,5,79,120
2022-08-25,OH,9,79,115
2022-08-24,OH,34,142,26
2022-08-23,OH,9,70,117
2022-08-22,OH,8,72,117
2022-08-21,OH,10,95,119
2022-08-20,OH,10,96,118
2022-08-19,OH,9,99,116
2022-08-18,OH,10,102,112
2022-08-17,OH,31,165,28
2022-08-16,OH,7,73,116
2022-08-15,OH,8,73,115
2022-08-14,OH,7,107,118
2022-08-13,OH,7,107,118
2022-08-12,OH,7,110,115
2022-08-11,OH,8,113,111
2022-08-10,OH,32,173,27
2022-08-09,OH,6,74,116
2022-08-08,OH,5,75,116
2022-08-07,OH,8,104,119
2022-08-06,OH,8,104,119
2022-08-05,OH,10,106,115
2022-08-04,OH,7,110,114
2022-08-03,OH,29,174,28
2022-08-02,OH,8,74,115
2022-08-01,OH,8,73,115
2022-07-31,OH,7,105,121
2022-07-30,OH,7,105,121
2022-07-29,OH,6,109,118
2022-07-28,OH,9,110,114
2022-07-27,OH,30,173,30
2022-07-26,OH,6,74,116
2022-07-25,OH,5,74,117
2022-07-24,OH,7,106,120
2022-07-23,OH,7,106,120
2022-07-22,OH,8,108,117
2022-07-21,OH,9,109,115
2022-07-20,OH,29,174,30
2022-07-19,OH,7,72,117
2022-07-18,OH,6,73,117
2022-07-17,OH,7,106,120
2022-07-16,OH,7,106,120
2022-07-15,OH,6,109,118
2022-07-14,OH,10,111,112
2022-07-13,OH,31,173,29
2022-07-12,OH,8,71,117
2022-07-11,OH,7,71,118
2022-07-10,OH,9,105,119
2022-07-09,OH,9,104,120
2022-07-08,OH,10,107,116
2022-07-07,OH,10,112,111
2022-07-06,OH,32,172,29
2022-07-05,OH,8,72,116
2022-07-04,OH,8,69,120
2022-07-03,OH,9,104,120
2022-07-02,OH,8,105,120
2022-07-01,OH,8,107,118
2022-06-30,OH,19,109,105
2022-06-29,OH,31,173,29
2022-06-28,OH,7,70,119
2022-06-27,OH,6,72,118
2022-06-26,OH,7,106,120
2022-06-25,OH,6,106,121
2022-06-24,OH,8,109,116
2022-06-23,OH,5,124,104
2022-06-22,OH,29,176,28
2022-06-21,OH,6,74,116
2022-06-20,OH,6,71,119
2022-06-19,OH,4,107,122
2022-06-18,OH,4,107,122
2022-06-17,OH,5,110,118
2022-06-16,OH,8,110,115
2022-06-15,OH,32,176,25
2022-06-14,OH,7,71,118
2022-06-13,OH,8,71,118
2022-06-12,OH,8,104,121
2022-06-11,OH,8,105,120
2022-06-10,OH,7,109,117
2022-06-09,OH,6,113,114
2022-06-08,OH,28,177,28
2022-06-07,OH,7,74,117
2022-06-06,OH,7,76,117
2022-06-05,OH,5,108,120
2022-06-04,OH,7,105,121
2022-06-03,OH,7,110,116
2022-06-02,OH,7,113,113
2022-06-01,OH,29,176,28
2022-05-31,OH,9,72,115
2022-05-30,OH,6,70,120
2022-05-29,OH,5,108,120
2022-05-28,OH,6,105,122
2022-05-27,OH,6,110,117
2022-05-26,OH,5,113,115
2022-05-25,OH,29,177,27
2022-05-24,OH,7,73,116
2022-05-23,OH,6,74,117
2022-05-22,OH,6,107,120
2022-05-21,OH,6,107,120
2022-05-20,OH,6,109,118
2022-05-19,OH,7,124,102
2022-05-18,OH,29,177,27
2022-05-17,OH,7,72,118
2022-05-16,OH,5,74,118
2022-05-15,OH,8,104,120
2022-05-14,OH,8,103,121
2022-05-13,OH,7,108,117
2022-05-12,OH,8,116,108
2022-05-11,OH,30,175,27
2022-05-10,OH,4,78,115
2022-05-09,OH,5,74,117
2022-05-08,OH,6,105,120
2022-05-07,OH,6,104,121
2022-05-06,OH,5,109,117
2022-05-05,OH,5,110,116
2022-05-04,OH,30,174,27
2022-05-03,OH,5,73,118
2022-05-02,OH,5,73,118
2022-05-01,OH,6,106,120
2022-04-30,OH,6,107,119
2022-04-29,OH,6,108,118
2022-04-28,OH,5,106,121
2022-04-27,OH,28,177,27
2022-04-26,OH,3,66,128
2022-04-25,OH,3,69,128
2022-04-24,OH,4,99,129
2022-04-23,OH,3,100,129
2022-04-22,OH,2,102,128
2022-04-21,OH,3,104,125
2022-04-20,OH,28,177,27
2022-04-19,OH,3,68,126
2022-04-18,OH,3,67,127
2022-04-17,OH,7,97,129
2022-04-16,OH,7,97,129
2022-04-15,OH,7,98,128
2022-04-14,OH,5,104,124
2022-04-13,OH,30,174,29
2022-04-12,OH,3,67,127
2022-04-11,OH,4,69,127
2022-04-10,OH,4,100,128
2022-04-09,OH,4,100,128
2022-04-08,OH,4,101,127
2022-04-07,OH,4,104,124
2022-04-06,OH,32,174,26
2022-04-05,OH,3,67,127
2022-04-04,OH,3,67,127
2022-04-03,OH,5,100,128
2022-04-02,OH,5,100,128
2022-04-01,OH,5,100,128
2022-03-31,OH,4,106,123
2022-03-30,OH,31,178,24
2022-03-29,OH,4,69,124
2022-03-28,OH,5,69,124
2022-03-27,OH,6,102,125
2022-03-26,OH,6,102,125
2022-03-25,OH,5,104,124
2022-03-24,OH,4,105,124
2022-03-23,OH,33,180,20
2022-03-22,OH,4,69,124
2022-03-21,OH,3,72,124
2022-03-20,OH,6,102,125
2022-03-19,OH,5,103,125
2022-03-18,OH,4,105,124
2022-03-17,OH,5,104,124
2022-03-16,OH,34,179,20
2022-03-15,OH,3,70,124
2022-03-14,OH,4,70,124
2022-03-13,OH,4,104,125
2022-03-12,OH,3,105,125
2022-03-11,OH,4,105,124
2022-03-10,OH,6,103,124
2022-03-09,OH,37,175,20
2022-03-08,OH,4,68,125
2022-03-07,OH,4,70,124
2022-03-06,OH,4,105,124
2022-03-05,OH,5,104,124
2022-03-04,OH,3,106,124
2022-03-03,OH,5,104,124
2022-03-02,OH,40,173,20
2022-03-01,OH,4,69,124
2022-02-28,OH,4,71,123
2022-02-27,OH,5,105,123
2022-02-26,OH,6,105,122
2022-02-25,OH,5,105,123
2022-02-24,OH,4,106,123
2022-02-23,OH,42,167,24
2022-02-22,OH,4,69,124
2022-02-21,OH,4,69,124
2022-02-20,OH,5,105,123
2022-02-19,OH,5,103,125
2022-02-18,OH,2,107,124
2022-02-17,OH,4,105,124
2022-02-16,OH,42,168,23
2022-02-15,OH,4,71,123
2022-02-14,OH,4,71,123
2022-02-13,OH,4,105,124
2022-02-12,OH,4,105,124
2022-02-11,OH,3,107,123
2022-02-10,OH,4,106,123
2022-02-09,OH,44,165,24
2022-02-08,OH,4,69,124
2022-02-07,OH,3,72,123
2022-02-06,OH,4,106,123
2022-02-05,OH,4,107,122
2022-02-04,OH,4,106,123
2022-02-03,OH,3,107,123
2022-02-02,OH,46,164,23
2022-02-01,OH,5,72,121
2022-01-31,OH,3,73,122
2022-01-30,OH,4,106,123
2022-01-29,OH,4,111,118
2022-01-28,OH,5,106,122
2022-01-27,OH,4,105,124
2022-01-26,OH,42,165,26
2022-01-25,OH,2,71,124
2022-01-24,OH,2,71,124
2022-01-23,OH,3,104,125
2022-01-22,OH,3,104,125
2022-01-21,OH,2,106,124
2022-01-20,OH,4,104,124
2022-01-19,OH,41,157,34
2022-01-18,OH,52,130,15
2022-01-17,OH,52,130,15
2022-01-16,OH,49,169,15
2022-01-15,OH,49,172,12
2022-01-14,OH,51,167,15
2022-01-13,OH,52,166,15
2022-01-12,OH,53,166,14
2022-01-11,OH,57,126,15
2022-01-10,OH,59,124,15
2022-01-09,OH,50,168,14
2022-01-08,OH,48,169,15
2022-01-07,OH,51,166,15
2022-01-06,OH,51,166,15
2022-01-05,OH,52,167,13
2022-01-04,OH,49,133,15
2022-01-03,OH,51,131,15
2022-01-02,OH,49,169,15
2022-01-01,OH,49,170,14
2021-12-31,OH,49,169,15
2021-12-30,OH,50,168,15
2021-12-29,OH,48,171,14
2021-12-28,OH,48,137,15
2021-12-27,OH,46,138,15
2021-12-26,OH,47,169,15
2021-12-25,OH,45,171,15
2021-12-24,OH,45,171,15
2021-12-23,OH,46,170,15
2021-12-22,OH,48,169,13
2021-12-21,OH,47,134,16
2021-12-20,OH,45,137,15
2021-12-19,OH,46,174,13
2021-12-18,OH,46,173,14
2021-12-17,OH,44,175,14
2021-12-16,OH,45,174,14
2021-12-15,OH,46,174,13
2021-12-14,OH,44,139,14
2021-12-13,OH,44,139,14
2021-12-12,OH,43,175,14
2021-12-11,OH,43,176,13
2021-12-10,OH,43,176,13
2021-12-09,OH,44,174,14
2021-12-08,OH,46,173,13
2021-12-07,OH,44,140,14
2021-12-06,OH,43,142,14
2021-12-05,OH,42,177,14
2021-12-04,OH,43,176,14
2021-12-03,OH,41,177,15
2021-12-02,OH,42,177,14
2021-12-01,OH,43,177,13
2021-11-30,OH,44,139,14
2021-11-29,OH,42,141,14
2021-11-28,OH,42,176,14
2021-11-27,OH,43,176,13
2021-11-26,OH,41,178,13
2021-11-25,OH,42,177,13
2021-11-24,OH,44,175,13
2021-11-23,OH,43,141,14
2021-11-22,OH,43,141,14
2021-11-21,OH,42,177,14
2021-11-20,OH,43,177,13
2021-11-19,OH,42,177,14
2021-11-18,OH,42,177,14
2021-11-17,OH,43,177,13
2021-11-16,OH,43,140,15
2021-11-15,OH,43,142,14
2021-11-14,OH,44,175,13
2021-11-13,OH,43,175,14
2021-11-12,OH,43,175,14
2021-11-11,OH,42,176,14
2021-11-10,OH,40,177,14
2021-11-09,OH,40,142,15
2021-11-08,OH,40,142,15
2021-11-07,OH,41,176,16
2021-11-06,OH,41,176,16
2021-11-05,OH,40,178,15
2021-11-04,OH,41,177,15
2021-11-03,OH,42,178,13
2021-11-02,OH,40,142,15
2021-11-01,OH,40,143,14
2021-10-31,OH,43,176,14
2021-10-30,OH,44,174,15
2021-10-29,OH,44,174,15
2021-10-28,OH,44,174,15
2021-10-27,OH,44,176,13
2021-10-26,OH,46,136,15
2021-10-25,OH,45,138,15
2021-10-24,OH,48,171,14
2021-10-23,OH,47,172,14
2021-10-22,OH,47,172,14
2021-10-21,OH,46,173,14
2021-10-20,OH,46,179,8
2021-10-19,OH,44,139,14
2021-10-18,OH,45,136,16
2021-10-17,OH,44,173,16
2021-10-16,OH,44,173,16
2021-10-15,OH,45,172,16
2021-10-14,OH,46,172,15
2021-10-13,OH,48,172,13
2021-10-12,OH,47,135,15
2021-10-11,OH,48,135,14
2021-10-10,OH,45,174,14
2021-10-09,OH,47,172,14
2021-10-08,OH,44,175,14
2021-10-07,OH,42,176,15
2021-10-06,OH,48,171,14
2021-10-05,OH,48,135,14
2021-10-04,OH,45,139,14
2021-10-03,OH,47,172,14
2021-10-02,OH,47,172,14
2021-10-01,OH,46,172,15
2021-09-30,OH,45,174,14
2021-09-29,OH,42,177,14
2021-09-28,OH,42,142,15
2021-09-27,OH,44,141,14
2021-09-26,OH,43,175,15
2021-09-25,OH,43,174,16
2021-09-24,OH,44,173,16
2021-09-23,OH,42,176,15
2021-09-22,OH,43,176,14
2021-09-21,OH,43,139,15
2021-09-20,OH,40,142,15
2021-09-19,OH,40,179,14
2021-09-18,OH,41,178,14
2021-09-17,OH,41,176,16
2021-09-16,OH,31,186,16
2021-09-15,OH,33,186,14
2021-09-14,OH,32,150,14
2021-09-13,OH,29,152,15
2021-09-12,OH,26,194,14
2021-09-11,OH,26,195,13
2021-09-10,OH,27,192,15
2021-09-09,OH,26,193,15
2021-09-08,OH,28,192,14
2021-09-07,OH,29,153,15
2021-09-06,OH,30,153,14
2021-09-05,OH,29,191,14
2021-09-04,OH,28,192,14
2021-09-03,OH,27,191,16
2021-09-02,OH,27,191,15
2021-09-01,OH,26,193,14
2021-08-31,OH,27,155,15
2021-08-30,OH,26,156,15
2021-08-29,OH,25,195,14
2021-08-28,OH,27,193,14
2021-08-27,OH,26,192,16
2021-08-26,OH,24,194,16
2021-08-25,OH,26,195,13
2021-08-24,OH,24,159,15
2021-08-23,OH,22,159,16
2021-08-22,OH,22,197,14
2021-08-21,OH,22,196,15
2021-08-20,OH,23,194,16
2021-08-19,OH,20,197,16
2021-08-18,OH,21,198,14
2021-08-17,OH,21,161,15
2021-08-16,OH,18,164,15
2021-08-15,OH,19,200,13
2021-08-14,OH,17,201,13
2021-08-13,OH,17,200,14
2021-08-12,OH,18,199,14
2021-08-11,OH,18,201,12
2021-08-10,OH,18,165,13
2021-08-09,OH,17,167,13
2021-08-08,OH,17,204,12
2021-08-07,OH,17,202,14
2021-08-06,OH,18,202,13
2021-08-05,OH,17,203,13
2021-08-04,OH,17,203,12
2021-08-03,OH,17,166,13
2021-08-02,OH,16,167,14
2021-08-01,OH,16,205,12
2021-07-31,OH,16,205,12
2021-07-30,OH,17,201,15
2021-07-29,OH,16,201,16
2021-07-28,OH,15,204,13
2021-07-27,OH,17,166,14
2021-07-26,OH,18,166,14
2021-07-25,OH,16,205,12
2021-07-24,OH,15,206,12
2021-07-23,OH,18,201,14
2021-07-22,OH,17,202,14
2021-07-21,OH,18,202,13
2021-07-20,OH,17,165,13
2021-07-19,OH,18,164,14
2021-07-18,OH,20,200,12
2021-07-17,OH,19,201,12
2021-07-16,OH,18,202,12
2021-07-15,OH,18,202,12
2021-07-14,OH,19,200,13
2021-07-13,OH,18,163,14
2021-07-12,OH,19,162,14
2021-07-11,OH,18,200,14
2021-07-10,OH,20,199,13
2021-07-09,OH,17,202,13
2021-07-08,OH,18,200,14
2021-07-07,OH,17,203,12
2021-07-06,OH,16,166,14
2021-07-05,OH,18,167,11
2021-07-04,OH,18,200,14
2021-07-03,OH,18,201,13
2021-07-02,OH,17,201,14
2021-07-01,OH,17,201,14
2021-06-30,OH,17,202,13
2021-06-29,OH,18,163,15
2021-06-28,OH,17,166,13
2021-06-27,OH,19,201,13
2021-06-26,OH,20,199,14
2021-06-25,OH,20,200,13
2021-06-24,OH,21,199,13
2021-06-23,OH,20,201,12
2021-06-22,OH,19,165,13
2021-06-21,OH,19,165,13
2021-06-20,OH,20,200,13
2021-06-19,OH,20,200,13
2021-06-18,OH,18,202,13
2021-06-17,OH,17,203,13
2021-06-16,OH,16,205,12
2021-06-15,OH,16,169,13
2021-06-14,OH,17,167,13
2021-06-13,OH,19,200,13
2021-06-12,OH,18,202,13
2021-06-11,OH,19,201,13
2021-06-10,OH,18,201,13
2021-06-09,OH,17,203,12
2021-06-08,OH,17,169,13
2021-06-07,OH,18,167,13
2021-06-06,OH,17,202,13
2021-06-05,OH,18,201,13
2021-06-04,OH,15,204,13
2021-06-03,OH,16,204,12
2021-06-02,OH,17,203,12
2021-06-01,OH,17,167,12
2021-05-31,OH,17,167,13
2021-05-30,OH,17,201,13
2021-05-29,OH,17,201,13
2021-05-28,OH,17,200,14
2021-05-27,OH,18,200,13
2021-05-26,OH,17,203,11
2021-05-25,OH,17,166,13
2021-05-24,OH,18,166,13
2021-05-23,OH,21,195,13
2021-05-22,OH,19,197,14
2021-05-21,OH,20,197,13
2021-05-20,OH,19,198,13
2021-05-19,OH,18,201,11
2021-05-18,OH,18,166,13
2021-05-17,OH,17,166,13
2021-05-16,OH,17,200,13
2021-05-15,OH,17,200,13
2021-05-14,OH,16,202,13
2021-05-13,OH,14,204,13
2021-05-12,OH,16,203,12
2021-05-11,OH,16,168,13
2021-05-10,OH,17,167,13
2021-05-09,OH,16,202,13
2021-05-08,OH,15,204,13
2021-05-07,OH,16,203,13
2021-05-06,OH,15,204,13
2021-05-05,OH,16,204,12
2021-05-04,OH,16,169,13
2021-05-03,OH,14,171,13
2021-05-02,OH,14,205,13
2021-05-01,OH,14,205,13
2021-04-30,OH,15,203,14
2021-04-29,OH,15,203,14
2021-04-28,OH,14,206,12
2021-04-27,OH,14,171,13
2021-04-26,OH,14,172,12
2021-04-25,OH,16,202,12
2021-04-24,OH,16,202,12
2021-04-23,OH,15,203,12
2021-04-22,OH,17,202,11
2021-04-21,OH,16,204,10
2021-04-20,OH,16,170,12
2021-04-19,OH,16,170,12
2021-04-18,OH,17,202,12
2021-04-17,OH,18,201,12
2021-04-16,OH,17,202,12
2021-04-15,OH,17,202,12
2021-04-14,OH,17,204,10
2021-04-13,OH,16,168,13
2021-04-12,OH,15,173,12
2021-04-11,OH,17,202,12
2021-04-10,OH,17,202,12
2021-04-09,OH,17,202,13
2021-04-08,OH,17,203,12
2021-04-07,OH,17,204,11
2021-04-06,OH,17,173,11
2021-04-05,OH,17,173,11
2021-04-04,OH,17,202,11
2021-04-03,OH,17,202,11
2021-04-02,OH,18,202,11
2021-04-01,OH,15,205,11
2021-03-31,OH,13,207,11
2021-03-30,OH,14,172,11
2021-03-29,OH,14,172,11
2021-03-28,OH,16,204,12
2021-03-27,OH,16,205,11
2021-03-26,OH,16,205,11
2021-03-25,OH,15,205,12
2021-03-24,OH,16,205,11
2021-03-23,OH,15,172,12
2021-03-22,OH,16,171,12
2021-03-21,OH,17,203,11
2021-03-20,OH,18,202,11
2021-03-19,OH,17,203,11
2021-03-18,OH,18,202,11
2021-03-17,OH,20,201,10
2021-03-16,OH,17,170,11
2021-03-15,OH,18,169,11
2021-03-14,OH,18,203,11
2021-03-13,OH,18,203,11
2021-03-12,OH,18,203,11
2021-03-11,OH,18,202,12
2021-03-10,OH,18,205,9
2021-03-09,OH,18,170,11
2021-03-08,OH,18,170,11
2021-03-07,OH,18,203,11
2021-03-06,OH,17,204,11
2021-03-05,OH,28,194,10
2021-03-04,OH,29,192,11
2021-03-03,OH,27,195,10
2021-03-02,OH,28,159,11
2021-03-01,OH,28,159,11
2021-02-28,OH,30,190,11
2021-02-27,OH,31,189,11
2021-02-26,OH,30,190,11
2021-02-25,OH,31,189,11
2021-02-24,OH,31,190,10
2021-02-23,OH,30,158,11
2021-02-22,OH,30,157,12
2021-02-21,OH,29,191,11
2021-02-20,OH,30,190,11
2021-02-19,OH,29,191,11
2021-02-18,OH,31,189,11
2021-02-17,OH,31,190,10
2021-02-16,OH,33,154,11
2021-02-15,OH,33,154,11
2021-02-14,OH,34,187,11
2021-02-13,OH,33,188,11
2021-02-12,OH,33,187,12
2021-02-11,OH,33,188,11
2021-02-10,OH,33,189,10
2021-02-09,OH,32,155,11
2021-02-08,OH,33,154,11
2021-02-07,OH,34,187,11
2021-02-06,OH,34,187,11
2021-02-05,OH,35,186,11
2021-02-04,OH,34,187,11
2021-02-03,OH,25,196,10
2021-02-02,OH,33,153,11
2021-02-01,OH,33,153,11
2021-01-31,OH,35,185,11
2021-01-30,OH,34,186,11
2021-01-29,OH,34,186,11
2021-01-28,OH,38,182,11
2021-01-27,OH,26,195,10
2021-01-26,OH,34,152,11
2021-01-25,OH,36,151,11
2021-01-24,OH,36,184,11
2021-01-23,OH,38,182,11
2021-01-22,OH,43,183,4
2021-01-21,OH,44,182,4
2021-01-20,OH,49,177,4
2021-01-19,OH,50,142,4
2021-01-18,OH,51,141,4
2021-01-17,OH,51,175,4
2021-01-16,OH,51,175,4
2021-01-15,OH,52,174,4
2021-01-14,OH,52,174,4
2021-01-13,OH,52,174,4
2021-01-12,OH,51,142,4
2021-01-11,OH,48,145,4
2021-01-10,OH,51,175,4
2021-01-09,OH,49,176,5
2021-01-08,OH,49,177,4
2021-01-07,OH,49,177,4
2021-01-06,OH,50,176,4
2021-01-05,OH,48,146,4
2021-01-04,OH,49,146,4
2021-01-03,OH,53,173,4
2021-01-02,OH,55,171,4
2021-01-01,OH,51,175,4
2020-12-31,OH,54,172,4
2020-12-30,OH,52,174,4
2020-12-29,OH,53,142,4
2020-12-28,OH,54,142,4
2020-12-27,OH,57,167,4
2020-12-26,OH,58,167,4
2020-12-25,OH,59,166,4
2020-12-24,OH,62,162,5
2020-12-23,OH,62,162,4
2020-12-22,OH,59,138,4
2020-12-21,OH,59,136,4
2020-12-20,OH,62,162,4
2020-12-19,OH,63,161,4
2020-12-18,OH,64,160,4
2020-12-17,OH,63,161,4
2020-12-16,OH,64,160,4
2020-12-15,OH,61,133,4
2020-12-14,OH,62,134,4
2020-12-13,OH,64,159,4
2020-12-12,OH,67,158,4
2020-12-11,OH,67,158,4
2020-12-10,OH,67,158,4
2020-12-09,OH,68,157,4
2020-12-08,OH,64,138,4
2020-12-07,OH,63,139,4
2020-12-06,OH,68,157,4
2020-12-05,OH,55,170,4
2020-12-04,OH,57,168,4
2020-12-03,OH,56,168,4
2020-12-02,OH,56,167,5
2020-12-01,OH,44,149,12
2020-11-30,OH,49,149,7
2020-11-29,OH,51,166,7
2020-11-28,OH,52,167,5
2020-11-27,OH,49,169,6
2020-11-26,OH,49,170,5
2020-11-25,OH,48,171,5
2020-11-24,OH,46,149,5
2020-11-23,OH,42,151,6
2020-11-22,OH,46,169,5
2020-11-21,OH,47,171,4
2020-11-20,OH,45,172,5
2020-11-19,OH,40,176,6
2020-11-18,OH,38,177,7
2020-11-17,OH,38,156,8
2020-11-16,OH,40,160,4
2020-11-15,OH,39,175,5
2020-11-14,OH,39,176,6
2020-11-13,OH,39,177,5
2020-11-12,OH,34,183,4
2020-11-11,OH,32,180,5
2020-11-10,OH,33,165,4
2020-11-09,OH,30,165,6
2020-11-08,OH,30,185,6
2020-11-07,OH,34,184,5
2020-11-06,OH,34,182,7
2020-11-05,OH,36,179,7
2020-11-04,OH,35,178,6
2020-11-03,OH,30,165,7
2020-11-02,OH,32,162,7
2020-11-01,OH,27,180,10
2020-10-31,OH,27,181,11
2020-10-30,OH,27,182,10
2020-10-29,OH,29,179,10
2020-10-28,OH,28,180,10
2020-10-27,OH,29,166,8
2020-10-26,OH,26,170,7
2020-10-25,OH,28,177,10
2020-10-24,OH,28,179,10
2020-10-23,OH,20,188,11
2020-10-22,OH,26,182,11
2020-10-21,OH,28,177,11
2020-10-20,OH,19,183,8
2020-10-19,OH,20,178,11
2020-10-18,OH,21,184,10
2020-10-17,OH,22,183,10
2020-10-16,OH,21,186,9
2020-10-15,OH,22,182,10
2020-10-14,OH,20,182,10
2020-10-13,OH,19,176,7
2020-10-12,OH,19,180,7
2020-10-11,OH,17,185,5
2020-10-10,OH,19,181,8
2020-10-09,OH,20,178,11
2020-10-08,OH,21,175,14
2020-10-07,OH,17,172,20
2020-10-06,OH,15,167,27
2020-10-05,OH,13,163,33
2020-10-04,OH,8,90,111
2020-10-03,OH,8,90,111
2020-10-02,OH,12,104,93
2020-10-01,OH,12,107,90
2020-09-30,OH,12,103,94
2020-09-29,OH,13,106,90
2020-09-28,OH,12,106,89
2020-09-27,OH,12,85,108
2020-09-26,OH,12,83,110
2020-09-25,OH,14,102,91
2020-09-24,OH,13,102,92
2020-09-23,OH,13,99,95
2020-09-22,OH,13,102,93
2020-09-21,OH,13,105,91
2020-09-20,OH,12,88,108
2020-09-19,OH,12,87,109
2020-09-18,OH,12,104,93
2020-09-17,OH,12,92,105
2020-09-16,OH,12,104,92
2020-09-15,OH,13,91,105
2020-09-14,OH,14,96,97
2020-09-13,OH,14,77,116
2020-09-12,OH,13,80,116
2020-09-11,OH,14,99,96
2020-09-10,OH,12,99,98
2020-09-09,OH,13,100,95
2020-09-08,OH,13,98,96
2020-09-07,OH,13,88,105
2020-09-06,OH,13,88,107
2020-09-05,OH,14,84,110
2020-09-04,OH,16,91,101
2020-09-03,OH,12,84,112
2020-09-02,OH,10,85,111
2020-09-01,OH,12,82,111
2020-08-31,OH,11,83,112
2020-08-30,OH,9,82,117
2020-08-29,OH,9,80,119
2020-08-28,OH,9,84,115
2020-08-27,OH,13,82,113
2020-08-26,OH,11,77,117
2020-08-25,OH,11,74,119
2020-08-24,OH,11,79,115
2020-08-23,OH,10,74,119
2020-08-22,OH,10,75,118
2020-08-21,OH,12,82,113
2020-08-20,OH,11,81,115
2020-08-19,OH,11,84,112
2020-08-18,OH,10,82,114
2020-08-17,OH,10,81,111
2020-08-16,OH,11,75,113
2020-08-15,OH,11,73,115
2020-08-14,OH,12,81,109
2020-08-13,OH,13,77,112
2020-08-12,OH,12,81,109
2020-08-11,OH,11,81,110
2020-08-10,OH,8,86,109
2020-08-09,OH,9,79,115
2020-08-08,OH,8,80,116
2020-08-07,OH,8,86,110
2020-08-06,OH,8,85,111
2020-08-05,OH,10,77,111
2020-08-04,OH,10,80,108
2020-08-03,OH,10,77,109
2020-08-02,OH,10,76,108
2020-08-01,OH,11,80,107
2023-04-10,OK,16,76,14
2023-04-09,OK,21,80,18
2023-04-08,OK,21,80,18
2023-04-07,OK,22,90,10
2023-04-06,OK,22,91,12
2023-04-05,OK,21,92,12
2023-04-04,OK,17,91,18
2023-04-03,OK,17,94,17
2023-04-02,OK,16,86,26
2023-04-01,OK,16,87,25
2023-03-31,OK,19,93,16
2023-03-30,OK,17,95,16
2023-03-29,OK,22,94,11
2023-03-28,OK,17,93,16
2023-03-27,OK,18,92,16
2023-03-26,OK,16,87,25
2023-03-25,OK,16,88,25
2023-03-24,OK,16,97,16
2023-03-23,OK,16,97,17
2023-03-22,OK,21,97,12
2023-03-21,OK,17,93,17
2023-03-20,OK,16,96,17
2023-03-19,OK,16,85,29
2023-03-18,OK,16,86,28
2023-03-17,OK,16,96,18
2023-03-16,OK,16,95,18
2023-03-15,OK,21,96,12
2023-03-14,OK,18,92,17
2023-03-13,OK,17,92,17
2023-03-12,OK,17,82,29
2023-03-11,OK,17,81,30
2023-03-10,OK,17,94,17
2023-03-09,OK,17,94,17
2023-03-08,OK,23,96,11
2023-03-07,OK,16,94,19
2023-03-06,OK,16,95,18
2023-03-05,OK,16,83,31
2023-03-04,OK,17,83,30
2023-03-03,OK,16,93,21
2023-03-02,OK,20,92,18
2023-03-01,OK,23,96,11
2023-02-28,OK,20,95,14
2023-02-27,OK,21,93,15
2023-02-26,OK,17,84,31
2023-02-25,OK,17,82,33
2023-02-24,OK,17,97,18
2023-02-23,OK,18,95,19
2023-02-22,OK,23,98,11
2023-02-21,OK,17,85,27
2023-02-20,OK,18,92,19
2023-02-19,OK,16,85,31
2023-02-18,OK,17,85,30
2023-02-17,OK,17,97,18
2023-02-16,OK,18,97,17
2023-02-15,OK,23,96,13
2023-02-14,OK,18,94,17
2023-02-13,OK,18,93,18
2023-02-12,OK,18,84,30
2023-02-11,OK,18,84,30
2023-02-10,OK,19,95,18
2023-02-09,OK,21,94,17
2023-02-08,OK,24,97,11
2023-02-07,OK,19,93,17
2023-02-06,OK,18,94,18
2023-02-05,OK,19,83,30
2023-02-04,OK,17,85,30
2023-02-03,OK,19,96,17
2023-02-02,OK,18,96,18
2023-02-01,OK,23,96,12
2023-01-31,OK,18,92,18
2023-01-30,OK,17,93,18
2023-01-29,OK,17,85,29
2023-01-28,OK,17,84,30
2023-01-27,OK,19,94,18
2023-01-26,OK,19,93,18
2023-01-25,OK,26,93,11
2023-01-24,OK,21,90,18
2023-01-23,OK,20,93,17
2023-01-22,OK,18,83,31
2023-01-21,OK,19,83,29
2023-01-20,OK,21,94,17
2023-01-19,OK,20,94,17
2023-01-18,OK,24,94,12
2023-01-17,OK,18,89,21
2023-01-16,OK,21,89,18
2023-01-15,OK,18,83,28
2023-01-14,OK,18,82,29
2023-01-13,OK,21,91,18
2023-01-12,OK,21,92,17
2023-01-11,OK,27,89,14
2023-01-10,OK,20,89,19
2023-01-09,OK,22,89,17
2023-01-08,OK,20,77,32
2023-01-07,OK,19,75,35
2023-01-06,OK,19,87,23
2023-01-05,OK,19,91,19
2023-01-04,OK,25,89,16
2023-01-03,OK,21,89,19
2023-01-02,OK,16,79,34
2023-01-01,OK,16,79,35
2022-12-31,OK,16,82,32
2022-12-30,OK,20,92,18
2022-12-29,OK,21,89,20
2022-12-28,OK,25,92,13
2022-12-27,OK,21,88,20
2022-12-26,OK,19,78,32
2022-12-25,OK,18,78,35
2022-12-24,OK,18,78,35
2022-12-23,OK,21,87,23
2022-12-22,OK,20,90,21
2022-12-21,OK,26,92,13
2022-12-20,OK,22,89,18
2022-12-19,OK,20,91,19
2022-12-18,OK,18,89,34
2022-12-17,OK,17,89,35
2022-12-16,OK,22,99,20
2022-12-15,OK,29,94,18
2022-12-14,OK,27,99,10
2022-12-13,OK,23,95,15
2022-12-12,OK,20,98,15
2022-12-11,OK,19,95,24
2022-12-10,OK,19,95,24
2022-12-09,OK,18,105,15
2022-12-08,OK,22,102,14
2022-12-07,OK,24,104,10
2022-12-06,OK,19,99,15
2022-12-05,OK,21,97,15
2022-12-04,OK,16,98,24
2022-12-03,OK,16,98,24
2022-12-02,OK,20,104,15
2022-12-01,OK,18,106,15
2022-11-30,OK,24,105,10
2022-11-29,OK,19,101,14
2022-11-28,OK,21,97,14
2022-11-27,OK,18,92,24
2022-11-26,OK,17,97,24
2022-11-25,OK,16,98,24
2022-11-24,OK,19,98,21
2022-11-23,OK,24,104,10
2022-11-22,OK,21,101,15
2022-11-21,OK,22,98,15
2022-11-20,OK,17,98,24
2022-11-19,OK,18,97,24
2022-11-18,OK,23,102,14
2022-11-17,OK,22,101,15
2022-11-16,OK,27,101,10
2022-11-15,OK,20,99,15
2022-11-14,OK,20,100,15
2022-11-13,OK,18,97,24
2022-11-12,OK,18,97,24
2022-11-11,OK,19,105,15
2022-11-10,OK,18,105,15
2022-11-09,OK,25,102,9
2022-11-08,OK,18,109,16
2022-11-07,OK,20,107,16
2022-11-06,OK,21,105,20
2022-11-05,OK,21,105,20
2022-11-04,OK,25,110,11
2022-11-03,OK,24,108,10
2022-11-02,OK,28,109,5
2022-11-01,OK,26,99,10
2022-10-31,OK,23,103,10
2022-10-30,OK,20,106,19
2022-10-29,OK,20,106,19
2022-10-28,OK,25,110,10
2022-10-27,OK,28,108,9
2022-10-26,OK,33,107,5
2022-10-25,OK,23,101,10
2022-10-24,OK,26,101,11
2022-10-23,OK,23,98,20
2022-10-22,OK,22,99,20
2022-10-21,OK,25,105,11
2022-10-20,OK,26,104,11
2022-10-19,OK,31,103,6
2022-10-18,OK,31,99,5
2022-10-17,OK,26,100,10
2022-10-16,OK,23,99,22
2022-10-15,OK,23,99,22
2022-10-14,OK,26,105,14
2022-10-13,OK,27,104,14
2022-10-12,OK,30,103,10
2022-10-11,OK,25,100,10
2022-10-10,OK,26,98,12
2022-10-09,OK,22,99,22
2022-10-08,OK,22,100,22
2022-10-07,OK,26,105,13
2022-10-06,OK,26,105,13
2022-10-05,OK,31,105,7
2022-10-04,OK,26,99,10
2022-10-03,OK,26,100,9
2022-10-02,OK,22,96,20
2022-10-01,OK,22,96,20
2022-09-30,OK,26,101,11
2022-09-29,OK,27,100,11
2022-09-28,OK,30,102,6
2022-09-27,OK,27,98,10
2022-09-26,OK,32,98,5
2022-09-25,OK,23,95,20
2022-09-24,OK,24,94,20
2022-09-23,OK,26,101,11
2022-09-22,OK,26,100,11
2022-09-21,OK,30,101,6
2022-09-20,OK,24,100,10
2022-09-19,OK,25,99,10
2022-09-18,OK,22,95,20
2022-09-17,OK,23,94,20
2022-09-16,OK,26,101,10
2022-09-15,OK,26,101,10
2022-09-14,OK,32,99,6
2022-09-13,OK,26,98,10
2022-09-12,OK,25,99,10
2022-09-11,OK,24,94,19
2022-09-10,OK,24,94,19
2022-09-09,OK,26,103,9
2022-09-08,OK,25,102,11
2022-09-07,OK,31,101,6
2022-09-06,OK,26,99,10
2022-09-05,OK,20,96,19
2022-09-04,OK,21,97,20
2022-09-03,OK,21,97,21
2022-09-02,OK,26,100,12
2022-09-01,OK,27,100,12
2022-08-31,OK,32,100,7
2022-08-30,OK,26,99,11
2022-08-29,OK,27,98,10
2022-08-28,OK,22,96,20
2022-08-27,OK,23,96,20
2022-08-26,OK,27,101,11
2022-08-25,OK,27,102,10
2022-08-24,OK,33,100,6
2022-08-23,OK,25,103,10
2022-08-22,OK,26,103,10
2022-08-21,OK,23,106,19
2022-08-20,OK,23,107,19
2022-08-19,OK,27,112,10
2022-08-18,OK,28,109,10
2022-08-17,OK,32,109,5
2022-08-16,OK,25,101,10
2022-08-15,OK,24,101,10
2022-08-14,OK,23,107,20
2022-08-13,OK,23,108,19
2022-08-12,OK,28,112,10
2022-08-11,OK,30,110,10
2022-08-10,OK,34,111,5
2022-08-09,OK,25,100,10
2022-08-08,OK,26,98,11
2022-08-07,OK,24,107,20
2022-08-06,OK,23,109,19
2022-08-05,OK,27,115,9
2022-08-04,OK,26,115,10
2022-08-03,OK,32,114,5
2022-08-02,OK,26,100,10
2022-08-01,OK,27,100,9
2022-07-31,OK,23,108,19
2022-07-30,OK,23,108,19
2022-07-29,OK,25,117,8
2022-07-28,OK,26,115,9
2022-07-27,OK,32,114,4
2022-07-26,OK,26,101,9
2022-07-25,OK,26,101,10
2022-07-24,OK,22,110,19
2022-07-23,OK,23,109,19
2022-07-22,OK,28,114,10
2022-07-21,OK,26,116,10
2022-07-20,OK,33,113,5
2022-07-19,OK,26,101,10
2022-07-18,OK,29,98,10
2022-07-17,OK,25,106,19
2022-07-16,OK,24,107,19
2022-07-15,OK,27,113,10
2022-07-14,OK,28,112,10
2022-07-13,OK,34,111,5
2022-07-12,OK,27,99,10
2022-07-11,OK,27,99,10
2022-07-10,OK,26,106,20
2022-07-09,OK,26,107,19
2022-07-08,OK,28,114,10
2022-07-07,OK,24,118,10
2022-07-06,OK,31,116,5
2022-07-05,OK,23,95,19
2022-07-04,OK,24,98,18
2022-07-03,OK,25,108,18
2022-07-02,OK,26,107,18
2022-07-01,OK,27,114,10
2022-06-30,OK,30,112,9
2022-06-29,OK,33,113,4
2022-06-28,OK,29,98,9
2022-06-27,OK,28,99,9
2022-06-26,OK,26,106,18
2022-06-25,OK,27,105,18
2022-06-24,OK,29,112,9
2022-06-23,OK,30,111,9
2022-06-22,OK,34,112,4
2022-06-21,OK,31,96,9
2022-06-20,OK,27,102,9
2022-06-19,OK,24,110,18
2022-06-18,OK,23,111,18
2022-06-17,OK,30,114,8
2022-06-16,OK,27,117,8
2022-06-15,OK,31,118,3
2022-06-14,OK,27,104,8
2022-06-13,OK,26,102,8
2022-06-12,OK,23,110,18
2022-06-11,OK,23,110,18
2022-06-10,OK,24,118,9
2022-06-09,OK,27,115,9
2022-06-08,OK,33,114,4
2022-06-07,OK,27,103,8
2022-06-06,OK,27,100,9
2022-06-05,OK,22,103,18
2022-06-04,OK,22,104,18
2022-06-03,OK,23,112,9
2022-06-02,OK,29,106,9
2022-06-01,OK,32,105,6
2022-05-31,OK,29,91,11
2022-05-30,OK,22,88,20
2022-05-29,OK,24,98,20
2022-05-28,OK,24,98,20
2022-05-27,OK,26,103,11
2022-05-26,OK,28,101,11
2022-05-25,OK,33,100,6
2022-05-24,OK,27,88,11
2022-05-23,OK,26,92,11
2022-05-22,OK,21,100,21
2022-05-21,OK,20,100,22
2022-05-20,OK,28,102,12
2022-05-19,OK,28,103,11
2022-05-18,OK,33,103,6
2022-05-17,OK,29,90,11
2022-05-16,OK,27,91,11
2022-05-15,OK,22,99,20
2022-05-14,OK,21,99,21
2022-05-13,OK,28,102,11
2022-05-12,OK,27,103,11
2022-05-11,OK,33,102,6
2022-05-10,OK,30,86,11
2022-05-09,OK,28,89,11
2022-05-08,OK,22,98,20
2022-05-07,OK,22,99,20
2022-05-06,OK,30,105,12
2022-05-05,OK,29,107,11
2022-05-04,OK,33,109,5
2022-05-03,OK,30,92,12
2022-05-02,OK,29,97,9
2022-05-01,OK,24,102,18
2022-04-30,OK,24,103,18
2022-04-29,OK,27,109,9
2022-04-28,OK,29,107,9
2022-04-27,OK,34,106,4
2022-04-26,OK,35,95,5
2022-04-25,OK,28,99,9
2022-04-24,OK,25,104,19
2022-04-23,OK,25,104,19
2022-04-22,OK,31,106,11
2022-04-21,OK,31,106,10
2022-04-20,OK,34,109,3
2022-04-19,OK,29,95,9
2022-04-18,OK,30,95,8
2022-04-17,OK,25,101,20
2022-04-16,OK,25,102,19
2022-04-15,OK,30,106,10
2022-04-14,OK,30,108,8
2022-04-13,OK,34,107,4
2022-04-12,OK,30,93,9
2022-04-11,OK,30,95,9
2022-04-10,OK,25,104,18
2022-04-09,OK,26,104,18
2022-04-08,OK,30,111,10
2022-04-07,OK,30,112,9
2022-04-06,OK,37,108,4
2022-04-05,OK,31,96,9
2022-04-04,OK,33,97,8
2022-04-03,OK,28,104,18
2022-04-02,OK,28,104,18
2022-04-01,OK,32,110,8
2022-03-31,OK,34,107,9
2022-03-30,OK,39,105,4
2022-03-29,OK,34,93,9
2022-03-28,OK,33,94,9
2022-03-27,OK,27,107,18
2022-03-26,OK,27,107,18
2022-03-25,OK,33,110,9
2022-03-24,OK,33,110,8
2022-03-23,OK,39,109,3
2022-03-22,OK,36,93,7
2022-03-21,OK,35,94,8
2022-03-20,OK,30,105,17
2022-03-19,OK,29,106,17
2022-03-18,OK,34,115,3
2022-03-17,OK,34,111,7
2022-03-16,OK,42,107,3
2022-03-15,OK,42,91,3
2022-03-14,OK,35,94,7
2022-03-13,OK,30,100,19
2022-03-12,OK,30,100,18
2022-03-11,OK,35,104,9
2022-03-10,OK,32,108,8
2022-03-09,OK,40,104,3
2022-03-08,OK,36,90,8
2022-03-07,OK,40,87,8
2022-03-06,OK,31,101,17
2022-03-05,OK,31,100,18
2022-03-04,OK,37,104,8
2022-03-03,OK,41,101,7
2022-03-02,OK,45,101,3
2022-03-01,OK,39,88,9
2022-02-28,OK,40,89,8
2022-02-27,OK,30,101,18
2022-02-26,OK,31,100,18
2022-02-25,OK,44,100,6
2022-02-24,OK,44,99,7
2022-02-23,OK,48,99,3
2022-02-22,OK,45,84,7
2022-02-21,OK,46,87,6
2022-02-20,OK,33,99,19
2022-02-19,OK,32,100,19
2022-02-18,OK,44,99,8
2022-02-17,OK,43,100,8
2022-02-16,OK,50,97,4
2022-02-15,OK,44,85,8
2022-02-14,OK,45,86,7
2022-02-13,OK,37,98,15
2022-02-12,OK,33,98,19
2022-02-11,OK,46,96,8
2022-02-10,OK,49,93,7
2022-02-09,OK,51,94,3
2022-02-08,OK,48,80,8
2022-02-07,OK,48,79,8
2022-02-06,OK,37,95,19
2022-02-05,OK,37,96,18
2022-02-04,OK,50,92,9
2022-02-03,OK,52,91,8
2022-02-02,OK,58,90,3
2022-02-01,OK,47,87,8
2022-01-31,OK,47,82,7
2022-01-30,OK,34,100,17
2022-01-29,OK,33,100,18
2022-01-28,OK,47,97,7
2022-01-27,OK,51,93,7
2022-01-26,OK,59,90,2
2022-01-25,OK,53,74,9
2022-01-24,OK,52,76,9
2022-01-23,OK,42,90,18
2022-01-22,OK,42,91,18
2022-01-21,OK,53,91,7
2022-01-20,OK,52,92,8
2022-01-19,OK,58,91,3
2022-01-18,OK,50,80,10
2022-01-17,OK,49,80,9
2022-01-16,OK,40,92,18
2022-01-15,OK,40,93,18
2022-01-14,OK,54,88,9
2022-01-13,OK,49,93,9
2022-01-12,OK,53,95,3
2022-01-11,OK,49,82,7
2022-01-10,OK,52,83,2
2022-01-09,OK,43,95,12
2022-01-08,OK,41,98,12
2022-01-07,OK,50,99,2
2022-01-06,OK,48,100,3
2022-01-05,OK,48,100,3
2022-01-04,OK,50,86,2
2022-01-03,OK,47,87,4
2022-01-02,OK,40,97,12
2022-01-01,OK,39,98,12
2021-12-31,OK,45,101,3
2021-12-30,OK,46,100,3
2021-12-29,OK,44,102,3
2021-12-28,OK,42,94,2
2021-12-27,OK,43,93,3
2021-12-26,OK,37,102,12
2021-12-25,OK,35,104,12
2021-12-24,OK,42,106,3
2021-12-23,OK,44,103,3
2021-12-22,OK,46,102,2
2021-12-21,OK,42,92,2
2021-12-20,OK,40,93,2
2021-12-19,OK,36,101,13
2021-12-18,OK,36,102,12
2021-12-17,OK,44,104,2
2021-12-16,OK,43,105,2
2021-12-15,OK,44,104,2
2021-12-14,OK,43,92,2
2021-12-13,OK,44,93,2
2021-12-12,OK,37,102,12
2021-12-11,OK,39,100,12
2021-12-10,OK,46,103,2
2021-12-09,OK,46,103,2
2021-12-08,OK,44,103,3
2021-12-07,OK,44,91,2
2021-12-06,OK,45,92,2
2021-12-05,OK,34,105,12
2021-12-04,OK,34,105,12
2021-12-03,OK,44,103,4
2021-12-02,OK,44,104,3
2021-12-01,OK,44,104,3
2021-11-30,OK,45,92,2
2021-11-29,OK,42,94,3
2021-11-28,OK,37,100,13
2021-11-27,OK,35,101,14
2021-11-26,OK,37,105,8
2021-11-25,OK,40,105,5
2021-11-24,OK,42,105,3
2021-11-23,OK,43,93,2
2021-11-22,OK,42,94,2
2021-11-21,OK,36,101,14
2021-11-20,OK,37,102,12
2021-11-19,OK,44,104,3
2021-11-18,OK,44,104,3
2021-11-17,OK,44,103,4
2021-11-16,OK,44,92,2
2021-11-15,OK,44,92,2
2021-11-14,OK,35,104,12
2021-11-13,OK,37,99,15
2021-11-12,OK,43,103,5
2021-11-11,OK,45,103,2
2021-11-10,OK,44,104,2
2021-11-09,OK,43,93,2
2021-11-08,OK,44,93,2
2021-11-07,OK,38,101,12
2021-11-06,OK,37,102,12
2021-11-05,OK,43,103,5
2021-11-04,OK,42,107,2
2021-11-03,OK,43,105,3
2021-11-02,OK,42,93,2
2021-11-01,OK,41,92,4
2021-10-31,OK,39,99,13
2021-10-30,OK,37,101,13
2021-10-29,OK,45,102,4
2021-10-28,OK,42,106,3
2021-10-27,OK,45,104,2
2021-10-26,OK,46,90,3
2021-10-25,OK,46,90,3
2021-10-24,OK,41,98,12
2021-10-23,OK,41,97,13
2021-10-22,OK,43,104,4
2021-10-21,OK,46,103,2
2021-10-20,OK,48,101,2
2021-10-19,OK,47,89,2
2021-10-18,OK,45,90,3
2021-10-17,OK,43,105,4
2021-10-16,OK,40,100,12
2021-10-15,OK,44,104,4
2021-10-14,OK,49,100,3
2021-10-13,OK,51,99,2
2021-10-12,OK,50,86,2
2021-10-11,OK,48,88,2
2021-10-10,OK,41,98,12
2021-10-09,OK,39,100,12
2021-10-08,OK,48,100,3
2021-10-07,OK,48,101,2
2021-10-06,OK,49,100,2
2021-10-05,OK,49,87,2
2021-10-04,OK,50,87,2
2021-10-03,OK,41,98,12
2021-10-02,OK,40,96,14
2021-10-01,OK,52,95,3
2021-09-30,OK,54,95,2
2021-09-29,OK,53,96,2
2021-09-28,OK,53,84,2
2021-09-27,OK,52,83,3
2021-09-26,OK,44,92,14
2021-09-25,OK,44,91,15
2021-09-24,OK,52,92,6
2021-09-23,OK,49,98,3
2021-09-22,OK,50,98,2
2021-09-21,OK,51,83,3
2021-09-20,OK,50,85,2
2021-09-19,OK,41,94,15
2021-09-18,OK,40,96,14
2021-09-17,OK,50,98,2
2021-09-16,OK,48,100,2
2021-09-15,OK,48,99,3
2021-09-14,OK,50,85,2
2021-09-13,OK,49,86,2
2021-09-12,OK,41,94,12
2021-09-11,OK,43,97,7
2021-09-10,OK,48,94,5
2021-09-09,OK,51,94,2
2021-09-08,OK,53,92,2
2021-09-07,OK,46,87,2
2021-09-06,OK,38,84,12
2021-09-05,OK,41,94,12
2021-09-04,OK,40,97,12
2021-09-03,OK,49,97,3
2021-09-02,OK,53,94,2
2021-09-01,OK,55,92,2
2021-08-31,OK,52,83,2
2021-08-30,OK,52,81,3
2021-08-29,OK,41,95,12
2021-08-28,OK,43,93,12
2021-08-27,OK,51,95,2
2021-08-26,OK,56,90,2
2021-08-25,OK,55,91,2
2021-08-24,OK,52,82,2
2021-08-23,OK,49,86,2
2021-08-22,OK,43,93,12
2021-08-21,OK,42,94,12
2021-08-20,OK,51,95,2
2021-08-19,OK,48,98,2
2021-08-18,OK,48,97,2
2021-08-17,OK,47,86,3
2021-08-16,OK,48,87,2
2021-08-15,OK,42,95,12
2021-08-14,OK,41,94,14
2021-08-13,OK,46,100,3
2021-08-12,OK,44,102,3
2021-08-11,OK,50,96,3
2021-08-10,OK,47,85,3
2021-08-09,OK,47,86,3
2021-08-08,OK,37,98,15
2021-08-07,OK,35,101,14
2021-08-06,OK,42,102,6
2021-08-05,OK,46,102,2
2021-08-04,OK,39,98,11
2021-08-03,OK,37,88,11
2021-08-02,OK,34,90,11
2021-08-01,OK,35,103,12
2021-07-31,OK,35,101,14
2021-07-30,OK,37,100,13
2021-07-29,OK,37,102,11
2021-07-28,OK,35,104,11
2021-07-27,OK,32,94,11
2021-07-26,OK,33,94,11
2021-07-25,OK,33,104,12
2021-07-24,OK,33,105,12
2021-07-23,OK,35,103,12
2021-07-22,OK,35,104,11
2021-07-21,OK,34,114,2
2021-07-20,OK,32,93,11
2021-07-19,OK,33,91,11
2021-07-18,OK,30,107,12
2021-07-17,OK,29,107,13
2021-07-16,OK,31,104,14
2021-07-15,OK,32,106,11
2021-07-14,OK,34,113,2
2021-07-13,OK,32,90,13
2021-07-12,OK,31,92,12
2021-07-11,OK,31,106,12
2021-07-10,OK,30,108,12
2021-07-09,OK,30,107,13
2021-07-08,OK,29,108,13
2021-07-07,OK,31,110,9
2021-07-06,OK,32,92,11
2021-07-05,OK,32,90,12
2021-07-04,OK,32,105,12
2021-07-03,OK,30,107,12
2021-07-02,OK,33,106,11
2021-07-01,OK,32,106,12
2021-06-30,OK,29,110,11
2021-06-29,OK,32,91,12
2021-06-28,OK,30,95,11
2021-06-27,OK,30,105,14
2021-06-26,OK,28,105,16
2021-06-25,OK,31,104,14
2021-06-24,OK,31,107,11
2021-06-23,OK,31,109,9
2021-06-22,OK,31,91,12
2021-06-21,OK,30,95,11
2021-06-20,OK,32,106,12
2021-06-19,OK,31,107,12
2021-06-18,OK,32,106,12
2021-06-17,OK,30,107,13
2021-06-16,OK,34,106,10
2021-06-15,OK,32,92,11
2021-06-14,OK,30,95,11
2021-06-13,OK,30,108,12
2021-06-12,OK,31,106,13
2021-06-11,OK,32,106,12
2021-06-10,OK,31,109,10
2021-06-09,OK,32,106,11
2021-06-08,OK,32,91,12
2021-06-07,OK,30,93,12
2021-06-06,OK,31,106,12
2021-06-05,OK,30,106,13
2021-06-04,OK,33,105,11
2021-06-03,OK,32,105,12
2021-06-02,OK,33,105,11
2021-06-01,OK,32,92,11
2021-05-31,OK,32,91,12
2021-05-30,OK,31,105,12
2021-05-29,OK,31,105,12
2021-05-28,OK,31,106,11
2021-05-27,OK,32,105,11
2021-05-26,OK,33,104,11
2021-05-25,OK,33,92,11
2021-05-24,OK,32,94,11
2021-05-23,OK,31,106,12
2021-05-22,OK,31,106,12
2021-05-21,OK,33,105,11
2021-05-20,OK,28,108,13
2021-05-19,OK,32,107,10
2021-05-18,OK,30,96,11
2021-05-17,OK,30,96,11
2021-05-16,OK,31,107,12
2021-05-15,OK,33,105,12
2021-05-14,OK,32,107,11
2021-05-13,OK,33,106,11
2021-05-12,OK,33,115,2
2021-05-11,OK,31,96,11
2021-05-10,OK,31,96,11
2021-05-09,OK,29,109,12
2021-05-08,OK,29,109,12
2021-05-07,OK,31,108,11
2021-05-06,OK,31,108,11
2021-05-05,OK,31,108,11
2021-05-04,OK,30,97,11
2021-05-03,OK,29,97,12
2021-05-02,OK,30,108,12
2021-05-01,OK,30,108,12
2021-04-30,OK,29,109,12
2021-04-29,OK,30,108,12
2021-04-28,OK,29,113,8
2021-04-27,OK,28,99,12
2021-04-26,OK,31,97,11
2021-04-25,OK,29,109,12
2021-04-24,OK,28,110,12
2021-04-23,OK,31,107,12
2021-04-22,OK,34,105,11
2021-04-21,OK,33,113,3
2021-04-20,OK,32,98,11
2021-04-19,OK,33,97,11
2021-04-18,OK,31,108,12
2021-04-17,OK,30,110,12
2021-04-16,OK,30,110,12
2021-04-15,OK,30,111,11
2021-04-14,OK,32,116,4
2021-04-13,OK,33,99,11
2021-04-12,OK,32,100,11
2021-04-11,OK,32,107,11
2021-04-10,OK,30,108,12
2021-04-09,OK,31,107,12
2021-04-08,OK,30,109,11
2021-04-07,OK,31,116,3
2021-04-06,OK,29,100,12
2021-04-05,OK,31,98,11
2021-04-04,OK,32,106,12
2021-04-03,OK,33,105,12
2021-04-02,OK,35,104,11
2021-04-01,OK,34,105,11
2021-03-31,OK,36,107,7
2021-03-30,OK,32,95,12
2021-03-29,OK,35,94,11
2021-03-28,OK,34,106,11
2021-03-27,OK,33,106,12
2021-03-26,OK,34,106,11
2021-03-25,OK,34,106,11
2021-03-24,OK,33,107,10
2021-03-23,OK,33,95,11
2021-03-22,OK,34,94,12
2021-03-21,OK,33,105,12
2021-03-20,OK,33,105,12
2021-03-19,OK,33,106,11
2021-03-18,OK,34,105,11
2021-03-17,OK,34,114,2
2021-03-16,OK,33,96,11
2021-03-15,OK,32,97,11
2021-03-14,OK,32,106,12
2021-03-13,OK,32,107,11
2021-03-12,OK,36,103,11
2021-03-11,OK,37,102,11
2021-03-10,OK,37,103,10
2021-03-09,OK,36,93,11
2021-03-08,OK,35,96,11
2021-03-07,OK,35,105,12
2021-03-06,OK,34,106,12
2021-03-05,OK,36,105,11
2021-03-04,OK,36,105,11
2021-03-03,OK,36,106,10
2021-03-02,OK,39,92,11
2021-03-01,OK,37,94,11
2021-02-28,OK,35,106,11
2021-02-27,OK,35,106,11
2021-02-26,OK,36,105,11
2021-02-25,OK,39,102,11
2021-02-24,OK,36,106,10
2021-02-23,OK,36,97,12
2021-02-22,OK,38,95,11
2021-02-21,OK,37,102,12
2021-02-20,OK,39,101,12
2021-02-19,OK,43,98,11
2021-02-18,OK,39,102,11
2021-02-17,OK,42,100,10
2021-02-16,OK,42,92,11
2021-02-15,OK,41,91,11
2021-02-14,OK,40,100,11
2021-02-13,OK,44,96,11
2021-02-12,OK,46,94,11
2021-02-11,OK,45,95,11
2021-02-10,OK,43,106,2
2021-02-09,OK,40,92,11
2021-02-08,OK,40,93,11
2021-02-07,OK,37,101,12
2021-02-06,OK,40,98,12
2021-02-05,OK,45,94,11
2021-02-04,OK,45,94,11
2021-02-03,OK,47,93,10
2021-02-02,OK,43,89,11
2021-02-01,OK,45,87,11
2021-01-31,OK,45,95,11
2021-01-30,OK,45,94,12
2021-01-29,OK,47,93,11
2021-01-28,OK,48,92,11
2021-01-27,OK,47,94,10
2021-01-26,OK,47,84,11
2021-01-25,OK,48,83,11
2021-01-24,OK,42,96,12
2021-01-23,OK,44,95,12
2021-01-22,OK,46,94,11
2021-01-21,OK,49,91,11
2021-01-20,OK,50,91,10
2021-01-19,OK,53,84,11
2021-01-18,OK,52,80,11
2021-01-17,OK,48,92,11
2021-01-16,OK,46,92,12
2021-01-15,OK,52,87,11
2021-01-14,OK,49,90,12
2021-01-13,OK,51,89,11
2021-01-12,OK,50,82,11
2021-01-11,OK,50,83,11
2021-01-10,OK,51,89,11
2021-01-09,OK,51,89,11
2021-01-08,OK,49,91,11
2021-01-07,OK,51,89,11
2021-01-06,OK,48,93,10
2021-01-05,OK,48,85,11
2021-01-04,OK,46,86,11
2021-01-03,OK,47,92,11
2021-01-02,OK,48,93,11
2021-01-01,OK,51,90,11
2020-12-31,OK,49,92,11
2020-12-30,OK,49,92,11
2020-12-29,OK,53,81,11
2020-12-28,OK,57,75,11
2020-12-27,OK,55,84,12
2020-12-26,OK,55,84,12
2020-12-25,OK,51,87,13
2020-12-24,OK,52,87,12
2020-12-23,OK,52,88,12
2020-12-22,OK,53,80,12
2020-12-21,OK,52,80,12
2020-12-20,OK,51,89,12
2020-12-19,OK,53,88,11
2020-12-18,OK,54,87,11
2020-12-17,OK,54,87,11
2020-12-16,OK,55,86,11
2020-12-15,OK,57,76,11
2020-12-14,OK,57,77,11
2020-12-13,OK,56,85,11
2020-12-12,OK,55,86,11
2020-12-11,OK,55,86,11
2020-12-10,OK,56,85,11
2020-12-09,OK,57,84,11
2020-12-08,OK,57,77,11
2020-12-07,OK,54,80,11
2020-12-06,OK,54,87,11
2020-12-05,OK,52,89,11
2020-12-04,OK,57,84,11
2020-12-03,OK,56,85,11
2020-12-02,OK,56,84,12
2020-12-01,OK,56,75,12
2020-11-30,OK,58,73,12
2020-11-29,OK,57,83,11
2020-11-28,OK,58,83,11
2020-11-27,OK,56,85,11
2020-11-26,OK,56,85,11
2020-11-25,OK,56,85,11
2020-11-24,OK,57,78,11
2020-11-23,OK,59,75,11
2020-11-22,OK,57,83,11
2020-11-21,OK,56,84,11
2020-11-20,OK,54,86,11
2020-11-19,OK,54,86,11
2020-11-18,OK,54,86,11
2020-11-17,OK,56,79,11
2020-11-16,OK,57,78,11
2020-11-15,OK,56,85,11
2020-11-14,OK,56,85,11
2020-11-13,OK,56,85,11
2020-11-12,OK,56,85,11
2020-11-11,OK,56,85,11
2020-11-10,OK,56,80,11
2020-11-09,OK,54,81,11
2020-11-08,OK,54,87,11
2020-11-07,OK,54,87,11
2020-11-06,OK,53,88,11
2020-11-05,OK,61,88,3
2020-11-04,OK,64,86,2
2020-11-03,OK,61,84,2
2020-11-02,OK,58,86,2
2020-11-01,OK,58,92,2
2020-10-31,OK,57,93,2
2020-10-30,OK,58,91,3
2020-10-29,OK,59,90,3
2020-10-28,OK,56,91,4
2020-10-27,OK,52,86,4
2020-10-26,OK,55,85,5
2020-10-25,OK,57,90,4
2020-10-24,OK,60,87,4
2020-10-23,OK,59,88,5
2020-10-22,OK,60,89,2
2020-10-21,OK,60,88,2
2020-10-20,OK,57,89,2
2020-10-19,OK,58,88,2
2020-10-18,OK,58,87,2
2020-10-17,OK,58,87,2
2020-10-16,OK,56,90,2
2020-10-15,OK,55,89,2
2020-10-14,OK,56,88,2
2020-10-13,OK,53,89,3
2020-10-12,OK,50,95,3
2020-10-11,OK,48,93,6
2020-10-10,OK,47,96,6
2020-10-09,OK,51,94,5
2020-10-08,OK,49,92,6
2020-10-07,OK,48,92,6
2020-10-06,OK,48,91,6
2020-10-05,OK,45,95,6
2020-10-04,OK,45,94,6
2020-10-03,OK,46,94,5
2020-10-02,OK,46,96,6
2020-10-01,OK,48,92,6
2020-09-30,OK,48,92,6
2020-09-29,OK,47,91,7
2020-09-28,OK,45,89,7
2020-09-27,OK,42,90,6
2020-09-26,OK,43,89,6
2020-09-25,OK,42,91,5
2020-09-24,OK,42,91,5
2020-09-23,OK,41,92,5
2020-09-22,OK,41,92,5
2020-09-21,OK,43,88,5
2020-09-20,OK,41,90,5
2020-09-19,OK,41,90,5
2020-09-18,OK,41,90,5
2020-09-17,OK,41,90,5
2020-09-16,OK,42,88,5
2020-09-15,OK,44,87,5
2020-09-14,OK,42,89,5
2020-09-13,OK,46,85,5
2020-09-12,OK,46,86,5
2020-09-11,OK,44,88,5
2020-09-10,OK,44,85,5
2020-09-09,OK,39,86,5
2020-09-08,OK,41,86,5
2020-09-07,OK,40,88,5
2020-09-06,OK,43,83,5
2020-09-05,OK,41,86,5
2020-09-04,OK,43,84,5
2020-09-03,OK,41,85,5
2020-09-02,OK,44,80,7
2020-09-01,OK,45,80,6
2020-08-31,OK,45,77,6
2020-08-30,OK,42,80,6
2020-08-29,OK,46,76,6
2020-08-28,OK,44,78,6
2020-08-27,OK,37,77,14
2020-08-26,OK,35,78,14
2020-08-25,OK,26,77,23
2020-08-24,OK,25,79,23
2020-08-23,OK,25,78,22
2020-08-22,OK,26,78,22
2020-08-21,OK,26,78,48
2020-08-20,OK,26,79,47
2020-08-19,OK,26,79,47
2020-08-18,OK,25,78,49
2020-08-17,OK,29,78,43
2020-08-16,OK,27,68,54
2020-08-15,OK,26,69,54
2020-08-14,OK,27,70,54
2020-08-13,OK,27,67,55
2020-08-12,OK,28,69,51
2020-08-11,OK,25,67,56
2020-08-10,OK,32,71,45
2020-08-09,OK,27,66,55
2020-08-08,OK,31,72,44
2020-08-07,OK,33,69,45
2020-08-06,OK,24,39,84
2020-08-05,OK,32,40,74
2020-08-04,OK,36,46,64
2020-08-03,OK,30,47,68
2020-08-02,OK,28,33,83
2020-08-01,OK,33,38,74
2023-04-10,OR,4,31,13
2023-04-09,OR,4,35,13
2023-04-08,OR,4,36,13
2023-04-07,OR,4,36,13
2023-04-06,OR,5,36,14
2023-04-05,OR,4,36,15
2023-04-04,OR,4,36,15
2023-04-03,OR,4,37,15
2023-04-02,OR,4,37,15
2023-04-01,OR,2,39,15
2023-03-31,OR,5,37,15
2023-03-30,OR,5,37,15
2023-03-29,OR,4,38,15
2023-03-28,OR,4,38,15
2023-03-27,OR,3,38,16
2023-03-26,OR,5,37,15
2023-03-25,OR,5,37,15
2023-03-24,OR,5,38,15
2023-03-23,OR,4,39,15
2023-03-22,OR,4,39,15
2023-03-21,OR,4,39,15
2023-03-20,OR,4,39,15
2023-03-19,OR,4,39,15
2023-03-18,OR,3,40,15
2023-03-17,OR,5,38,15
2023-03-16,OR,5,38,15
2023-03-15,OR,4,39,15
2023-03-14,OR,3,40,15
2023-03-13,OR,4,39,15
2023-03-12,OR,4,39,15
2023-03-11,OR,4,39,15
2023-03-10,OR,4,39,15
2023-03-09,OR,3,40,15
2023-03-08,OR,4,39,15
2023-03-07,OR,4,39,15
2023-03-06,OR,4,39,15
2023-03-05,OR,4,39,15
2023-03-04,OR,4,40,15
2023-03-03,OR,3,41,15
2023-03-02,OR,5,39,15
2023-03-01,OR,4,40,15
2023-02-28,OR,6,38,15
2023-02-27,OR,7,38,14
2023-02-26,OR,6,39,14
2023-02-25,OR,6,39,14
2023-02-24,OR,6,39,14
2023-02-23,OR,6,39,14
2023-02-22,OR,6,39,14
2023-02-21,OR,8,37,14
2023-02-20,OR,6,39,14
2023-02-19,OR,7,38,14
2023-02-18,OR,7,38,14
2023-02-17,OR,7,38,14
2023-02-16,OR,6,39,14
2023-02-15,OR,7,38,14
2023-02-14,OR,7,38,14
2023-02-13,OR,6,39,14
2023-02-12,OR,7,38,14
2023-02-11,OR,6,39,14
2023-02-10,OR,5,39,15
2023-02-09,OR,6,39,14
2023-02-08,OR,8,37,14
2023-02-07,OR,5,40,14
2023-02-06,OR,6,39,14
2023-02-05,OR,6,39,14
2023-02-04,OR,7,39,14
2023-02-03,OR,7,39,14
2023-02-02,OR,6,40,14
2023-02-01,OR,7,39,14
2023-01-31,OR,8,38,14
2023-01-30,OR,8,38,14
2023-01-29,OR,8,39,14
2023-01-28,OR,8,39,14
2023-01-27,OR,7,40,14
2023-01-26,OR,6,41,14
2023-01-25,OR,7,40,14
2023-01-24,OR,7,40,14
2023-01-23,OR,6,40,14
2023-01-22,OR,7,39,14
2023-01-21,OR,7,39,14
2023-01-20,OR,6,40,14
2023-01-19,OR,6,41,14
2023-01-18,OR,7,40,14
2023-01-17,OR,6,40,15
2023-01-16,OR,7,39,15
2023-01-15,OR,7,40,14
2023-01-14,OR,7,40,14
2023-01-13,OR,6,41,14
2023-01-12,OR,5,41,15
2023-01-11,OR,6,41,14
2023-01-10,OR,8,39,14
2023-01-09,OR,7,40,14
2023-01-08,OR,8,39,14
2023-01-07,OR,7,40,14
2023-01-06,OR,10,37,14
2023-01-05,OR,10,37,14
2023-01-04,OR,9,38,14
2023-01-03,OR,7,40,14
2023-01-02,OR,6,41,14
2023-01-01,OR,8,39,14
2022-12-31,OR,9,38,13
2022-12-30,OR,8,39,13
2022-12-29,OR,10,37,14
2022-12-28,OR,9,38,14
2022-12-27,OR,7,40,14
2022-12-26,OR,9,38,14
2022-12-25,OR,8,39,14
2022-12-24,OR,9,38,14
2022-12-23,OR,10,37,14
2022-12-22,OR,9,38,14
2022-12-21,OR,9,38,14
2022-12-20,OR,9,38,14
2022-12-19,OR,9,38,14
2022-12-18,OR,9,40,14
2022-12-17,OR,9,40,14
2022-12-16,OR,9,40,14
2022-12-15,OR,10,39,14
2022-12-14,OR,8,50,4
2022-12-13,OR,8,46,8
2022-12-12,OR,5,49,8
2022-12-11,OR,6,49,8
2022-12-10,OR,6,48,9
2022-12-09,OR,7,48,8
2022-12-08,OR,7,47,9
2022-12-07,OR,8,51,4
2022-12-06,OR,8,47,7
2022-12-05,OR,7,48,7
2022-12-04,OR,7,47,9
2022-12-03,OR,7,47,9
2022-12-02,OR,5,51,7
2022-12-01,OR,5,50,8
2022-11-30,OR,7,52,4
2022-11-29,OR,7,46,9
2022-11-28,OR,7,47,8
2022-11-27,OR,7,48,8
2022-11-26,OR,8,46,9
2022-11-25,OR,8,46,9
2022-11-24,OR,7,47,9
2022-11-23,OR,9,50,4
2022-11-22,OR,6,47,9
2022-11-21,OR,5,50,7
2022-11-20,OR,6,49,8
2022-11-19,OR,6,50,7
2022-11-18,OR,6,50,7
2022-11-17,OR,6,48,9
2022-11-16,OR,8,51,4
2022-11-15,OR,7,48,7
2022-11-14,OR,7,48,7
2022-11-13,OR,7,49,7
2022-11-12,OR,7,48,8
2022-11-11,OR,7,48,8
2022-11-10,OR,6,48,9
2022-11-09,OR,7,52,4
2022-11-08,OR,6,49,7
2022-11-07,OR,7,48,7
2022-11-06,OR,6,49,8
2022-11-05,OR,7,47,9
2022-11-04,OR,7,48,8
2022-11-03,OR,6,49,8
2022-11-02,OR,6,53,4
2022-11-01,OR,6,47,9
2022-10-31,OR,5,49,8
2022-10-30,OR,5,49,9
2022-10-29,OR,4,50,9
2022-10-28,OR,5,50,8
2022-10-27,OR,5,49,9
2022-10-26,OR,7,52,4
2022-10-25,OR,7,47,8
2022-10-24,OR,7,48,7
2022-10-23,OR,7,49,8
2022-10-22,OR,7,49,8
2022-10-21,OR,6,49,9
2022-10-20,OR,6,49,9
2022-10-19,OR,8,52,4
2022-10-18,OR,7,46,9
2022-10-17,OR,7,47,8
2022-10-16,OR,6,49,8
2022-10-15,OR,6,49,8
2022-10-14,OR,6,48,9
2022-10-13,OR,6,49,8
2022-10-12,OR,7,52,4
2022-10-11,OR,5,49,8
2022-10-10,OR,4,49,9
2022-10-09,OR,5,49,9
2022-10-08,OR,5,49,9
2022-10-07,OR,5,49,9
2022-10-06,OR,5,50,8
2022-10-05,OR,7,52,4
2022-10-04,OR,8,46,8
2022-10-03,OR,8,46,8
2022-10-02,OR,7,47,9
2022-10-01,OR,8,46,9
2022-09-30,OR,7,49,7
2022-09-29,OR,7,49,7
2022-09-28,OR,9,50,4
2022-09-27,OR,7,47,8
2022-09-26,OR,7,47,8
2022-09-25,OR,7,47,9
2022-09-24,OR,7,47,9
2022-09-23,OR,7,47,9
2022-09-22,OR,5,49,9
2022-09-21,OR,7,52,4
2022-09-20,OR,7,46,9
2022-09-19,OR,7,46,9
2022-09-18,OR,7,47,9
2022-09-17,OR,7,47,9
2022-09-16,OR,7,48,8
2022-09-15,OR,6,50,7
2022-09-14,OR,7,52,4
2022-09-13,OR,6,49,7
2022-09-12,OR,6,48,8
2022-09-11,OR,7,48,8
2022-09-10,OR,7,48,8
2022-09-09,OR,6,48,9
2022-09-08,OR,7,48,8
2022-09-07,OR,9,50,4
2022-09-06,OR,7,48,7
2022-09-05,OR,6,49,7
2022-09-04,OR,6,49,8
2022-09-03,OR,6,48,9
2022-09-02,OR,6,51,6
2022-09-01,OR,6,48,9
2022-08-31,OR,6,53,4
2022-08-30,OR,6,48,8
2022-08-29,OR,5,49,8
2022-08-28,OR,6,48,8
2022-08-27,OR,6,49,8
2022-08-26,OR,5,49,9
2022-08-25,OR,4,50,9
2022-08-24,OR,7,52,4
2022-08-23,OR,6,49,8
2022-08-22,OR,6,48,8
2022-08-21,OR,7,49,8
2022-08-20,OR,7,48,9
2022-08-19,OR,7,48,9
2022-08-18,OR,8,47,9
2022-08-17,OR,8,52,4
2022-08-16,OR,7,46,9
2022-08-15,OR,8,45,9
2022-08-14,OR,7,48,9
2022-08-13,OR,5,50,9
2022-08-12,OR,7,50,7
2022-08-11,OR,6,51,7
2022-08-10,OR,7,53,4
2022-08-09,OR,6,48,8
2022-08-08,OR,5,48,9
2022-08-07,OR,6,49,9
2022-08-06,OR,5,50,9
2022-08-05,OR,6,49,9
2022-08-04,OR,6,49,9
2022-08-03,OR,8,52,4
2022-08-02,OR,6,48,8
2022-08-01,OR,6,48,8
2022-07-31,OR,6,50,8
2022-07-30,OR,7,50,7
2022-07-29,OR,6,50,8
2022-07-28,OR,6,49,9
2022-07-27,OR,7,53,4
2022-07-26,OR,6,47,9
2022-07-25,OR,7,46,9
2022-07-24,OR,7,48,9
2022-07-23,OR,7,48,9
2022-07-22,OR,8,48,8
2022-07-21,OR,7,49,8
2022-07-20,OR,6,54,4
2022-07-19,OR,6,47,9
2022-07-18,OR,6,48,8
2022-07-17,OR,6,51,7
2022-07-16,OR,7,49,8
2022-07-15,OR,6,51,7
2022-07-14,OR,6,51,7
2022-07-13,OR,7,53,4
2022-07-12,OR,6,48,8
2022-07-11,OR,7,48,7
2022-07-10,OR,7,50,7
2022-07-09,OR,7,50,7
2022-07-08,OR,7,49,8
2022-07-07,OR,6,50,8
2022-07-06,OR,7,53,4
2022-07-05,OR,6,47,9
2022-07-04,OR,9,44,9
2022-07-03,OR,6,49,9
2022-07-02,OR,7,48,9
2022-07-01,OR,9,46,9
2022-06-30,OR,7,48,9
2022-06-29,OR,9,51,4
2022-06-28,OR,6,47,9
2022-06-27,OR,6,48,8
2022-06-26,OR,6,50,8
2022-06-25,OR,6,49,9
2022-06-24,OR,6,50,8
2022-06-23,OR,7,49,8
2022-06-22,OR,8,52,4
2022-06-21,OR,8,46,9
2022-06-20,OR,6,48,9
2022-06-19,OR,5,50,9
2022-06-18,OR,5,50,9
2022-06-17,OR,5,51,8
2022-06-16,OR,5,51,8
2022-06-15,OR,6,49,9
2022-06-14,OR,6,47,9
2022-06-13,OR,7,47,8
2022-06-12,OR,7,48,9
2022-06-11,OR,7,48,9
2022-06-10,OR,7,49,8
2022-06-09,OR,7,49,8
2022-06-08,OR,8,47,9
2022-06-07,OR,7,47,8
2022-06-06,OR,6,49,7
2022-06-05,OR,7,48,9
2022-06-04,OR,7,48,9
2022-06-03,OR,7,49,8
2022-06-02,OR,8,48,8
2022-06-01,OR,7,50,7
2022-05-31,OR,6,48,8
2022-05-30,OR,7,48,7
2022-05-29,OR,5,50,9
2022-05-28,OR,5,50,9
2022-05-27,OR,7,48,9
2022-05-26,OR,7,49,8
2022-05-25,OR,6,50,8
2022-05-24,OR,5,49,8
2022-05-23,OR,5,50,8
2022-05-22,OR,4,52,8
2022-05-21,OR,5,52,7
2022-05-20,OR,6,50,8
2022-05-19,OR,7,50,7
2022-05-18,OR,7,49,8
2022-05-17,OR,5,48,9
2022-05-16,OR,4,50,8
2022-05-15,OR,6,50,8
2022-05-14,OR,6,50,8
2022-05-13,OR,6,49,9
2022-05-12,OR,5,51,8
2022-05-11,OR,5,51,8
2022-05-10,OR,5,50,7
2022-05-09,OR,5,49,8
2022-05-08,OR,4,51,9
2022-05-07,OR,5,50,9
2022-05-06,OR,6,50,8
2022-05-05,OR,6,50,8
2022-05-04,OR,4,52,8
2022-05-03,OR,6,47,9
2022-05-02,OR,6,49,7
2022-05-01,OR,6,51,7
2022-04-30,OR,6,50,8
2022-04-29,OR,7,48,9
2022-04-28,OR,8,47,9
2022-04-27,OR,5,51,8
2022-04-26,OR,7,47,8
2022-04-25,OR,6,49,7
2022-04-24,OR,6,50,8
2022-04-23,OR,6,50,8
2022-04-22,OR,7,49,8
2022-04-21,OR,6,50,8
2022-04-20,OR,7,49,8
2022-04-19,OR,6,48,8
2022-04-18,OR,5,49,8
2022-04-17,OR,6,49,9
2022-04-16,OR,5,50,9
2022-04-15,OR,5,50,9
2022-04-14,OR,6,50,8
2022-04-13,OR,6,50,8
2022-04-12,OR,6,47,9
2022-04-11,OR,7,47,8
2022-04-10,OR,5,51,8
2022-04-09,OR,6,49,9
2022-04-08,OR,8,48,8
2022-04-07,OR,8,48,8
2022-04-06,OR,9,51,4
2022-04-05,OR,7,46,9
2022-04-04,OR,6,47,9
2022-04-03,OR,7,48,9
2022-04-02,OR,7,48,9
2022-04-01,OR,5,51,8
2022-03-31,OR,7,49,8
2022-03-30,OR,8,49,7
2022-03-29,OR,5,48,9
2022-03-28,OR,4,51,7
2022-03-27,OR,5,49,9
2022-03-26,OR,4,50,9
2022-03-25,OR,7,49,8
2022-03-24,OR,5,52,7
2022-03-23,OR,7,53,4
2022-03-22,OR,6,50,7
2022-03-21,OR,5,51,7
2022-03-20,OR,5,50,9
2022-03-19,OR,5,50,9
2022-03-18,OR,5,50,9
2022-03-17,OR,6,49,9
2022-03-16,OR,7,55,2
2022-03-15,OR,5,50,7
2022-03-14,OR,5,51,6
2022-03-13,OR,2,56,6
2022-03-12,OR,2,56,6
2022-03-11,OR,6,53,5
2022-03-10,OR,6,51,7
2022-03-09,OR,7,55,2
2022-03-08,OR,5,51,6
2022-03-07,OR,6,50,6
2022-03-06,OR,6,52,6
2022-03-05,OR,5,53,6
2022-03-04,OR,6,52,6
2022-03-03,OR,6,53,5
2022-03-02,OR,7,55,2
2022-03-01,OR,5,52,5
2022-02-28,OR,7,50,5
2022-02-27,OR,7,51,6
2022-02-26,OR,7,50,7
2022-02-25,OR,7,50,7
2022-02-24,OR,6,51,7
2022-02-23,OR,6,53,5
2022-02-22,OR,7,49,6
2022-02-21,OR,4,51,7
2022-02-20,OR,5,52,7
2022-02-19,OR,4,53,7
2022-02-18,OR,7,51,6
2022-02-17,OR,8,49,7
2022-02-16,OR,12,45,7
2022-02-15,OR,9,46,7
2022-02-14,OR,9,46,7
2022-02-13,OR,9,49,6
2022-02-12,OR,9,49,6
2022-02-11,OR,9,49,6
2022-02-10,OR,9,49,6
2022-02-09,OR,10,47,7
2022-02-08,OR,11,45,7
2022-02-07,OR,10,47,6
2022-02-06,OR,10,48,6
2022-02-05,OR,11,47,6
2022-02-04,OR,12,45,7
2022-02-03,OR,9,49,6
2022-02-02,OR,10,47,7
2022-02-01,OR,12,43,7
2022-01-31,OR,10,45,7
2022-01-30,OR,7,50,7
2022-01-29,OR,8,49,7
2022-01-28,OR,11,47,6
2022-01-27,OR,10,48,6
2022-01-26,OR,11,51,2
2022-01-25,OR,9,49,4
2022-01-24,OR,12,46,4
2022-01-23,OR,9,51,4
2022-01-22,OR,8,52,4
2022-01-21,OR,10,48,6
2022-01-20,OR,12,45,7
2022-01-19,OR,8,54,2
2022-01-18,OR,11,47,4
2022-01-17,OR,10,46,7
2022-01-16,OR,9,48,7
2022-01-15,OR,8,49,7
2022-01-14,OR,12,45,7
2022-01-13,OR,9,48,7
2022-01-12,OR,9,53,2
2022-01-11,OR,9,46,7
2022-01-10,OR,7,48,7
2022-01-09,OR,8,49,7
2022-01-08,OR,8,49,7
2022-01-07,OR,8,49,7
2022-01-06,OR,7,50,7
2022-01-05,OR,6,51,7
2022-01-04,OR,6,49,7
2022-01-03,OR,6,49,7
2022-01-02,OR,8,49,7
2022-01-01,OR,6,51,7
2021-12-31,OR,5,52,7
2021-12-30,OR,6,51,7
2021-12-29,OR,8,49,7
2021-12-28,OR,7,48,7
2021-12-27,OR,6,49,7
2021-12-26,OR,6,51,7
2021-12-25,OR,6,51,7
2021-12-24,OR,6,51,7
2021-12-23,OR,8,49,7
2021-12-22,OR,9,48,7
2021-12-21,OR,8,47,7
2021-12-20,OR,7,48,7
2021-12-19,OR,7,50,7
2021-12-18,OR,7,50,7
2021-12-17,OR,6,51,7
2021-12-16,OR,6,51,7
2021-12-15,OR,8,54,2
2021-12-14,OR,8,47,7
2021-12-13,OR,7,48,7
2021-12-12,OR,8,49,7
2021-12-11,OR,7,50,7
2021-12-10,OR,6,51,7
2021-12-09,OR,7,50,7
2021-12-08,OR,7,55,2
2021-12-07,OR,6,54,2
2021-12-06,OR,6,54,2
2021-12-05,OR,7,55,2
2021-12-04,OR,7,55,2
2021-12-03,OR,7,50,7
2021-12-02,OR,6,51,7
2021-12-01,OR,7,55,2
2021-11-30,OR,5,51,7
2021-11-29,OR,5,51,7
2021-11-28,OR,7,50,7
2021-11-27,OR,7,50,7
2021-11-26,OR,7,50,7
2021-11-25,OR,8,49,7
2021-11-24,OR,9,53,2
2021-11-23,OR,5,50,7
2021-11-22,OR,4,51,7
2021-11-21,OR,5,51,7
2021-11-20,OR,5,51,7
2021-11-19,OR,7,49,7
2021-11-18,OR,6,50,7
2021-11-17,OR,6,52,5
2021-11-16,OR,6,53,3
2021-11-15,OR,5,50,7
2021-11-14,OR,5,52,7
2021-11-13,OR,4,53,7
2021-11-12,OR,7,50,7
2021-11-11,OR,5,52,7
2021-11-10,OR,5,55,4
2021-11-09,OR,6,49,7
2021-11-08,OR,6,49,7
2021-11-07,OR,4,53,7
2021-11-06,OR,3,54,7
2021-11-05,OR,3,54,7
2021-11-04,OR,5,52,7
2021-11-03,OR,5,53,6
2021-11-02,OR,5,50,7
2021-11-01,OR,7,48,7
2021-10-31,OR,7,50,7
2021-10-30,OR,7,50,7
2021-10-29,OR,8,49,7
2021-10-28,OR,5,52,7
2021-10-27,OR,7,50,7
2021-10-26,OR,6,49,7
2021-10-25,OR,6,50,7
2021-10-24,OR,4,53,7
2021-10-23,OR,7,50,7
2021-10-22,OR,7,50,7
2021-10-21,OR,6,51,7
2021-10-20,OR,8,48,7
2021-10-19,OR,8,47,7
2021-10-18,OR,5,50,7
2021-10-17,OR,6,52,6
2021-10-16,OR,4,58,2
2021-10-15,OR,8,49,7
2021-10-14,OR,7,50,7
2021-10-13,OR,8,50,6
2021-10-12,OR,9,46,7
2021-10-11,OR,8,47,7
2021-10-10,OR,8,49,7
2021-10-09,OR,7,50,7
2021-10-08,OR,9,48,7
2021-10-07,OR,9,48,7
2021-10-06,OR,9,48,7
2021-10-05,OR,6,49,7
2021-10-04,OR,7,48,7
2021-10-03,OR,5,52,7
2021-10-02,OR,7,50,7
2021-10-01,OR,9,48,7
2021-09-30,OR,7,50,7
2021-09-29,OR,10,47,7
2021-09-28,OR,8,47,7
2021-09-27,OR,6,49,7
2021-09-26,OR,9,48,7
2021-09-25,OR,11,46,7
2021-09-24,OR,11,46,7
2021-09-23,OR,7,50,7
2021-09-22,OR,8,54,2
2021-09-21,OR,8,47,7
2021-09-20,OR,8,47,7
2021-09-19,OR,8,49,7
2021-09-18,OR,7,50,7
2021-09-17,OR,6,51,7
2021-09-16,OR,8,49,7
2021-09-15,OR,8,49,7
2021-09-14,OR,8,47,7
2021-09-13,OR,9,46,7
2021-09-12,OR,8,49,7
2021-09-11,OR,10,47,7
2021-09-10,OR,7,50,7
2021-09-09,OR,8,49,7
2021-09-08,OR,10,47,7
2021-09-07,OR,8,47,7
2021-09-06,OR,8,47,7
2021-09-05,OR,6,51,7
2021-09-04,OR,7,50,7
2021-09-03,OR,7,50,7
2021-09-02,OR,6,52,6
2021-09-01,OR,8,54,2
2021-08-31,OR,8,47,7
2021-08-30,OR,8,47,7
2021-08-29,OR,8,49,7
2021-08-28,OR,6,51,7
2021-08-27,OR,7,50,7
2021-08-26,OR,7,50,7
2021-08-25,OR,7,55,2
2021-08-24,OR,6,49,7
2021-08-23,OR,7,48,7
2021-08-22,OR,8,49,7
2021-08-21,OR,6,51,7
2021-08-20,OR,8,49,7
2021-08-19,OR,4,53,7
2021-08-18,OR,6,56,2
2021-08-17,OR,6,55,2
2021-08-16,OR,5,56,2
2021-08-15,OR,7,55,2
2021-08-14,OR,7,55,2
2021-08-13,OR,8,54,2
2021-08-12,OR,5,52,7
2021-08-11,OR,7,50,7
2021-08-10,OR,6,49,7
2021-08-09,OR,3,52,7
2021-08-08,OR,6,51,7
2021-08-07,OR,5,52,7
2021-08-06,OR,6,56,2
2021-08-05,OR,4,58,2
2021-08-04,OR,3,59,2
2021-08-03,OR,4,51,7
2021-08-02,OR,2,53,7
2021-08-01,OR,3,54,7
2021-07-31,OR,3,54,7
2021-07-30,OR,2,55,7
2021-07-29,OR,4,53,7
2021-07-28,OR,5,52,7
2021-07-27,OR,3,52,7
2021-07-26,OR,5,51,7
2021-07-25,OR,3,54,7
2021-07-24,OR,4,53,7
2021-07-23,OR,4,53,7
2021-07-22,OR,3,55,6
2021-07-21,OR,6,51,7
2021-07-20,OR,4,50,7
2021-07-19,OR,4,50,7
2021-07-18,OR,3,53,7
2021-07-17,OR,3,53,7
2021-07-16,OR,3,53,7
2021-07-15,OR,3,53,7
2021-07-14,OR,3,59,2
2021-07-13,OR,4,51,7
2021-07-12,OR,4,50,8
2021-07-11,OR,4,52,8
2021-07-10,OR,2,53,8
2021-07-09,OR,2,54,7
2021-07-08,OR,1,55,7
2021-07-07,OR,2,59,2
2021-07-06,OR,3,51,7
2021-07-05,OR,3,51,7
2021-07-04,OR,6,49,7
2021-07-03,OR,7,49,7
2021-07-02,OR,7,49,7
2021-07-01,OR,7,49,7
2021-06-30,OR,9,47,7
2021-06-29,OR,6,49,7
2021-06-28,OR,6,49,7
2021-06-27,OR,5,51,7
2021-06-26,OR,4,52,7
2021-06-25,OR,4,52,7
2021-06-24,OR,2,54,7
2021-06-23,OR,2,52,7
2021-06-22,OR,1,52,7
2021-06-21,OR,2,51,7
2021-06-20,OR,3,52,7
2021-06-19,OR,4,52,7
2021-06-18,OR,4,52,7
2021-06-17,OR,2,54,7
2021-06-16,OR,4,52,7
2021-06-15,OR,3,51,7
2021-06-14,OR,1,54,7
2021-06-13,OR,3,53,7
2021-06-12,OR,4,52,7
2021-06-11,OR,4,52,7
2021-06-10,OR,4,52,7
2021-06-09,OR,5,51,7
2021-06-08,OR,2,53,7
2021-06-07,OR,2,53,7
2021-06-06,OR,3,54,7
2021-06-05,OR,2,55,7
2021-06-04,OR,4,53,7
2021-06-03,OR,3,54,7
2021-06-02,OR,4,53,7
2021-06-01,OR,2,53,7
2021-05-31,OR,2,53,7
2021-05-30,OR,3,54,7
2021-05-29,OR,4,53,7
2021-05-28,OR,5,52,7
2021-05-27,OR,5,52,7
2021-05-26,OR,5,53,6
2021-05-25,OR,2,53,7
2021-05-24,OR,3,52,7
2021-05-23,OR,4,53,7
2021-05-22,OR,4,53,7
2021-05-21,OR,3,54,7
2021-05-20,OR,2,55,7
2021-05-19,OR,4,53,7
2021-05-18,OR,3,52,7
2021-05-17,OR,3,52,7
2021-05-16,OR,5,52,7
2021-05-15,OR,5,52,7
2021-05-14,OR,4,53,7
2021-05-13,OR,4,53,7
2021-05-12,OR,6,56,2
2021-05-11,OR,4,51,7
2021-05-10,OR,4,51,7
2021-05-09,OR,4,53,7
2021-05-08,OR,3,54,7
2021-05-07,OR,4,53,7
2021-05-06,OR,3,54,7
2021-05-05,OR,3,59,2
2021-05-04,OR,2,53,7
2021-05-03,OR,2,53,7
2021-05-02,OR,1,56,7
2021-05-01,OR,1,56,7
2021-04-30,OR,2,55,7
2021-04-29,OR,2,55,7
2021-04-28,OR,4,53,7
2021-04-27,OR,3,52,7
2021-04-26,OR,4,51,7
2021-04-25,OR,5,52,7
2021-04-24,OR,5,52,7
2021-04-23,OR,5,52,7
2021-04-22,OR,4,53,7
2021-04-21,OR,4,58,2
2021-04-20,OR,2,53,7
2021-04-19,OR,2,53,7
2021-04-18,OR,2,55,7
2021-04-17,OR,3,54,7
2021-04-16,OR,5,52,7
2021-04-15,OR,2,55,7
2021-04-14,OR,3,59,2
2021-04-13,OR,1,54,7
2021-04-12,OR,1,54,7
2021-04-11,OR,4,53,7
2021-04-10,OR,3,54,7
2021-04-09,OR,3,54,7
2021-04-08,OR,3,54,7
2021-04-07,OR,5,57,2
2021-04-06,OR,2,54,7
2021-04-05,OR,2,54,7
2021-04-04,OR,2,60,2
2021-04-03,OR,4,58,2
2021-04-02,OR,3,54,7
2021-04-01,OR,4,53,7
2021-03-31,OR,5,52,7
2021-03-30,OR,2,53,7
2021-03-29,OR,2,53,7
2021-03-28,OR,3,59,2
2021-03-27,OR,3,59,2
2021-03-26,OR,3,54,7
2021-03-25,OR,3,54,7
2021-03-24,OR,4,53,7
2021-03-23,OR,3,53,7
2021-03-22,OR,3,53,7
2021-03-21,OR,3,59,2
2021-03-20,OR,4,58,2
2021-03-19,OR,3,54,7
2021-03-18,OR,2,56,6
2021-03-17,OR,2,55,7
2021-03-16,OR,1,54,7
2021-03-15,OR,1,54,7
2021-03-14,OR,2,60,2
2021-03-13,OR,2,60,2
2021-03-12,OR,2,55,7
2021-03-11,OR,2,55,7
2021-03-10,OR,4,58,2
2021-03-09,OR,1,54,7
2021-03-08,OR,2,53,7
2021-03-07,OR,3,59,2
2021-03-06,OR,3,59,2
2021-03-05,OR,3,54,7
2021-03-04,OR,2,55,7
2021-03-03,OR,3,54,7
2021-03-02,OR,1,54,7
2021-03-01,OR,2,53,7
2021-02-28,OR,1,61,2
2021-02-27,OR,2,60,2
2021-02-26,OR,2,55,7
2021-02-25,OR,2,55,7
2021-02-24,OR,3,54,7
2021-02-23,OR,2,53,7
2021-02-22,OR,1,55,7
2021-02-21,OR,3,59,2
2021-02-20,OR,2,60,2
2021-02-19,OR,2,55,7
2021-02-18,OR,2,55,7
2021-02-17,OR,4,52,7
2021-02-16,OR,2,53,7
2021-02-15,OR,2,53,7
2021-02-14,OR,2,60,2
2021-02-13,OR,1,61,2
2021-02-12,OR,1,56,7
2021-02-11,OR,1,56,7
2021-02-10,OR,2,55,7
2021-02-09,OR,0,55,7
2021-02-08,OR,2,53,7
2021-02-07,OR,2,59,2
2021-02-06,OR,2,59,2
2021-02-05,OR,1,56,7
2021-02-04,OR,3,54,7
2021-02-03,OR,2,55,7
2021-02-02,OR,1,55,7
2021-02-01,OR,0,56,7
2021-01-31,OR,0,62,2
2021-01-30,OR,1,61,2
2021-01-29,OR,1,56,7
2021-01-28,OR,1,56,7
2021-01-27,OR,1,56,7
2021-01-26,OR,2,54,7
2021-01-25,OR,1,55,7
2021-01-24,OR,2,60,2
2021-01-23,OR,2,60,2
2021-01-22,OR,3,54,7
2021-01-21,OR,4,53,7
2021-01-20,OR,2,54,7
2021-01-19,OR,1,54,7
2021-01-18,OR,1,54,7
2021-01-17,OR,2,60,2
2021-01-16,OR,1,61,2
2021-01-15,OR,2,55,7
2021-01-14,OR,2,55,7
2021-01-13,OR,2,55,7
2021-01-12,OR,2,54,7
2021-01-11,OR,2,54,7
2021-01-10,OR,3,59,2
2021-01-09,OR,3,59,2
2021-01-08,OR,3,54,7
2021-01-07,OR,3,54,7
2021-01-06,OR,2,60,2
2021-01-05,OR,3,52,7
2021-01-04,OR,2,53,7
2021-01-03,OR,2,60,2
2021-01-02,OR,2,60,2
2021-01-01,OR,2,55,7
2020-12-31,OR,3,54,7
2020-12-30,OR,5,57,2
2020-12-29,OR,4,51,7
2020-12-28,OR,5,51,6
2020-12-27,OR,8,53,2
2020-12-26,OR,8,53,2
2020-12-25,OR,9,52,2
2020-12-24,OR,8,53,2
2020-12-23,OR,9,52,2
2020-12-22,OR,7,53,2
2020-12-21,OR,7,53,2
2020-12-20,OR,8,49,7
2020-12-19,OR,8,49,7
2020-12-18,OR,8,53,3
2020-12-17,OR,8,49,7
2020-12-16,OR,8,54,2
2020-12-15,OR,7,53,2
2020-12-14,OR,8,52,2
2020-12-13,OR,7,55,2
2020-12-12,OR,7,55,2
2020-12-11,OR,8,54,2
2020-12-10,OR,8,54,2
2020-12-09,OR,8,54,2
2020-12-08,OR,8,53,2
2020-12-07,OR,8,53,2
2020-12-06,OR,5,56,2
2020-12-05,OR,6,56,2
2020-12-04,OR,6,56,2
2020-12-03,OR,5,57,2
2020-12-02,OR,6,56,2
2020-12-01,OR,7,54,2
2020-11-30,OR,5,57,2
2020-11-29,OR,4,58,2
2020-11-28,OR,3,59,2
2020-11-27,OR,3,59,2
2020-11-26,OR,4,58,2
2020-11-25,OR,6,55,2
2020-11-24,OR,4,56,2
2020-11-23,OR,5,56,2
2020-11-22,OR,5,56,2
2020-11-21,OR,5,57,2
2020-11-20,OR,6,56,2
2020-11-19,OR,6,56,2
2020-11-18,OR,6,56,2
2020-11-17,OR,6,55,2
2020-11-16,OR,4,56,2
2020-11-15,OR,4,57,2
2020-11-14,OR,5,56,2
2020-11-13,OR,6,55,2
2020-11-12,OR,4,57,2
2020-11-11,OR,5,56,2
2020-11-10,OR,3,58,2
2020-11-09,OR,4,57,2
2020-11-08,OR,4,57,2
2020-11-07,OR,4,57,2
2020-11-06,OR,5,56,2
2020-11-05,OR,5,55,2
2020-11-04,OR,4,56,2
2020-11-03,OR,4,56,2
2020-11-02,OR,3,57,2
2020-11-01,OR,4,56,2
2020-10-31,OR,4,56,2
2020-10-30,OR,4,55,4
2020-10-29,OR,4,50,9
2020-10-28,OR,5,48,9
2020-10-27,OR,4,48,10
2020-10-26,OR,6,46,10
2020-10-25,OR,5,47,10
2020-10-24,OR,5,47,10
2020-10-23,OR,6,47,10
2020-10-22,OR,6,38,19
2020-10-21,OR,7,36,20
2020-10-20,OR,6,36,21
2020-10-19,OR,4,40,19
2020-10-18,OR,5,38,19
2020-10-17,OR,6,38,19
2020-10-16,OR,7,38,18
2020-10-15,OR,6,39,18
2020-10-14,OR,7,37,17
2020-10-13,OR,6,38,17
2020-10-12,OR,5,39,17
2020-10-11,OR,6,38,17
2020-10-10,OR,5,37,19
2020-10-09,OR,4,38,19
2020-10-08,OR,6,35,20
2020-10-07,OR,6,35,21
2020-10-06,OR,6,34,21
2020-10-05,OR,3,37,21
2020-10-04,OR,4,36,21
2020-10-03,OR,5,35,21
2020-10-02,OR,6,34,21
2020-10-01,OR,6,34,21
2020-09-30,OR,5,35,21
2020-09-29,OR,4,37,21
2020-09-28,OR,3,38,20
2020-09-27,OR,3,37,21
2020-09-26,OR,4,36,21
2020-09-25,OR,4,37,20
2020-09-24,OR,5,36,21
2020-09-23,OR,6,35,21
2020-09-22,OR,4,37,21
2020-09-21,OR,3,37,22
2020-09-20,OR,3,37,22
2020-09-19,OR,2,38,22
2020-09-18,OR,4,37,21
2020-09-17,OR,4,37,21
2020-09-16,OR,3,38,21
2020-09-15,OR,3,38,21
2020-09-14,OR,3,38,21
2020-09-13,OR,2,37,22
2020-09-12,OR,2,38,22
2020-09-11,OR,3,38,21
2020-09-10,OR,4,36,22
2020-09-09,OR,3,37,22
2020-09-08,OR,3,37,22
2020-09-07,OR,4,36,22
2020-09-06,OR,5,36,22
2020-09-05,OR,4,37,22
2020-09-04,OR,4,38,21
2020-09-03,OR,4,37,22
2020-09-02,OR,3,37,22
2020-09-01,OR,2,37,23
2020-08-31,OR,4,34,23
2020-08-30,OR,3,35,23
2020-08-29,OR,3,35,23
2020-08-28,OR,4,35,22
2020-08-27,OR,6,33,22
2020-08-26,OR,4,35,22
2020-08-25,OR,4,34,22
2020-08-24,OR,5,33,14
2020-08-23,OR,3,34,15
2020-08-22,OR,4,33,15
2020-08-21,OR,5,33,14
2020-08-20,OR,4,34,14
2020-08-19,OR,4,34,14
2020-08-18,OR,4,32,16
2020-08-17,OR,4,31,15
2020-08-16,OR,2,32,24
2020-08-15,OR,3,32,24
2020-08-14,OR,3,32,24
2020-08-13,OR,4,32,23
2020-08-12,OR,4,32,23
2020-08-11,OR,4,32,23
2020-08-10,OR,4,31,23
2020-08-09,OR,3,33,23
2020-08-08,OR,5,32,23
2020-08-07,OR,5,32,23
2020-08-06,OR,4,33,22
2020-08-05,OR,4,33,22
2020-08-04,OR,4,33,22
2020-08-03,OR,3,34,22
2020-08-02,OR,2,32,23
2020-08-01,OR,2,35,21
2023-04-10,PA,21,156,1
2023-04-09,PA,22,160,1
2023-04-08,PA,23,161,1
2023-04-07,PA,23,162,1
2023-04-06,PA,23,161,7
2023-04-05,PA,22,159,9
2023-04-04,PA,20,156,9
2023-04-03,PA,21,158,7
2023-04-02,PA,21,161,9
2023-04-01,PA,24,160,9
2023-03-31,PA,23,163,7
2023-03-30,PA,22,165,7
2023-03-29,PA,23,162,9
2023-03-28,PA,22,157,9
2023-03-27,PA,22,157,9
2023-03-26,PA,22,163,9
2023-03-25,PA,23,161,9
2023-03-24,PA,23,163,7
2023-03-23,PA,20,161,9
2023-03-22,PA,20,161,9
2023-03-21,PA,19,157,9
2023-03-20,PA,19,157,9
2023-03-19,PA,22,161,9
2023-03-18,PA,22,161,9
2023-03-17,PA,23,161,9
2023-03-16,PA,23,161,9
2023-03-15,PA,23,161,9
2023-03-14,PA,22,156,9
2023-03-13,PA,22,157,9
2023-03-12,PA,23,161,9
2023-03-11,PA,23,161,9
2023-03-10,PA,23,161,9
2023-03-09,PA,23,161,9
2023-03-08,PA,22,161,9
2023-03-07,PA,20,157,9
2023-03-06,PA,20,156,9
2023-03-05,PA,22,162,9
2023-03-04,PA,21,161,11
2023-03-03,PA,22,163,9
2023-03-02,PA,22,163,9
2023-03-01,PA,22,163,9
2023-02-28,PA,21,157,9
2023-02-27,PA,20,157,10
2023-02-26,PA,22,161,9
2023-02-25,PA,22,161,9
2023-02-24,PA,22,161,10
2023-02-23,PA,21,163,9
2023-02-22,PA,21,163,9
2023-02-21,PA,20,159,8
2023-02-20,PA,21,162,7
2023-02-19,PA,21,163,9
2023-02-18,PA,21,163,9
2023-02-17,PA,22,162,9
2023-02-16,PA,22,162,9
2023-02-15,PA,21,161,9
2023-02-14,PA,21,159,9
2023-02-13,PA,20,160,9
2023-02-12,PA,21,164,9
2023-02-11,PA,21,164,9
2023-02-10,PA,21,164,9
2023-02-09,PA,22,161,10
2023-02-08,PA,22,164,7
2023-02-07,PA,21,159,9
2023-02-06,PA,21,161,7
2023-02-05,PA,24,161,9
2023-02-04,PA,25,159,9
2023-02-03,PA,24,162,7
2023-02-02,PA,24,162,7
2023-02-01,PA,23,159,10
2023-01-31,PA,22,158,7
2023-01-30,PA,24,158,7
2023-01-29,PA,24,159,9
2023-01-28,PA,22,159,11
2023-01-27,PA,24,162,7
2023-01-26,PA,23,161,9
2023-01-25,PA,23,161,7
2023-01-24,PA,21,159,7
2023-01-23,PA,22,158,7
2023-01-22,PA,19,161,10
2023-01-21,PA,22,159,9
2023-01-20,PA,23,160,7
2023-01-19,PA,24,158,7
2023-01-18,PA,24,156,9
2023-01-17,PA,24,154,7
2023-01-16,PA,23,155,7
2023-01-15,PA,24,156,9
2023-01-14,PA,22,160,7
2023-01-13,PA,24,156,9
2023-01-12,PA,24,156,9
2023-01-11,PA,24,157,7
2023-01-10,PA,24,154,7
2023-01-09,PA,24,155,7
2023-01-08,PA,22,156,10
2023-01-07,PA,21,157,10
2023-01-06,PA,24,157,7
2023-01-05,PA,26,154,8
2023-01-04,PA,24,156,7
2023-01-03,PA,26,152,7
2023-01-02,PA,23,154,8
2023-01-01,PA,22,160,7
2022-12-31,PA,23,159,2
2022-12-30,PA,25,159,0
2022-12-29,PA,25,158,7
2022-12-28,PA,25,157,6
2022-12-27,PA,26,152,8
2022-12-26,PA,24,156,6
2022-12-25,PA,26,156,8
2022-12-24,PA,25,158,7
2022-12-23,PA,27,157,6
2022-12-22,PA,26,157,7
2022-12-21,PA,26,157,7
2022-12-20,PA,26,152,8
2022-12-19,PA,24,156,6
2022-12-18,PA,23,170,6
2022-12-17,PA,26,166,7
2022-12-16,PA,28,165,7
2022-12-15,PA,27,167,6
2022-12-14,PA,27,165,6
2022-12-13,PA,26,160,6
2022-12-12,PA,25,163,6
2022-12-11,PA,26,167,6
2022-12-10,PA,25,168,6
2022-12-09,PA,28,165,6
2022-12-08,PA,28,165,6
2022-12-07,PA,25,167,6
2022-12-06,PA,23,166,6
2022-12-05,PA,23,166,6
2022-12-04,PA,24,170,6
2022-12-03,PA,25,170,6
2022-12-02,PA,25,170,6
2022-12-01,PA,26,168,6
2022-11-30,PA,24,170,6
2022-11-29,PA,21,168,6
2022-11-28,PA,23,163,6
2022-11-27,PA,23,166,6
2022-11-26,PA,24,165,6
2022-11-25,PA,21,169,6
2022-11-24,PA,24,166,6
2022-11-23,PA,24,166,6
2022-11-22,PA,23,164,6
2022-11-21,PA,22,166,6
2022-11-20,PA,24,169,6
2022-11-19,PA,22,172,6
2022-11-18,PA,23,171,6
2022-11-17,PA,23,171,6
2022-11-16,PA,24,170,6
2022-11-15,PA,22,166,6
2022-11-14,PA,23,167,6
2022-11-13,PA,24,170,6
2022-11-12,PA,22,171,7
2022-11-11,PA,24,170,6
2022-11-10,PA,25,169,6
2022-11-09,PA,25,166,6
2022-11-08,PA,24,164,6
2022-11-07,PA,23,166,6
2022-11-06,PA,25,165,13
2022-11-05,PA,22,168,13
2022-11-04,PA,24,172,7
2022-11-03,PA,24,173,6
2022-11-02,PA,24,172,6
2022-11-01,PA,24,165,6
2022-10-31,PA,24,164,6
2022-10-30,PA,22,171,8
2022-10-29,PA,22,172,7
2022-10-28,PA,24,171,7
2022-10-27,PA,24,172,6
2022-10-26,PA,24,172,6
2022-10-25,PA,22,166,6
2022-10-24,PA,23,167,6
2022-10-23,PA,22,176,6
2022-10-22,PA,23,175,6
2022-10-21,PA,25,173,7
2022-10-20,PA,24,175,6
2022-10-19,PA,24,172,6
2022-10-18,PA,22,167,6
2022-10-17,PA,21,169,6
2022-10-16,PA,21,172,7
2022-10-15,PA,22,172,7
2022-10-14,PA,22,174,6
2022-10-13,PA,24,171,6
2022-10-12,PA,23,171,6
2022-10-11,PA,22,167,6
2022-10-10,PA,21,168,6
2022-10-09,PA,21,176,6
2022-10-08,PA,22,176,6
2022-10-07,PA,21,177,6
2022-10-06,PA,20,178,6
2022-10-05,PA,22,176,6
2022-10-04,PA,21,168,6
2022-10-03,PA,22,167,6
2022-10-02,PA,20,174,6
2022-10-01,PA,21,174,6
2022-09-30,PA,24,172,6
2022-09-29,PA,24,172,6
2022-09-28,PA,22,171,6
2022-09-27,PA,23,167,6
2022-09-26,PA,22,169,6
2022-09-25,PA,22,172,6
2022-09-24,PA,22,173,6
2022-09-23,PA,23,172,6
2022-09-22,PA,24,170,6
2022-09-21,PA,23,171,6
2022-09-20,PA,23,165,6
2022-09-19,PA,23,166,6
2022-09-18,PA,24,168,6
2022-09-17,PA,24,168,6
2022-09-16,PA,24,169,6
2022-09-15,PA,24,169,6
2022-09-14,PA,22,171,6
2022-09-13,PA,24,164,6
2022-09-12,PA,23,165,6
2022-09-11,PA,23,173,6
2022-09-10,PA,21,168,13
2022-09-09,PA,23,181,6
2022-09-08,PA,23,181,6
2022-09-07,PA,22,181,6
2022-09-06,PA,23,171,6
2022-09-05,PA,22,174,7
2022-09-04,PA,23,181,7
2022-09-03,PA,23,182,6
2022-09-02,PA,23,181,7
2022-09-01,PA,21,183,7
2022-08-31,PA,25,179,7
2022-08-30,PA,24,172,6
2022-08-29,PA,24,173,6
2022-08-28,PA,24,182,7
2022-08-27,PA,23,183,7
2022-08-26,PA,21,186,6
2022-08-25,PA,23,184,6
2022-08-24,PA,25,181,6
2022-08-23,PA,24,171,6
2022-08-22,PA,24,170,6
2022-08-21,PA,22,191,6
2022-08-20,PA,23,190,6
2022-08-19,PA,22,191,6
2022-08-18,PA,22,191,6
2022-08-17,PA,22,191,6
2022-08-16,PA,22,175,6
2022-08-15,PA,23,174,6
2022-08-14,PA,23,200,6
2022-08-13,PA,25,197,7
2022-08-12,PA,25,198,6
2022-08-11,PA,26,197,6
2022-08-10,PA,26,197,6
2022-08-09,PA,24,172,6
2022-08-08,PA,24,173,6
2022-08-07,PA,23,200,7
2022-08-06,PA,25,198,7
2022-08-05,PA,26,198,6
2022-08-04,PA,25,198,7
2022-08-03,PA,26,198,6
2022-08-02,PA,24,170,7
2022-08-01,PA,23,171,7
2022-07-31,PA,23,200,7
2022-07-30,PA,22,201,7
2022-07-29,PA,24,199,7
2022-07-28,PA,23,200,7
2022-07-27,PA,26,198,6
2022-07-26,PA,25,169,7
2022-07-25,PA,22,173,6
2022-07-24,PA,26,197,7
2022-07-23,PA,27,197,6
2022-07-22,PA,23,201,6
2022-07-21,PA,25,198,7
2022-07-20,PA,28,196,6
2022-07-19,PA,23,173,6
2022-07-18,PA,22,176,7
2022-07-17,PA,24,199,6
2022-07-16,PA,26,197,6
2022-07-15,PA,25,198,6
2022-07-14,PA,24,199,6
2022-07-13,PA,23,200,6
2022-07-12,PA,22,176,7
2022-07-11,PA,21,177,7
2022-07-10,PA,27,195,7
2022-07-09,PA,28,194,7
2022-07-08,PA,33,190,6
2022-07-07,PA,33,190,6
2022-07-06,PA,32,191,6
2022-07-05,PA,34,160,6
2022-07-04,PA,29,165,6
2022-07-03,PA,29,194,6
2022-07-02,PA,28,195,6
2022-07-01,PA,31,192,6
2022-06-30,PA,29,194,6
2022-06-29,PA,30,193,6
2022-06-28,PA,30,164,6
2022-06-27,PA,30,164,6
2022-06-26,PA,26,196,6
2022-06-25,PA,27,195,6
2022-06-24,PA,29,193,6
2022-06-23,PA,32,190,6
2022-06-22,PA,32,190,6
2022-06-21,PA,31,162,6
2022-06-20,PA,34,160,7
2022-06-19,PA,27,195,7
2022-06-18,PA,28,195,6
2022-06-17,PA,32,190,7
2022-06-16,PA,28,195,6
2022-06-15,PA,33,190,6
2022-06-14,PA,34,159,6
2022-06-13,PA,33,159,7
2022-06-12,PA,27,194,7
2022-06-11,PA,27,194,7
2022-06-10,PA,32,189,7
2022-06-09,PA,32,190,6
2022-06-08,PA,34,188,6
2022-06-07,PA,36,157,6
2022-06-06,PA,36,157,6
2022-06-05,PA,27,194,7
2022-06-04,PA,24,197,7
2022-06-03,PA,30,191,7
2022-06-02,PA,33,188,7
2022-06-01,PA,34,187,7
2022-05-31,PA,31,161,6
2022-05-30,PA,31,162,6
2022-05-29,PA,29,192,6
2022-05-28,PA,33,188,6
2022-05-27,PA,36,185,6
2022-05-26,PA,33,188,6
2022-05-25,PA,31,190,6
2022-05-24,PA,33,160,6
2022-05-23,PA,35,160,6
2022-05-22,PA,31,190,6
2022-05-21,PA,30,190,7
2022-05-20,PA,36,185,6
2022-05-19,PA,36,185,6
2022-05-18,PA,36,185,6
2022-05-17,PA,32,161,6
2022-05-16,PA,36,158,7
2022-05-15,PA,29,192,6
2022-05-14,PA,27,193,7
2022-05-13,PA,30,191,6
2022-05-12,PA,31,190,6
2022-05-11,PA,35,186,6
2022-05-10,PA,33,160,6
2022-05-09,PA,32,162,6
2022-05-08,PA,30,190,7
2022-05-07,PA,27,193,7
2022-05-06,PA,31,190,6
2022-05-05,PA,34,187,6
2022-05-04,PA,32,189,6
2022-05-03,PA,35,158,6
2022-05-02,PA,32,161,6
2022-05-01,PA,31,190,6
2022-04-30,PA,32,189,6
2022-04-29,PA,37,183,7
2022-04-28,PA,37,184,6
2022-04-27,PA,37,184,6
2022-04-26,PA,29,164,6
2022-04-25,PA,32,161,6
2022-04-24,PA,29,192,6
2022-04-23,PA,27,193,7
2022-04-22,PA,32,189,6
2022-04-21,PA,31,190,6
2022-04-20,PA,34,187,6
2022-04-19,PA,33,160,6
2022-04-18,PA,33,160,6
2022-04-17,PA,30,190,7
2022-04-16,PA,29,192,6
2022-04-15,PA,35,186,6
2022-04-14,PA,33,188,6
2022-04-13,PA,36,185,6
2022-04-12,PA,33,160,6
2022-04-11,PA,35,156,8
2022-04-10,PA,28,191,8
2022-04-09,PA,26,193,8
2022-04-08,PA,31,190,6
2022-04-07,PA,31,190,6
2022-04-06,PA,34,187,6
2022-04-05,PA,33,160,6
2022-04-04,PA,32,161,6
2022-04-03,PA,29,192,6
2022-04-02,PA,28,193,6
2022-04-01,PA,33,188,6
2022-03-31,PA,32,189,6
2022-03-30,PA,34,187,6
2022-03-29,PA,30,162,7
2022-03-28,PA,32,161,6
2022-03-27,PA,30,190,7
2022-03-26,PA,27,194,6
2022-03-25,PA,33,188,6
2022-03-24,PA,32,189,6
2022-03-23,PA,36,185,6
2022-03-22,PA,34,159,6
2022-03-21,PA,34,159,6
2022-03-20,PA,35,186,6
2022-03-19,PA,37,184,6
2022-03-18,PA,29,192,6
2022-03-17,PA,40,181,6
2022-03-16,PA,42,179,6
2022-03-15,PA,40,155,6
2022-03-14,PA,42,154,6
2022-03-13,PA,37,184,6
2022-03-12,PA,40,181,6
2022-03-11,PA,42,179,6
2022-03-10,PA,40,181,6
2022-03-09,PA,43,178,6
2022-03-08,PA,44,149,6
2022-03-07,PA,45,149,6
2022-03-06,PA,41,180,6
2022-03-05,PA,42,179,6
2022-03-04,PA,45,176,6
2022-03-03,PA,46,175,6
2022-03-02,PA,47,174,6
2022-03-01,PA,41,152,6
2022-02-28,PA,41,153,6
2022-02-27,PA,39,181,6
2022-02-26,PA,44,177,6
2022-02-25,PA,45,176,6
2022-02-24,PA,47,174,6
2022-02-23,PA,47,174,6
2022-02-22,PA,43,160,6
2022-02-21,PA,46,159,6
2022-02-20,PA,41,180,6
2022-02-19,PA,41,180,6
2022-02-18,PA,48,173,6
2022-02-17,PA,44,177,6
2022-02-16,PA,45,176,6
2022-02-15,PA,48,154,6
2022-02-14,PA,49,153,6
2022-02-13,PA,43,179,6
2022-02-12,PA,41,181,6
2022-02-11,PA,43,179,6
2022-02-10,PA,46,176,6
2022-02-09,PA,46,176,6
2022-02-08,PA,45,158,6
2022-02-07,PA,49,157,6
2022-02-06,PA,46,176,6
2022-02-05,PA,43,179,6
2022-02-04,PA,47,176,6
2022-02-03,PA,52,171,6
2022-02-02,PA,49,174,6
2022-02-01,PA,49,156,6
2022-01-31,PA,51,154,6
2022-01-30,PA,46,176,7
2022-01-29,PA,46,176,7
2022-01-28,PA,52,171,6
2022-01-27,PA,46,176,7
2022-01-26,PA,45,178,6
2022-01-25,PA,42,162,6
2022-01-24,PA,44,161,6
2022-01-23,PA,45,177,7
2022-01-22,PA,43,179,7
2022-01-21,PA,46,177,6
2022-01-20,PA,45,178,6
2022-01-19,PA,46,177,6
2022-01-18,PA,42,162,6
2022-01-17,PA,42,163,6
2022-01-16,PA,47,176,6
2022-01-15,PA,44,179,6
2022-01-14,PA,44,179,6
2022-01-13,PA,47,176,6
2022-01-12,PA,47,176,6
2022-01-11,PA,41,161,6
2022-01-10,PA,46,156,6
2022-01-09,PA,42,179,6
2022-01-08,PA,41,180,6
2022-01-07,PA,46,175,6
2022-01-06,PA,44,177,6
2022-01-05,PA,43,179,6
2022-01-04,PA,39,167,6
2022-01-03,PA,43,163,6
2022-01-02,PA,33,190,6
2022-01-01,PA,32,191,6
2021-12-31,PA,35,188,6
2021-12-30,PA,41,182,6
2021-12-29,PA,35,188,6
2021-12-28,PA,38,165,6
2021-12-27,PA,32,172,6
2021-12-26,PA,32,191,6
2021-12-25,PA,30,193,6
2021-12-24,PA,32,191,6
2021-12-23,PA,39,184,6
2021-12-22,PA,36,187,6
2021-12-21,PA,41,172,6
2021-12-20,PA,41,172,6
2021-12-19,PA,36,188,6
2021-12-18,PA,34,190,6
2021-12-17,PA,40,184,6
2021-12-16,PA,35,187,6
2021-12-15,PA,33,189,6
2021-12-14,PA,36,170,6
2021-12-13,PA,35,170,6
2021-12-12,PA,31,192,6
2021-12-11,PA,32,191,6
2021-12-10,PA,33,190,6
2021-12-09,PA,34,189,6
2021-12-08,PA,32,191,6
2021-12-07,PA,34,172,6
2021-12-06,PA,35,173,6
2021-12-05,PA,37,186,6
2021-12-04,PA,32,191,6
2021-12-03,PA,38,185,6
2021-12-02,PA,35,188,6
2021-12-01,PA,36,187,6
2021-11-30,PA,37,169,6
2021-11-29,PA,34,173,6
2021-11-28,PA,32,191,6
2021-11-27,PA,33,190,6
2021-11-26,PA,35,188,6
2021-11-25,PA,33,190,6
2021-11-24,PA,34,189,6
2021-11-23,PA,36,172,6
2021-11-22,PA,35,172,6
2021-11-21,PA,35,188,6
2021-11-20,PA,34,188,6
2021-11-19,PA,37,185,6
2021-11-18,PA,39,183,6
2021-11-17,PA,34,188,6
2021-11-16,PA,36,170,6
2021-11-15,PA,35,170,6
2021-11-14,PA,33,187,6
2021-11-13,PA,36,184,6
2021-11-12,PA,37,183,6
2021-11-11,PA,38,182,6
2021-11-10,PA,39,181,6
2021-11-09,PA,35,169,6
2021-11-08,PA,35,168,7
2021-11-07,PA,33,187,6
2021-11-06,PA,36,184,6
2021-11-05,PA,40,180,6
2021-11-04,PA,40,180,6
2021-11-03,PA,39,181,6
2021-11-02,PA,40,164,6
2021-11-01,PA,37,165,6
2021-10-31,PA,36,184,6
2021-10-30,PA,38,182,6
2021-10-29,PA,35,185,6
2021-10-28,PA,35,185,6
2021-10-27,PA,34,186,6
2021-10-26,PA,34,171,6
2021-10-25,PA,37,167,6
2021-10-24,PA,36,184,6
2021-10-23,PA,37,183,6
2021-10-22,PA,34,186,6
2021-10-21,PA,35,185,6
2021-10-20,PA,33,187,6
2021-10-19,PA,31,172,6
2021-10-18,PA,30,172,6
2021-10-17,PA,33,187,6
2021-10-16,PA,34,187,6
2021-10-15,PA,34,187,6
2021-10-14,PA,37,184,6
2021-10-13,PA,35,186,6
2021-10-12,PA,33,171,6
2021-10-11,PA,31,173,6
2021-10-10,PA,32,189,6
2021-10-09,PA,30,191,6
2021-10-08,PA,33,188,6
2021-10-07,PA,33,188,6
2021-10-06,PA,31,190,6
2021-10-05,PA,26,179,6
2021-10-04,PA,28,177,6
2021-10-03,PA,28,193,6
2021-10-02,PA,33,188,6
2021-10-01,PA,31,189,6
2021-09-30,PA,33,187,6
2021-09-29,PA,30,190,6
2021-09-28,PA,25,180,6
2021-09-27,PA,28,177,6
2021-09-26,PA,26,195,6
2021-09-25,PA,26,195,6
2021-09-24,PA,26,195,6
2021-09-23,PA,31,190,6
2021-09-22,PA,34,187,6
2021-09-21,PA,32,174,6
2021-09-20,PA,32,173,6
2021-09-19,PA,34,187,6
2021-09-18,PA,31,190,6
2021-09-17,PA,34,187,6
2021-09-16,PA,36,185,6
2021-09-15,PA,35,186,6
2021-09-14,PA,28,177,6
2021-09-13,PA,31,175,6
2021-09-12,PA,32,189,6
2021-09-11,PA,33,188,6
2021-09-10,PA,38,183,6
2021-09-09,PA,35,185,6
2021-09-08,PA,34,186,6
2021-09-07,PA,31,172,6
2021-09-06,PA,33,169,6
2021-09-05,PA,31,188,6
2021-09-04,PA,33,186,6
2021-09-03,PA,32,187,6
2021-09-02,PA,33,187,6
2021-09-01,PA,30,190,6
2021-08-31,PA,31,173,6
2021-08-30,PA,29,175,6
2021-08-29,PA,31,189,6
2021-08-28,PA,28,193,6
2021-08-27,PA,30,191,6
2021-08-26,PA,30,191,6
2021-08-25,PA,29,192,6
2021-08-24,PA,26,179,6
2021-08-23,PA,26,179,6
2021-08-22,PA,29,192,6
2021-08-21,PA,29,192,6
2021-08-20,PA,32,189,6
2021-08-19,PA,31,190,6
2021-08-18,PA,29,192,6
2021-08-17,PA,25,178,6
2021-08-16,PA,22,181,6
2021-08-15,PA,25,196,6
2021-08-14,PA,23,198,6
2021-08-13,PA,27,194,6
2021-08-12,PA,27,194,6
2021-08-11,PA,29,192,6
2021-08-10,PA,24,180,6
2021-08-09,PA,27,178,6
2021-08-08,PA,27,194,6
2021-08-07,PA,29,192,6
2021-08-06,PA,31,190,6
2021-08-05,PA,31,190,6
2021-08-04,PA,29,192,6
2021-08-03,PA,27,175,6
2021-08-02,PA,27,176,6
2021-08-01,PA,31,190,6
2021-07-31,PA,27,194,6
2021-07-30,PA,28,193,6
2021-07-29,PA,29,192,6
2021-07-28,PA,30,191,6
2021-07-27,PA,27,177,6
2021-07-26,PA,24,180,6
2021-07-25,PA,25,196,6
2021-07-24,PA,25,196,6
2021-07-23,PA,28,193,6
2021-07-22,PA,27,194,6
2021-07-21,PA,27,194,6
2021-07-20,PA,31,169,6
2021-07-19,PA,29,171,6
2021-07-18,PA,30,191,6
2021-07-17,PA,30,191,6
2021-07-16,PA,30,191,6
2021-07-15,PA,30,191,6
2021-07-14,PA,31,190,6
2021-07-13,PA,28,171,6
2021-07-12,PA,31,169,6
2021-07-11,PA,28,193,6
2021-07-10,PA,30,191,6
2021-07-09,PA,29,192,6
2021-07-08,PA,28,193,6
2021-07-07,PA,27,194,6
2021-07-06,PA,28,173,6
2021-07-05,PA,28,173,6
2021-07-04,PA,28,193,6
2021-07-03,PA,29,192,6
2021-07-02,PA,27,194,6
2021-07-01,PA,29,192,6
2021-06-30,PA,29,192,6
2021-06-29,PA,26,173,6
2021-06-28,PA,29,171,6
2021-06-27,PA,29,192,6
2021-06-26,PA,29,192,6
2021-06-25,PA,31,190,6
2021-06-24,PA,29,192,6
2021-06-23,PA,27,194,6
2021-06-22,PA,27,172,6
2021-06-21,PA,28,172,6
2021-06-20,PA,31,190,6
2021-06-19,PA,29,192,6
2021-06-18,PA,31,190,6
2021-06-17,PA,31,190,6
2021-06-16,PA,33,188,6
2021-06-15,PA,26,174,6
2021-06-14,PA,30,170,6
2021-06-13,PA,28,194,6
2021-06-12,PA,26,196,6
2021-06-11,PA,27,195,6
2021-06-10,PA,32,190,6
2021-06-09,PA,31,191,6
2021-06-08,PA,30,169,6
2021-06-07,PA,31,167,6
2021-06-06,PA,29,193,6
2021-06-05,PA,30,191,7
2021-06-04,PA,31,191,6
2021-06-03,PA,30,192,6
2021-06-02,PA,30,192,6
2021-06-01,PA,30,173,6
2021-05-31,PA,31,173,6
2021-05-30,PA,33,188,6
2021-05-29,PA,32,189,6
2021-05-28,PA,31,190,6
2021-05-27,PA,33,188,6
2021-05-26,PA,32,189,6
2021-05-25,PA,29,175,6
2021-05-24,PA,28,176,6
2021-05-23,PA,31,191,6
2021-05-22,PA,29,193,6
2021-05-21,PA,28,194,6
2021-05-20,PA,28,194,6
2021-05-19,PA,29,193,6
2021-05-18,PA,29,175,6
2021-05-17,PA,31,172,6
2021-05-16,PA,30,192,6
2021-05-15,PA,33,189,6
2021-05-14,PA,32,190,6
2021-05-13,PA,32,190,6
2021-05-12,PA,32,190,6
2021-05-11,PA,29,172,6
2021-05-10,PA,30,172,6
2021-05-09,PA,30,191,6
2021-05-08,PA,30,191,6
2021-05-07,PA,32,189,6
2021-05-06,PA,31,190,6
2021-05-05,PA,26,195,6
2021-05-04,PA,23,180,6
2021-05-03,PA,25,177,6
2021-05-02,PA,26,196,6
2021-05-01,PA,22,200,6
2021-04-30,PA,26,196,6
2021-04-29,PA,24,198,6
2021-04-28,PA,25,197,6
2021-04-27,PA,23,180,6
2021-04-26,PA,23,180,6
2021-04-25,PA,24,198,6
2021-04-24,PA,25,197,6
2021-04-23,PA,24,198,6
2021-04-22,PA,23,199,6
2021-04-21,PA,23,199,6
2021-04-20,PA,24,180,6
2021-04-19,PA,23,180,6
2021-04-18,PA,22,200,6
2021-04-17,PA,23,199,6
2021-04-16,PA,24,198,6
2021-04-15,PA,22,200,6
2021-04-14,PA,20,202,6
2021-04-13,PA,23,182,6
2021-04-12,PA,23,181,6
2021-04-11,PA,22,200,6
2021-04-10,PA,23,199,6
2021-04-09,PA,24,198,6
2021-04-08,PA,25,197,6
2021-04-07,PA,19,203,6
2021-04-06,PA,24,184,6
2021-04-05,PA,27,181,6
2021-04-04,PA,26,196,6
2021-04-03,PA,23,199,6
2021-04-02,PA,26,196,6
2021-04-01,PA,26,196,6
2021-03-31,PA,24,198,6
2021-03-30,PA,24,178,6
2021-03-29,PA,21,181,6
2021-03-28,PA,22,199,6
2021-03-27,PA,21,200,6
2021-03-26,PA,21,200,6
2021-03-25,PA,23,198,6
2021-03-24,PA,25,196,6
2021-03-23,PA,26,178,6
2021-03-22,PA,26,179,6
2021-03-21,PA,22,198,6
2021-03-20,PA,21,200,6
2021-03-19,PA,25,196,6
2021-03-18,PA,23,198,6
2021-03-17,PA,26,195,6
2021-03-16,PA,22,181,6
2021-03-15,PA,26,178,6
2021-03-14,PA,27,195,6
2021-03-13,PA,23,199,6
2021-03-12,PA,24,198,6
2021-03-11,PA,23,199,6
2021-03-10,PA,24,198,6
2021-03-09,PA,27,177,6
2021-03-08,PA,25,178,6
2021-03-07,PA,26,196,6
2021-03-06,PA,25,197,6
2021-03-05,PA,25,197,6
2021-03-04,PA,27,194,7
2021-03-03,PA,26,196,6
2021-03-02,PA,24,177,7
2021-03-01,PA,27,176,6
2021-02-28,PA,26,196,6
2021-02-27,PA,26,196,6
2021-02-26,PA,25,197,6
2021-02-25,PA,27,195,6
2021-02-24,PA,24,198,6
2021-02-23,PA,26,174,6
2021-02-22,PA,25,174,6
2021-02-21,PA,25,197,6
2021-02-20,PA,26,196,6
2021-02-19,PA,30,192,6
2021-02-18,PA,29,193,6
2021-02-17,PA,28,194,6
2021-02-16,PA,28,173,6
2021-02-15,PA,26,175,6
2021-02-14,PA,29,193,6
2021-02-13,PA,27,195,6
2021-02-12,PA,26,196,6
2021-02-11,PA,30,192,6
2021-02-10,PA,30,192,6
2021-02-09,PA,29,172,6
2021-02-08,PA,31,170,6
2021-02-07,PA,34,188,6
2021-02-06,PA,34,188,6
2021-02-05,PA,34,188,6
2021-02-04,PA,33,189,6
2021-02-03,PA,32,190,6
2021-02-02,PA,31,169,6
2021-02-01,PA,30,170,6
2021-01-31,PA,31,191,6
2021-01-30,PA,31,191,6
2021-01-29,PA,32,190,6
2021-01-28,PA,31,191,6
2021-01-27,PA,32,190,6
2021-01-26,PA,27,172,6
2021-01-25,PA,37,162,6
2021-01-24,PA,32,190,6
2021-01-23,PA,35,187,6
2021-01-22,PA,34,188,6
2021-01-21,PA,35,187,6
2021-01-20,PA,33,189,6
2021-01-19,PA,33,165,6
2021-01-18,PA,36,160,6
2021-01-17,PA,34,188,6
2021-01-16,PA,31,191,6
2021-01-15,PA,32,190,6
2021-01-14,PA,33,189,6
2021-01-13,PA,34,188,6
2021-01-12,PA,39,158,6
2021-01-11,PA,40,157,6
2021-01-10,PA,35,187,6
2021-01-09,PA,37,185,6
2021-01-08,PA,40,182,6
2021-01-07,PA,36,186,6
2021-01-06,PA,37,185,6
2021-01-05,PA,36,162,6
2021-01-04,PA,32,167,6
2021-01-03,PA,37,186,6
2021-01-02,PA,36,187,6
2021-01-01,PA,32,191,6
2020-12-31,PA,35,187,6
2020-12-30,PA,22,199,6
2020-12-29,PA,35,150,6
2020-12-28,PA,41,143,6
2020-12-27,PA,49,172,6
2020-12-26,PA,49,172,6
2020-12-25,PA,51,170,6
2020-12-24,PA,50,171,6
2020-12-23,PA,49,172,6
2020-12-22,PA,45,148,6
2020-12-21,PA,45,148,6
2020-12-20,PA,50,171,6
2020-12-19,PA,50,171,6
2020-12-18,PA,47,174,6
2020-12-17,PA,48,173,6
2020-12-16,PA,45,176,6
2020-12-15,PA,40,145,6
2020-12-14,PA,38,148,6
2020-12-13,PA,44,176,6
2020-12-12,PA,44,177,6
2020-12-11,PA,44,177,6
2020-12-10,PA,44,177,6
2020-12-09,PA,43,178,6
2020-12-08,PA,39,149,6
2020-12-07,PA,35,153,6
2020-12-06,PA,30,191,6
2020-12-05,PA,32,189,6
2020-12-04,PA,33,188,6
2020-12-03,PA,34,187,6
2020-12-02,PA,35,185,6
2020-12-01,PA,27,157,6
2020-11-30,PA,28,159,6
2020-11-29,PA,30,189,6
2020-11-28,PA,31,189,6
2020-11-27,PA,32,188,6
2020-11-26,PA,33,187,6
2020-11-25,PA,32,188,6
2020-11-24,PA,29,159,6
2020-11-23,PA,30,158,6
2020-11-22,PA,33,187,6
2020-11-21,PA,31,189,6
2020-11-20,PA,31,189,6
2020-11-19,PA,32,187,6
2020-11-18,PA,30,189,6
2020-11-17,PA,27,161,6
2020-11-16,PA,27,165,6
2020-11-15,PA,28,188,6
2020-11-14,PA,28,189,6
2020-11-13,PA,27,191,6
2020-11-12,PA,28,190,6
2020-11-11,PA,27,188,6
2020-11-10,PA,25,170,6
2020-11-09,PA,23,169,6
2020-11-08,PA,24,194,6
2020-11-07,PA,25,193,6
2020-11-06,PA,24,194,6
2020-11-05,PA,25,193,6
2020-11-04,PA,25,191,6
2020-11-03,PA,22,168,6
2020-11-02,PA,22,170,7
2020-11-01,PA,25,187,9
2020-10-31,PA,26,186,9
2020-10-30,PA,26,184,10
2020-10-29,PA,26,185,10
2020-10-28,PA,26,184,9
2020-10-27,PA,22,166,8
2020-10-26,PA,24,165,8
2020-10-25,PA,26,183,8
2020-10-24,PA,25,184,8
2020-10-23,PA,24,185,8
2020-10-22,PA,24,185,9
2020-10-21,PA,24,184,9
2020-10-20,PA,23,179,9
2020-10-19,PA,22,180,9
2020-10-18,PA,26,182,10
2020-10-17,PA,26,182,11
2020-10-16,PA,26,183,11
2020-10-15,PA,25,179,11
2020-10-14,PA,25,177,13
2020-10-13,PA,27,171,11
2020-10-12,PA,27,173,12
2020-10-11,PA,27,174,13
2020-10-10,PA,27,174,13
2020-10-09,PA,27,173,13
2020-10-08,PA,24,172,17
2020-10-07,PA,23,167,20
2020-10-06,PA,23,169,19
2020-10-05,PA,21,170,19
2020-10-04,PA,20,171,20
2020-10-03,PA,20,173,20
2020-10-02,PA,20,173,20
2020-10-01,PA,20,172,20
2020-09-30,PA,19,174,20
2020-09-29,PA,20,173,21
2020-09-28,PA,21,172,20
2020-09-27,PA,21,174,18
2020-09-26,PA,21,174,19
2020-09-25,PA,22,174,19
2020-09-24,PA,21,175,19
2020-09-23,PA,21,175,19
2020-09-22,PA,21,174,19
2020-09-21,PA,22,173,18
2020-09-20,PA,22,171,19
2020-09-19,PA,23,170,19
2020-09-18,PA,23,174,18
2020-09-17,PA,23,173,19
2020-09-16,PA,23,173,19
2020-09-15,PA,23,173,18
2020-09-14,PA,23,173,18
2020-09-13,PA,23,170,18
2020-09-12,PA,23,172,18
2020-09-11,PA,21,173,19
2020-09-10,PA,23,171,18
2020-09-09,PA,24,171,17
2020-09-08,PA,24,171,16
2020-09-07,PA,24,169,16
2020-09-06,PA,24,169,16
2020-09-05,PA,23,170,17
2020-09-04,PA,24,171,17
2020-09-03,PA,25,170,17
2020-09-02,PA,23,171,17
2020-09-01,PA,23,168,17
2020-08-31,PA,25,166,17
2020-08-30,PA,23,165,17
2020-08-29,PA,23,166,17
2020-08-28,PA,23,166,17
2020-08-27,PA,23,165,17
2020-08-26,PA,25,153,26
2020-08-25,PA,26,153,26
2020-08-24,PA,25,154,27
2020-08-23,PA,24,155,27
2020-08-22,PA,23,156,27
2020-08-21,PA,23,155,28
2020-08-20,PA,23,155,28
2020-08-19,PA,23,152,29
2020-08-18,PA,26,149,30
2020-08-17,PA,24,149,25
2020-08-16,PA,24,149,25
2020-08-15,PA,24,152,27
2020-08-14,PA,23,153,27
2020-08-13,PA,23,153,27
2020-08-12,PA,24,151,27
2020-08-11,PA,22,153,27
2020-08-10,PA,22,153,27
2020-08-09,PA,21,154,27
2020-08-08,PA,21,153,28
2020-08-07,PA,21,153,28
2020-08-06,PA,21,153,28
2020-08-05,PA,20,151,28
2020-08-04,PA,20,148,29
2020-08-03,PA,23,148,28
2020-08-02,PA,25,140,30
2020-08-01,PA,25,143,27
2023-04-10,PR,0,6,0
2023-04-09,PR,0,7,35
2023-04-08,PR,0,7,35
2023-04-07,PR,0,7,35
2023-04-06,PR,0,7,36
2023-04-05,PR,0,7,36
2023-04-04,PR,0,5,38
2023-04-03,PR,0,8,35
2023-04-02,PR,0,8,35
2023-04-01,PR,0,4,39
2023-03-31,PR,0,6,37
2023-03-30,PR,0,8,35
2023-03-29,PR,0,8,35
2023-03-28,PR,0,8,35
2023-03-27,PR,0,8,35
2023-03-26,PR,0,8,35
2023-03-25,PR,0,2,41
2023-03-24,PR,0,7,33
2023-03-23,PR,0,6,34
2023-03-22,PR,0,6,34
2023-03-21,PR,0,7,33
2023-03-20,PR,0,9,31
2023-03-19,PR,0,8,32
2023-03-18,PR,0,8,32
2023-03-17,PR,0,7,33
2023-03-16,PR,0,6,34
2023-03-15,PR,3,26,11
2023-03-14,PR,0,6,34
2023-03-13,PR,0,7,33
2023-03-12,PR,0,6,34
2023-03-11,PR,0,5,35
2023-03-10,PR,0,7,33
2023-03-09,PR,0,8,32
2023-03-08,PR,4,22,14
2023-03-07,PR,0,6,34
2023-03-06,PR,0,7,33
2023-03-05,PR,0,6,34
2023-03-04,PR,0,6,34
2023-03-03,PR,0,9,31
2023-03-02,PR,0,9,31
2023-03-01,PR,3,25,12
2023-02-28,PR,0,10,29
2023-02-27,PR,0,10,29
2023-02-26,PR,0,9,30
2023-02-25,PR,0,9,30
2023-02-24,PR,0,10,29
2023-02-23,PR,0,10,29
2023-02-22,PR,4,20,15
2023-02-21,PR,0,7,32
2023-02-20,PR,0,7,33
2023-02-19,PR,0,7,33
2023-02-18,PR,0,7,33
2023-02-17,PR,0,7,33
2023-02-16,PR,0,6,34
2023-02-15,PR,3,23,13
2023-02-14,PR,0,10,29
2023-02-13,PR,0,11,28
2023-02-12,PR,0,4,35
2023-02-11,PR,0,10,29
2023-02-10,PR,0,10,29
2023-02-09,PR,0,11,28
2023-02-08,PR,4,24,11
2023-02-07,PR,0,11,28
2023-02-06,PR,0,9,30
2023-02-05,PR,0,6,33
2023-02-04,PR,0,10,29
2023-02-03,PR,0,11,28
2023-02-02,PR,0,11,28
2023-02-01,PR,3,26,10
2023-01-31,PR,0,12,27
2023-01-30,PR,0,8,31
2023-01-29,PR,0,8,31
2023-01-28,PR,0,8,31
2023-01-27,PR,0,10,29
2023-01-26,PR,0,11,28
2023-01-25,PR,4,28,7
2023-01-24,PR,0,9,30
2023-01-23,PR,0,11,28
2023-01-22,PR,0,7,32
2023-01-21,PR,0,7,32
2023-01-20,PR,0,10,29
2023-01-19,PR,0,11,28
2023-01-18,PR,4,34,1
2023-01-17,PR,0,10,29
2023-01-16,PR,0,10,29
2023-01-15,PR,0,12,27
2023-01-14,PR,0,12,27
2023-01-13,PR,0,13,26
2023-01-12,PR,0,13,26
2023-01-11,PR,2,36,1
2023-01-10,PR,0,14,25
2023-01-09,PR,0,14,25
2023-01-08,PR,0,12,27
2023-01-07,PR,0,12,27
2023-01-06,PR,0,11,28
2023-01-05,PR,0,14,24
2023-01-04,PR,0,15,24
2023-01-03,PR,0,13,26
2023-01-02,PR,0,12,27
2023-01-01,PR,0,12,27
2022-12-31,PR,0,6,32
2022-12-30,PR,0,10,28
2022-12-29,PR,3,32,4
2022-12-28,PR,5,30,4
2022-12-27,PR,1,11,27
2022-12-26,PR,0,12,27
2022-12-25,PR,1,12,26
2022-12-24,PR,0,8,31
2022-12-23,PR,0,11,28
2022-12-22,PR,0,8,31
2022-12-21,PR,5,34,1
2022-12-20,PR,0,11,29
2022-12-19,PR,1,14,25
2022-12-18,PR,2,27,36
2022-12-17,PR,2,24,40
2022-12-16,PR,2,26,38
2022-12-15,PR,2,22,42
2022-12-14,PR,7,39,20
2022-12-13,PR,1,8,57
2022-12-12,PR,1,13,52
2022-12-11,PR,2,17,47
2022-12-10,PR,1,14,51
2022-12-09,PR,1,14,51
2022-12-08,PR,2,16,48
2022-12-07,PR,5,43,17
2022-12-06,PR,2,8,55
2022-12-05,PR,2,8,55
2022-12-04,PR,2,11,52
2022-12-03,PR,3,18,44
2022-12-02,PR,3,24,39
2022-12-01,PR,2,8,56
2022-11-30,PR,6,41,19
2022-11-29,PR,2,9,55
2022-11-28,PR,3,12,50
2022-11-27,PR,3,15,48
2022-11-26,PR,3,13,50
2022-11-25,PR,3,17,46
2022-11-24,PR,3,16,47
2022-11-23,PR,5,45,16
2022-11-22,PR,1,7,58
2022-11-21,PR,1,13,52
2022-11-20,PR,2,13,51
2022-11-19,PR,1,14,51
2022-11-18,PR,3,10,53
2022-11-17,PR,3,7,56
2022-11-16,PR,6,43,17
2022-11-15,PR,1,6,59
2022-11-14,PR,2,13,51
2022-11-13,PR,2,14,50
2022-11-12,PR,1,15,50
2022-11-11,PR,2,11,53
2022-11-10,PR,1,12,53
2022-11-09,PR,4,36,26
2022-11-08,PR,3,7,56
2022-11-07,PR,2,9,55
2022-11-06,PR,2,15,49
2022-11-05,PR,2,14,49
2022-11-04,PR,2,8,55
2022-11-03,PR,2,9,55
2022-11-02,PR,5,40,21
2022-11-01,PR,4,23,39
2022-10-31,PR,2,6,58
2022-10-30,PR,2,11,53
2022-10-29,PR,2,7,57
2022-10-28,PR,2,7,57
2022-10-27,PR,2,5,59
2022-10-26,PR,5,41,20
2022-10-25,PR,2,6,58
2022-10-24,PR,2,8,56
2022-10-23,PR,2,11,53
2022-10-22,PR,2,12,52
2022-10-21,PR,2,4,60
2022-10-20,PR,2,9,55
2022-10-19,PR,7,34,25
2022-10-18,PR,2,6,58
2022-10-17,PR,2,5,59
2022-10-16,PR,3,10,53
2022-10-15,PR,2,7,57
2022-10-14,PR,2,8,56
2022-10-13,PR,2,7,57
2022-10-12,PR,7,40,19
2022-10-11,PR,2,10,54
2022-10-10,PR,2,9,55
2022-10-09,PR,2,13,51
2022-10-08,PR,2,7,57
2022-10-07,PR,2,10,54
2022-10-06,PR,2,7,57
2022-10-05,PR,7,43,16
2022-10-04,PR,2,6,57
2022-10-03,PR,2,8,50
2022-10-02,PR,2,13,46
2022-10-01,PR,2,9,51
2022-09-30,PR,2,10,50
2022-09-29,PR,2,11,49
2022-09-28,PR,8,44,13
2022-09-27,PR,2,11,52
2022-09-26,PR,2,8,55
2022-09-25,PR,2,9,54
2022-09-24,PR,2,8,55
2022-09-23,PR,2,7,56
2022-09-22,PR,1,7,57
2022-09-21,PR,7,43,15
2022-09-20,PR,2,5,58
2022-09-19,PR,2,10,53
2022-09-18,PR,2,10,54
2022-09-17,PR,2,9,55
2022-09-16,PR,1,9,56
2022-09-15,PR,1,11,54
2022-09-14,PR,7,42,17
2022-09-13,PR,2,11,53
2022-09-12,PR,2,9,55
2022-09-11,PR,2,10,54
2022-09-10,PR,2,6,58
2022-09-09,PR,2,9,55
2022-09-08,PR,2,7,56
2022-09-07,PR,6,42,17
2022-09-06,PR,2,10,54
2022-09-05,PR,2,11,53
2022-09-04,PR,2,11,53
2022-09-03,PR,2,10,54
2022-09-02,PR,2,9,55
2022-09-01,PR,3,7,56
2022-08-31,PR,9,44,13
2022-08-30,PR,2,7,57
2022-08-29,PR,2,14,50
2022-08-28,PR,2,12,52
2022-08-27,PR,2,11,53
2022-08-26,PR,2,10,54
2022-08-25,PR,2,8,56
2022-08-24,PR,8,40,18
2022-08-23,PR,2,10,54
2022-08-22,PR,2,11,53
2022-08-21,PR,2,7,56
2022-08-20,PR,2,8,55
2022-08-19,PR,2,9,55
2022-08-18,PR,2,9,55
2022-08-17,PR,7,41,18
2022-08-16,PR,1,10,55
2022-08-15,PR,2,11,53
2022-08-14,PR,2,12,52
2022-08-13,PR,3,7,56
2022-08-12,PR,3,8,55
2022-08-11,PR,3,9,54
2022-08-10,PR,8,46,12
2022-08-09,PR,1,10,55
2022-08-08,PR,2,9,55
2022-08-07,PR,2,14,50
2022-08-06,PR,2,11,52
2022-08-05,PR,2,11,52
2022-08-04,PR,2,11,52
2022-08-03,PR,8,41,16
2022-08-02,PR,2,10,53
2022-08-01,PR,1,16,48
2022-07-31,PR,2,10,53
2022-07-30,PR,2,10,53
2022-07-29,PR,2,12,52
2022-07-28,PR,2,12,52
2022-07-27,PR,5,43,18
2022-07-26,PR,3,10,52
2022-07-25,PR,2,15,49
2022-07-24,PR,2,15,49
2022-07-23,PR,2,16,48
2022-07-22,PR,2,10,54
2022-07-21,PR,1,13,52
2022-07-20,PR,10,42,14
2022-07-19,PR,2,13,51
2022-07-18,PR,3,12,50
2022-07-17,PR,2,9,54
2022-07-16,PR,2,10,53
2022-07-15,PR,1,10,55
2022-07-14,PR,3,12,51
2022-07-13,PR,9,43,14
2022-07-12,PR,1,10,55
2022-07-11,PR,2,14,50
2022-07-10,PR,3,13,50
2022-07-09,PR,2,10,54
2022-07-08,PR,2,8,56
2022-07-07,PR,2,13,51
2022-07-06,PR,6,45,15
2022-07-05,PR,2,8,55
2022-07-04,PR,1,15,49
2022-07-03,PR,1,9,56
2022-07-02,PR,2,11,53
2022-07-01,PR,2,10,54
2022-06-30,PR,2,14,50
2022-06-29,PR,6,45,15
2022-06-28,PR,4,29,33
2022-06-27,PR,2,12,52
2022-06-26,PR,2,10,54
2022-06-25,PR,2,12,52
2022-06-24,PR,2,12,52
2022-06-23,PR,2,19,45
2022-06-22,PR,4,60,2
2022-06-21,PR,2,11,53
2022-06-20,PR,2,11,53
2022-06-19,PR,1,15,49
2022-06-18,PR,1,10,55
2022-06-17,PR,1,12,53
2022-06-16,PR,1,10,55
2022-06-15,PR,10,43,13
2022-06-14,PR,2,9,55
2022-06-13,PR,2,13,50
2022-06-12,PR,2,16,48
2022-06-11,PR,2,16,48
2022-06-10,PR,1,20,45
2022-06-09,PR,1,24,41
2022-06-08,PR,7,57,2
2022-06-07,PR,2,11,53
2022-06-06,PR,2,10,54
2022-06-05,PR,1,12,53
2022-06-04,PR,1,11,54
2022-06-03,PR,1,12,53
2022-06-02,PR,1,11,53
2022-06-01,PR,8,42,15
2022-05-31,PR,3,30,32
2022-05-30,PR,2,14,49
2022-05-29,PR,2,9,54
2022-05-28,PR,2,8,56
2022-05-27,PR,1,11,54
2022-05-26,PR,2,15,49
2022-05-25,PR,6,47,13
2022-05-24,PR,2,14,50
2022-05-23,PR,2,17,47
2022-05-22,PR,3,14,49
2022-05-21,PR,2,27,37
2022-05-20,PR,2,12,52
2022-05-19,PR,3,13,50
2022-05-18,PR,9,49,8
2022-05-17,PR,4,31,31
2022-05-16,PR,2,16,44
2022-05-15,PR,2,17,45
2022-05-14,PR,2,11,51
2022-05-13,PR,1,15,47
2022-05-12,PR,2,12,52
2022-05-11,PR,8,44,14
2022-05-10,PR,2,10,54
2022-05-09,PR,2,13,50
2022-05-08,PR,3,8,55
2022-05-07,PR,3,8,55
2022-05-06,PR,4,8,54
2022-05-05,PR,4,8,54
2022-05-04,PR,10,43,13
2022-05-03,PR,2,11,52
2022-05-02,PR,2,14,49
2022-05-01,PR,2,11,52
2022-04-30,PR,3,11,51
2022-04-29,PR,2,10,53
2022-04-28,PR,2,10,53
2022-04-27,PR,8,47,11
2022-04-26,PR,6,31,29
2022-04-25,PR,2,12,52
2022-04-24,PR,2,12,52
2022-04-23,PR,2,8,56
2022-04-22,PR,2,11,53
2022-04-21,PR,3,8,55
2022-04-20,PR,10,42,13
2022-04-19,PR,2,10,53
2022-04-18,PR,3,15,47
2022-04-17,PR,3,12,50
2022-04-16,PR,2,14,50
2022-04-15,PR,2,11,53
2022-04-14,PR,2,12,52
2022-04-13,PR,10,48,8
2022-04-12,PR,5,30,31
2022-04-11,PR,2,12,52
2022-04-10,PR,2,13,51
2022-04-09,PR,2,12,52
2022-04-08,PR,2,16,48
2022-04-07,PR,2,8,56
2022-04-06,PR,9,46,11
2022-04-05,PR,3,12,51
2022-04-04,PR,3,13,50
2022-04-03,PR,5,21,40
2022-04-02,PR,12,49,5
2022-04-01,PR,2,12,52
2022-03-31,PR,3,13,50
2022-03-30,PR,10,47,9
2022-03-29,PR,3,10,53
2022-03-28,PR,6,21,39
2022-03-27,PR,12,49,5
2022-03-26,PR,2,8,56
2022-03-25,PR,2,12,52
2022-03-24,PR,4,12,50
2022-03-23,PR,9,41,16
2022-03-22,PR,2,11,53
2022-03-21,PR,3,12,51
2022-03-20,PR,4,15,46
2022-03-19,PR,5,27,33
2022-03-18,PR,4,30,32
2022-03-17,PR,2,12,52
2022-03-16,PR,8,45,13
2022-03-15,PR,2,10,54
2022-03-14,PR,5,20,41
2022-03-13,PR,12,49,5
2022-03-12,PR,4,9,53
2022-03-11,PR,12,49,5
2022-03-10,PR,2,12,52
2022-03-09,PR,9,49,8
2022-03-08,PR,2,10,54
2022-03-07,PR,2,12,52
2022-03-06,PR,2,10,54
2022-03-05,PR,2,9,55
2022-03-04,PR,5,28,33
2022-03-03,PR,2,10,54
2022-03-02,PR,10,47,9
2022-03-01,PR,4,29,33
2022-02-28,PR,2,12,52
2022-02-27,PR,3,9,54
2022-02-26,PR,2,5,59
2022-02-25,PR,2,9,55
2022-02-24,PR,2,9,55
2022-02-23,PR,10,47,9
2022-02-22,PR,2,11,53
2022-02-21,PR,4,28,34
2022-02-20,PR,2,10,54
2022-02-19,PR,4,27,35
2022-02-18,PR,2,9,55
2022-02-17,PR,2,8,56
2022-02-16,PR,9,44,13
2022-02-15,PR,4,31,31
2022-02-14,PR,2,10,54
2022-02-13,PR,2,10,54
2022-02-12,PR,2,7,57
2022-02-11,PR,11,48,7
2022-02-10,PR,3,9,54
2022-02-09,PR,7,47,12
2022-02-08,PR,3,14,49
2022-02-07,PR,10,47,9
2022-02-06,PR,2,6,58
2022-02-05,PR,9,55,2
2022-02-04,PR,3,10,53
2022-02-03,PR,3,11,51
2022-02-02,PR,8,45,12
2022-02-01,PR,3,10,53
2022-01-31,PR,3,11,52
2022-01-30,PR,4,11,51
2022-01-29,PR,2,8,56
2022-01-28,PR,2,12,52
2022-01-27,PR,2,10,53
2022-01-26,PR,9,50,7
2022-01-25,PR,3,7,56
2022-01-24,PR,3,9,54
2022-01-23,PR,3,4,59
2022-01-22,PR,2,6,58
2022-01-21,PR,3,9,54
2022-01-20,PR,6,47,13
2022-01-19,PR,5,59,2
2022-01-18,PR,2,11,53
2022-01-17,PR,2,10,54
2022-01-16,PR,2,9,55
2022-01-15,PR,2,8,56
2022-01-14,PR,2,11,53
2022-01-13,PR,2,11,53
2022-01-12,PR,12,52,2
2022-01-11,PR,2,11,53
2022-01-10,PR,2,10,54
2022-01-09,PR,2,8,56
2022-01-08,PR,1,9,56
2022-01-07,PR,3,10,53
2022-01-06,PR,2,9,55
2022-01-05,PR,10,54,2
2022-01-04,PR,4,17,45
2022-01-03,PR,2,7,57
2022-01-02,PR,2,6,58
2022-01-01,PR,1,7,58
2021-12-31,PR,2,7,57
2021-12-30,PR,1,10,55
2021-12-29,PR,6,45,15
2021-12-28,PR,1,10,55
2021-12-27,PR,1,10,55
2021-12-26,PR,0,8,58
2021-12-25,PR,1,8,57
2021-12-24,PR,0,10,56
2021-12-23,PR,0,11,55
2021-12-22,PR,9,55,1
2021-12-21,PR,1,9,55
2021-12-20,PR,0,9,56
2021-12-19,PR,0,8,57
2021-12-18,PR,1,7,57
2021-12-17,PR,0,10,55
2021-12-16,PR,0,10,55
2021-12-15,PR,9,55,1
2021-12-14,PR,0,10,55
2021-12-13,PR,0,9,56
2021-12-12,PR,0,7,58
2021-12-11,PR,0,7,58
2021-12-10,PR,0,9,56
2021-12-09,PR,0,10,55
2021-12-08,PR,9,55,1
2021-12-07,PR,0,8,57
2021-12-06,PR,0,10,55
2021-12-05,PR,0,8,57
2021-12-04,PR,0,7,58
2021-12-03,PR,0,9,56
2021-12-02,PR,0,8,57
2021-12-01,PR,9,55,1
2021-11-30,PR,0,9,56
2021-11-29,PR,0,9,56
2021-11-28,PR,0,8,57
2021-11-27,PR,0,8,57
2021-11-26,PR,0,9,56
2021-11-25,PR,0,9,56
2021-11-24,PR,9,55,1
2021-11-23,PR,0,10,55
2021-11-22,PR,0,9,56
2021-11-21,PR,0,7,58
2021-11-20,PR,0,7,58
2021-11-19,PR,0,10,55
2021-11-18,PR,0,10,55
2021-11-17,PR,9,55,1
2021-11-16,PR,0,10,55
2021-11-15,PR,0,10,55
2021-11-14,PR,0,8,57
2021-11-13,PR,0,8,57
2021-11-12,PR,0,10,55
2021-11-11,PR,0,9,56
2021-11-10,PR,9,55,1
2021-11-09,PR,0,10,55
2021-11-08,PR,0,9,56
2021-11-07,PR,0,8,57
2021-11-06,PR,0,8,57
2021-11-05,PR,0,9,56
2021-11-04,PR,0,10,55
2021-11-03,PR,8,56,1
2021-11-02,PR,0,10,55
2021-11-01,PR,0,11,54
2021-10-31,PR,1,8,57
2021-10-30,PR,1,8,57
2021-10-29,PR,1,10,55
2021-10-28,PR,1,9,56
2021-10-27,PR,10,54,2
2021-10-26,PR,0,10,55
2021-10-25,PR,0,10,55
2021-10-24,PR,1,8,57
2021-10-23,PR,1,8,57
2021-10-22,PR,1,10,55
2021-10-21,PR,1,10,55
2021-10-20,PR,9,55,2
2021-10-19,PR,0,10,55
2021-10-18,PR,0,10,55
2021-10-17,PR,0,9,56
2021-10-16,PR,0,9,56
2021-10-15,PR,0,9,56
2021-10-14,PR,0,10,55
2021-10-13,PR,5,59,1
2021-10-12,PR,1,9,55
2021-10-11,PR,0,9,56
2021-10-10,PR,0,9,56
2021-10-09,PR,0,9,56
2021-10-08,PR,0,10,55
2021-10-07,PR,0,11,54
2021-10-06,PR,6,58,1
2021-10-05,PR,0,11,54
2021-10-04,PR,0,11,54
2021-10-03,PR,0,8,57
2021-10-02,PR,0,10,55
2021-10-01,PR,0,10,55
2021-09-30,PR,0,11,54
2021-09-29,PR,6,58,1
2021-09-28,PR,0,12,53
2021-09-27,PR,0,11,54
2021-09-26,PR,0,9,56
2021-09-25,PR,0,9,56
2021-09-24,PR,0,12,53
2021-09-23,PR,0,12,53
2021-09-22,PR,8,56,1
2021-09-21,PR,0,11,54
2021-09-20,PR,0,12,53
2021-09-19,PR,0,10,55
2021-09-18,PR,0,7,58
2021-09-17,PR,0,11,54
2021-09-16,PR,0,12,53
2021-09-15,PR,7,57,1
2021-09-14,PR,0,11,54
2021-09-13,PR,0,12,53
2021-09-12,PR,0,10,55
2021-09-11,PR,0,10,55
2021-09-10,PR,0,13,52
2021-09-09,PR,0,12,53
2021-09-08,PR,6,58,1
2021-09-07,PR,0,13,52
2021-09-06,PR,0,11,54
2021-09-05,PR,0,12,53
2021-09-04,PR,0,10,55
2021-09-03,PR,0,12,53
2021-09-02,PR,0,12,53
2021-09-01,PR,7,57,1
2021-08-31,PR,1,13,51
2021-08-30,PR,1,11,53
2021-08-29,PR,0,12,53
2021-08-28,PR,0,13,52
2021-08-27,PR,0,12,53
2021-08-26,PR,0,12,53
2021-08-25,PR,5,59,1
2021-08-24,PR,0,16,49
2021-08-23,PR,0,14,51
2021-08-22,PR,0,10,55
2021-08-21,PR,0,11,54
2021-08-20,PR,0,13,52
2021-08-19,PR,0,12,53
2021-08-18,PR,6,58,1
2021-08-17,PR,0,13,52
2021-08-16,PR,0,13,52
2021-08-15,PR,1,11,54
2021-08-14,PR,1,11,54
2021-08-13,PR,1,14,51
2021-08-12,PR,1,13,52
2021-08-11,PR,8,56,2
2021-08-10,PR,0,14,51
2021-08-09,PR,0,14,51
2021-08-08,PR,0,10,55
2021-08-07,PR,0,11,54
2021-08-06,PR,0,14,51
2021-08-05,PR,0,15,50
2021-08-04,PR,4,60,1
2021-08-03,PR,0,15,50
2021-08-02,PR,0,14,51
2021-08-01,PR,0,10,55
2021-07-31,PR,0,11,54
2021-07-30,PR,0,15,50
2021-07-29,PR,0,14,51
2021-07-28,PR,4,60,1
2021-07-27,PR,0,16,49
2021-07-26,PR,0,14,51
2021-07-25,PR,1,14,51
2021-07-24,PR,1,14,51
2021-07-23,PR,1,16,49
2021-07-22,PR,1,13,52
2021-07-21,PR,7,57,2
2021-07-20,PR,0,12,53
2021-07-19,PR,0,12,53
2021-07-18,PR,1,11,54
2021-07-17,PR,1,8,57
2021-07-16,PR,1,14,51
2021-07-15,PR,1,13,52
2021-07-14,PR,6,58,2
2021-07-13,PR,0,13,52
2021-07-12,PR,0,15,50
2021-07-11,PR,0,10,55
2021-07-10,PR,0,10,55
2021-07-09,PR,0,12,53
2021-07-08,PR,0,13,52
2021-07-07,PR,4,60,1
2021-07-06,PR,0,14,51
2021-07-05,PR,0,11,54
2021-07-04,PR,0,9,56
2021-07-03,PR,0,10,55
2021-07-02,PR,0,11,54
2021-07-01,PR,0,14,51
2021-06-30,PR,5,59,1
2021-06-29,PR,0,12,53
2021-06-28,PR,0,15,50
2021-06-27,PR,0,11,54
2021-06-26,PR,0,9,56
2021-06-25,PR,0,13,52
2021-06-24,PR,0,12,53
2021-06-23,PR,6,58,1
2021-06-22,PR,0,13,52
2021-06-21,PR,0,13,52
2021-06-20,PR,0,9,56
2021-06-19,PR,0,8,57
2021-06-18,PR,0,10,55
2021-06-17,PR,0,11,54
2021-06-16,PR,6,58,1
2021-06-15,PR,0,12,53
2021-06-14,PR,0,14,51
2021-06-13,PR,0,9,56
2021-06-12,PR,0,9,56
2021-06-11,PR,0,13,52
2021-06-10,PR,0,10,55
2021-06-09,PR,6,58,1
2021-06-08,PR,0,12,53
2021-06-07,PR,0,16,49
2021-06-06,PR,0,10,55
2021-06-05,PR,0,9,56
2021-06-04,PR,0,15,50
2021-06-03,PR,0,13,52
2021-06-02,PR,6,57,2
2021-06-01,PR,0,12,53
2021-05-31,PR,0,14,51
2021-05-30,PR,0,10,55
2021-05-29,PR,0,11,54
2021-05-28,PR,0,15,50
2021-05-27,PR,0,15,50
2021-05-26,PR,6,58,1
2021-05-25,PR,0,14,51
2021-05-24,PR,0,17,48
2021-05-23,PR,0,16,49
2021-05-22,PR,0,14,51
2021-05-21,PR,1,17,47
2021-05-20,PR,0,17,48
2021-05-19,PR,5,58,2
2021-05-18,PR,0,16,48
2021-05-17,PR,0,17,47
2021-05-16,PR,0,14,51
2021-05-15,PR,0,14,51
2021-05-14,PR,0,19,46
2021-05-13,PR,0,20,45
2021-05-12,PR,6,58,1
2021-05-11,PR,0,18,47
2021-05-10,PR,0,19,46
2021-05-09,PR,2,20,49
2021-05-08,PR,2,17,52
2021-05-07,PR,2,20,49
2021-05-06,PR,2,24,45
2021-05-05,PR,9,57,5
2021-05-04,PR,0,2,69
2021-05-03,PR,0,2,69
2021-05-02,PR,0,1,70
2021-05-01,PR,0,0,71
2021-04-30,PR,0,0,71
2021-04-29,PR,0,0,71
2021-04-28,PR,9,57,5
2021-04-27,PR,0,0,71
2021-04-26,PR,1,2,64
2021-04-25,PR,1,1,65
2021-04-24,PR,1,0,66
2021-04-23,PR,1,1,65
2021-04-22,PR,1,1,65
2021-04-21,PR,9,57,1
2021-04-20,PR,1,1,65
2021-04-19,PR,1,1,65
2021-04-18,PR,1,0,66
2021-04-17,PR,1,0,66
2021-04-16,PR,1,1,65
2021-04-15,PR,1,1,65
2021-04-14,PR,9,57,1
2021-04-13,PR,1,1,65
2021-04-12,PR,1,1,65
2021-04-11,PR,1,0,66
2021-04-10,PR,1,0,66
2021-04-09,PR,1,0,66
2021-04-08,PR,1,1,65
2021-04-07,PR,9,57,1
2021-04-06,PR,1,2,64
2021-04-05,PR,1,1,65
2021-04-04,PR,1,1,65
2021-04-03,PR,1,1,65
2021-04-02,PR,1,2,64
2021-04-01,PR,1,2,64
2021-03-31,PR,8,58,1
2021-03-30,PR,1,2,64
2021-03-29,PR,1,2,64
2021-03-28,PR,1,1,65
2021-03-27,PR,1,1,65
2021-03-26,PR,1,2,64
2021-03-25,PR,1,2,64
2021-03-24,PR,8,58,1
2021-03-23,PR,1,1,65
2021-03-22,PR,1,1,65
2021-03-21,PR,1,1,65
2021-03-20,PR,1,1,65
2021-03-19,PR,1,2,64
2021-03-18,PR,1,2,64
2021-03-17,PR,8,58,1
2021-03-16,PR,1,2,64
2021-03-15,PR,1,1,65
2021-03-14,PR,1,1,65
2021-03-13,PR,1,1,65
2021-03-12,PR,1,2,64
2021-03-11,PR,1,1,65
2021-03-10,PR,9,57,1
2021-03-09,PR,1,2,64
2021-03-08,PR,1,2,64
2021-03-07,PR,1,1,65
2021-03-06,PR,1,1,65
2021-03-05,PR,1,2,64
2021-03-04,PR,1,1,65
2021-03-03,PR,9,57,1
2021-03-02,PR,1,1,65
2021-03-01,PR,1,2,64
2021-02-28,PR,1,1,65
2021-02-27,PR,1,1,65
2021-02-26,PR,1,2,64
2021-02-25,PR,1,3,63
2021-02-24,PR,9,57,1
2021-02-23,PR,1,2,64
2021-02-22,PR,1,2,64
2021-02-21,PR,1,1,65
2021-02-20,PR,0,2,65
2021-02-19,PR,1,2,64
2021-02-18,PR,1,3,63
2021-02-17,PR,9,57,1
2021-02-16,PR,1,1,65
2021-02-15,PR,1,1,65
2021-02-14,PR,1,1,65
2021-02-13,PR,1,1,65
2021-02-12,PR,1,2,65
2021-02-11,PR,1,2,65
2021-02-10,PR,8,58,2
2021-02-09,PR,1,2,65
2021-02-08,PR,1,2,65
2021-02-07,PR,1,1,65
2021-02-06,PR,1,1,65
2021-02-05,PR,1,2,64
2021-02-04,PR,1,2,64
2021-02-03,PR,9,56,2
2021-02-02,PR,1,1,65
2021-02-01,PR,1,1,65
2021-01-31,PR,1,1,65
2021-01-30,PR,0,2,65
2021-01-29,PR,1,0,66
2021-01-28,PR,1,0,66
2021-01-27,PR,7,56,4
2021-01-26,PR,0,1,66
2021-01-25,PR,0,1,66
2021-01-24,PR,0,1,66
2021-01-23,PR,0,1,66
2021-01-22,PR,0,3,64
2021-01-21,PR,0,3,64
2021-01-20,PR,9,57,1
2021-01-19,PR,0,3,64
2021-01-18,PR,0,3,64
2021-01-17,PR,1,1,65
2021-01-16,PR,1,1,65
2021-01-15,PR,1,2,64
2021-01-14,PR,1,2,64
2021-01-13,PR,10,56,1
2021-01-12,PR,0,2,65
2021-01-11,PR,1,1,65
2021-01-10,PR,0,2,65
2021-01-09,PR,1,1,65
2021-01-08,PR,0,3,64
2021-01-07,PR,0,3,64
2021-01-06,PR,11,50,6
2021-01-05,PR,0,3,64
2021-01-04,PR,0,2,65
2021-01-03,PR,0,2,65
2021-01-02,PR,0,2,65
2021-01-01,PR,0,2,65
2020-12-31,PR,0,2,65
2020-12-30,PR,11,50,6
2020-12-29,PR,0,3,64
2020-12-28,PR,2,1,64
2020-12-27,PR,1,1,65
2020-12-26,PR,1,1,65
2020-12-25,PR,1,1,65
2020-12-24,PR,2,1,64
2020-12-23,PR,12,50,5
2020-12-22,PR,2,1,64
2020-12-21,PR,2,1,64
2020-12-20,PR,1,1,65
2020-12-19,PR,1,1,65
2020-12-18,PR,2,1,64
2020-12-17,PR,2,1,64
2020-12-16,PR,12,50,5
2020-12-15,PR,2,1,64
2020-12-14,PR,2,1,64
2020-12-13,PR,1,0,66
2020-12-12,PR,1,0,66
2020-12-11,PR,1,1,65
2020-12-10,PR,2,1,64
2020-12-09,PR,12,48,7
2020-12-08,PR,2,1,64
2020-12-07,PR,2,0,65
2020-12-06,PR,1,0,66
2020-12-05,PR,1,0,66
2020-12-04,PR,2,0,65
2020-12-03,PR,2,1,64
2020-12-02,PR,11,50,6
2020-12-01,PR,2,1,64
2020-11-30,PR,2,1,64
2020-11-29,PR,1,0,66
2020-11-28,PR,1,0,66
2020-11-27,PR,1,0,66
2020-11-26,PR,1,0,66
2020-11-25,PR,11,50,6
2020-11-24,PR,2,0,65
2020-11-23,PR,2,1,64
2020-11-22,PR,1,0,66
2020-11-21,PR,1,0,66
2020-11-20,PR,2,0,65
2020-11-19,PR,1,0,66
2020-11-18,PR,10,50,7
2020-11-17,PR,2,0,65
2020-11-16,PR,2,0,65
2020-11-15,PR,1,0,66
2020-11-14,PR,1,0,66
2020-11-13,PR,2,0,65
2020-11-12,PR,7,50,10
2020-11-11,PR,8,49,10
2020-11-10,PR,9,47,11
2020-11-09,PR,8,44,15
2020-11-08,PR,8,47,12
2020-11-07,PR,8,47,12
2020-11-06,PR,9,47,11
2020-11-05,PR,8,47,12
2020-11-04,PR,8,47,12
2020-11-03,PR,7,43,17
2020-11-02,PR,8,45,14
2020-11-01,PR,7,44,16
2020-10-31,PR,7,45,15
2020-10-30,PR,8,46,13
2020-10-29,PR,8,45,14
2020-10-28,PR,8,41,18
2020-10-27,PR,6,38,23
2020-10-26,PR,10,48,7
2020-10-25,PR,9,48,8
2020-10-24,PR,9,48,8
2020-10-23,PR,10,48,7
2020-10-22,PR,10,48,7
2020-10-21,PR,9,47,9
2020-10-20,PR,9,49,7
2020-10-19,PR,9,49,7
2020-10-18,PR,9,48,8
2020-10-17,PR,9,49,7
2020-10-16,PR,9,49,7
2020-10-15,PR,9,49,7
2020-10-14,PR,9,49,7
2020-10-13,PR,8,48,9
2020-10-12,PR,9,49,7
2020-10-11,PR,9,49,7
2020-10-10,PR,8,48,9
2020-10-09,PR,9,49,7
2020-10-08,PR,12,46,7
2020-10-07,PR,12,45,8
2020-10-06,PR,9,49,7
2020-10-05,PR,9,48,8
2020-10-04,PR,8,47,10
2020-10-03,PR,9,48,8
2020-10-02,PR,9,48,8
2020-10-01,PR,9,49,7
2020-09-30,PR,9,47,9
2020-09-29,PR,10,48,8
2020-09-28,PR,10,48,8
2020-09-27,PR,10,48,8
2020-09-26,PR,10,48,8
2020-09-25,PR,9,49,8
2020-09-24,PR,9,48,8
2020-09-23,PR,9,48,8
2020-09-22,PR,10,47,8
2020-09-21,PR,11,46,8
2020-09-20,PR,10,47,8
2020-09-19,PR,10,47,8
2020-09-18,PR,10,47,8
2020-09-17,PR,10,47,8
2020-09-16,PR,9,48,8
2020-09-15,PR,9,48,8
2020-09-14,PR,9,48,8
2020-09-13,PR,9,48,8
2020-09-12,PR,11,46,8
2020-09-11,PR,9,48,8
2020-09-10,PR,9,48,8
2020-09-09,PR,9,48,8
2020-09-08,PR,9,48,8
2020-09-07,PR,9,48,8
2020-09-06,PR,9,48,8
2020-09-05,PR,9,48,8
2020-09-04,PR,9,47,9
2020-09-03,PR,9,47,9
2020-09-02,PR,9,47,9
2020-09-01,PR,9,47,9
2020-08-31,PR,9,46,10
2020-08-30,PR,9,45,11
2020-08-29,PR,9,46,10
2020-08-28,PR,8,44,13
2020-08-27,PR,8,45,12
2020-08-26,PR,8,45,12
2020-08-25,PR,8,46,11
2020-08-24,PR,7,46,12
2020-08-23,PR,7,46,12
2020-08-22,PR,6,44,15
2020-08-21,PR,7,41,17
2020-08-20,PR,6,38,21
2020-08-19,PR,6,40,19
2020-08-18,PR,8,43,14
2020-08-17,PR,7,43,8
2020-08-16,PR,7,43,8
2020-08-15,PR,8,44,7
2020-08-14,PR,9,48,7
2020-08-13,PR,9,47,8
2020-08-12,PR,9,48,7
2020-08-11,PR,9,48,7
2020-08-10,PR,9,49,6
2020-08-09,PR,7,43,7
2020-08-08,PR,7,43,7
2020-08-07,PR,6,42,9
2020-08-06,PR,6,36,15
2020-08-05,PR,8,40,10
2020-08-04,PR,8,38,20
2020-08-03,PR,7,39,20
2020-08-02,PR,7,33,26
2020-08-01,PR,7,35,24
2023-04-10,RI,1,9,2
2023-04-09,RI,1,9,2
2023-04-08,RI,1,9,2
2023-04-07,RI,1,10,1
2023-04-06,RI,1,10,2
2023-04-05,RI,1,10,3
2023-04-04,RI,1,8,5
2023-04-03,RI,1,10,3
2023-04-02,RI,1,10,3
2023-04-01,RI,1,9,4
2023-03-31,RI,1,11,2
2023-03-30,RI,1,8,5
2023-03-29,RI,1,10,3
2023-03-28,RI,1,10,3
2023-03-27,RI,1,10,3
2023-03-26,RI,1,8,5
2023-03-25,RI,1,9,4
2023-03-24,RI,1,9,4
2023-03-23,RI,1,10,3
2023-03-22,RI,1,9,4
2023-03-21,RI,1,11,2
2023-03-20,RI,1,8,5
2023-03-19,RI,1,11,2
2023-03-18,RI,1,11,2
2023-03-17,RI,1,9,4
2023-03-16,RI,1,10,3
2023-03-15,RI,1,11,2
2023-03-14,RI,1,11,2
2023-03-13,RI,1,11,2
2023-03-12,RI,1,8,5
2023-03-11,RI,1,8,5
2023-03-10,RI,1,10,3
2023-03-09,RI,1,8,5
2023-03-08,RI,1,9,4
2023-03-07,RI,1,10,3
2023-03-06,RI,2,10,2
2023-03-05,RI,1,11,2
2023-03-04,RI,1,11,2
2023-03-03,RI,1,9,4
2023-03-02,RI,1,9,4
2023-03-01,RI,1,11,2
2023-02-28,RI,1,8,5
2023-02-27,RI,1,10,3
2023-02-26,RI,1,8,5
2023-02-25,RI,1,8,5
2023-02-24,RI,1,10,3
2023-02-23,RI,1,9,4
2023-02-22,RI,1,10,3
2023-02-21,RI,2,8,4
2023-02-20,RI,1,10,3
2023-02-19,RI,1,9,4
2023-02-18,RI,1,9,4
2023-02-17,RI,1,9,4
2023-02-16,RI,1,9,4
2023-02-15,RI,1,11,2
2023-02-14,RI,1,8,5
2023-02-13,RI,1,10,3
2023-02-12,RI,1,10,3
2023-02-11,RI,1,10,3
2023-02-10,RI,1,11,2
2023-02-09,RI,1,11,2
2023-02-08,RI,1,10,3
2023-02-07,RI,1,9,4
2023-02-06,RI,1,10,3
2023-02-05,RI,1,6,7
2023-02-04,RI,1,6,7
2023-02-03,RI,1,10,3
2023-02-02,RI,1,9,4
2023-02-01,RI,1,8,5
2023-01-31,RI,1,10,3
2023-01-30,RI,1,10,3
2023-01-29,RI,1,8,5
2023-01-28,RI,1,8,5
2023-01-27,RI,1,8,5
2023-01-26,RI,1,9,4
2023-01-25,RI,1,10,3
2023-01-24,RI,1,10,3
2023-01-23,RI,1,10,3
2023-01-22,RI,1,10,3
2023-01-21,RI,1,11,2
2023-01-20,RI,1,11,2
2023-01-19,RI,1,8,5
2023-01-18,RI,2,10,2
2023-01-17,RI,1,10,3
2023-01-16,RI,1,9,4
2023-01-15,RI,1,6,7
2023-01-14,RI,1,6,7
2023-01-13,RI,1,8,5
2023-01-12,RI,1,11,2
2023-01-11,RI,2,9,3
2023-01-10,RI,1,7,6
2023-01-09,RI,2,9,3
2023-01-08,RI,1,8,5
2023-01-07,RI,1,8,5
2023-01-06,RI,1,10,3
2023-01-05,RI,2,8,4
2023-01-04,RI,1,11,2
2023-01-03,RI,1,10,3
2023-01-02,RI,1,10,3
2023-01-01,RI,1,10,3
2022-12-31,RI,1,10,3
2022-12-30,RI,1,10,3
2022-12-29,RI,2,9,3
2022-12-28,RI,2,9,3
2022-12-27,RI,1,10,3
2022-12-26,RI,1,9,4
2022-12-25,RI,1,9,4
2022-12-24,RI,1,9,4
2022-12-23,RI,1,9,4
2022-12-22,RI,1,9,4
2022-12-21,RI,1,11,2
2022-12-20,RI,2,10,2
2022-12-19,RI,1,11,2
2022-12-18,RI,1,11,2
2022-12-17,RI,1,11,2
2022-12-16,RI,1,11,2
2022-12-15,RI,1,10,3
2022-12-14,RI,1,10,3
2022-12-13,RI,3,8,3
2022-12-12,RI,3,8,3
2022-12-11,RI,4,7,3
2022-12-10,RI,4,7,3
2022-12-09,RI,4,7,3
2022-12-08,RI,5,7,2
2022-12-07,RI,5,7,2
2022-12-06,RI,5,7,2
2022-12-05,RI,4,8,2
2022-12-04,RI,1,11,2
2022-12-03,RI,1,11,2
2022-12-02,RI,4,8,2
2022-12-01,RI,4,8,2
2022-11-30,RI,4,8,2
2022-11-29,RI,4,8,2
2022-11-28,RI,3,9,2
2022-11-27,RI,4,8,2
2022-11-26,RI,4,8,2
2022-11-25,RI,4,8,2
2022-11-24,RI,4,8,2
2022-11-23,RI,4,8,2
2022-11-22,RI,4,8,2
2022-11-21,RI,4,8,2
2022-11-20,RI,4,8,2
2022-11-19,RI,4,8,2
2022-11-18,RI,4,8,2
2022-11-17,RI,5,7,2
2022-11-16,RI,4,7,3
2022-11-15,RI,4,7,3
2022-11-14,RI,3,8,3
2022-11-13,RI,3,8,3
2022-11-12,RI,3,8,3
2022-11-11,RI,3,8,3
2022-11-10,RI,4,8,2
2022-11-09,RI,4,8,2
2022-11-08,RI,4,8,2
2022-11-07,RI,4,8,2
2022-11-06,RI,4,7,3
2022-11-05,RI,4,8,2
2022-11-04,RI,4,8,2
2022-11-03,RI,4,8,2
2022-11-02,RI,4,8,2
2022-11-01,RI,4,8,2
2022-10-31,RI,4,7,3
2022-10-30,RI,4,7,3
2022-10-29,RI,4,7,3
2022-10-28,RI,4,7,3
2022-10-27,RI,4,7,3
2022-10-26,RI,4,7,3
2022-10-25,RI,4,7,3
2022-10-24,RI,4,8,2
2022-10-23,RI,4,7,3
2022-10-22,RI,4,8,2
2022-10-21,RI,4,8,2
2022-10-20,RI,4,8,2
2022-10-19,RI,4,8,2
2022-10-18,RI,4,7,3
2022-10-17,RI,4,7,3
2022-10-16,RI,4,7,3
2022-10-15,RI,4,7,3
2022-10-14,RI,4,7,3
2022-10-13,RI,4,7,3
2022-10-12,RI,4,7,3
2022-10-11,RI,4,7,3
2022-10-10,RI,5,7,3
2022-10-09,RI,5,7,3
2022-10-08,RI,6,7,2
2022-10-07,RI,5,8,2
2022-10-06,RI,6,6,2
2022-10-05,RI,6,6,2
2022-10-04,RI,5,7,2
2022-10-03,RI,4,7,3
2022-10-02,RI,4,7,3
2022-10-01,RI,4,7,3
2022-09-30,RI,5,7,2
2022-09-29,RI,5,7,2
2022-09-28,RI,5,7,2
2022-09-27,RI,5,6,2
2022-09-26,RI,5,7,2
2022-09-25,RI,5,7,2
2022-09-24,RI,5,7,2
2022-09-23,RI,5,7,2
2022-09-22,RI,5,7,2
2022-09-21,RI,5,7,2
2022-09-20,RI,5,7,2
2022-09-19,RI,5,7,2
2022-09-18,RI,4,7,3
2022-09-17,RI,4,7,3
2022-09-16,RI,5,7,2
2022-09-15,RI,5,7,2
2022-09-14,RI,5,7,2
2022-09-13,RI,5,7,2
2022-09-12,RI,5,7,2
2022-09-11,RI,6,6,2
2022-09-10,RI,5,7,2
2022-09-09,RI,4,8,2
2022-09-08,RI,5,7,2
2022-09-07,RI,4,8,2
2022-09-06,RI,4,8,2
2022-09-05,RI,4,8,2
2022-09-04,RI,5,6,3
2022-09-03,RI,4,7,3
2022-09-02,RI,4,8,2
2022-09-01,RI,4,8,2
2022-08-31,RI,4,8,2
2022-08-30,RI,4,8,2
2022-08-29,RI,5,7,2
2022-08-28,RI,6,6,2
2022-08-27,RI,6,6,2
2022-08-26,RI,6,6,2
2022-08-25,RI,4,8,2
2022-08-24,RI,4,8,2
2022-08-23,RI,4,8,2
2022-08-22,RI,4,8,2
2022-08-21,RI,4,8,3
2022-08-20,RI,4,8,3
2022-08-19,RI,4,9,2
2022-08-18,RI,4,9,2
2022-08-17,RI,4,9,2
2022-08-16,RI,4,8,2
2022-08-15,RI,4,8,2
2022-08-14,RI,4,8,3
2022-08-13,RI,4,8,3
2022-08-12,RI,4,8,3
2022-08-11,RI,4,9,2
2022-08-10,RI,4,9,2
2022-08-09,RI,5,7,2
2022-08-08,RI,4,7,3
2022-08-07,RI,4,8,3
2022-08-06,RI,4,8,3
2022-08-05,RI,5,8,2
2022-08-04,RI,5,8,2
2022-08-03,RI,5,8,2
2022-08-02,RI,5,7,2
2022-08-01,RI,5,7,2
2022-07-31,RI,4,8,3
2022-07-30,RI,5,8,2
2022-07-29,RI,5,8,2
2022-07-28,RI,5,8,2
2022-07-27,RI,5,8,2
2022-07-26,RI,5,7,2
2022-07-25,RI,5,7,2
2022-07-24,RI,4,8,3
2022-07-23,RI,4,8,3
2022-07-22,RI,5,8,2
2022-07-21,RI,5,8,2
2022-07-20,RI,5,8,2
2022-07-19,RI,5,7,2
2022-07-18,RI,5,7,2
2022-07-17,RI,5,8,2
2022-07-16,RI,4,8,3
2022-07-15,RI,4,8,3
2022-07-14,RI,4,8,3
2022-07-13,RI,4,8,3
2022-07-12,RI,4,7,3
2022-07-11,RI,4,7,3
2022-07-10,RI,4,8,3
2022-07-09,RI,4,9,2
2022-07-08,RI,5,8,2
2022-07-07,RI,5,8,2
2022-07-06,RI,4,9,2
2022-07-05,RI,4,7,3
2022-07-04,RI,5,6,3
2022-07-03,RI,5,8,2
2022-07-02,RI,5,8,2
2022-07-01,RI,4,9,2
2022-06-30,RI,4,9,2
2022-06-29,RI,4,9,2
2022-06-28,RI,4,8,2
2022-06-27,RI,4,7,3
2022-06-26,RI,4,9,2
2022-06-25,RI,4,9,2
2022-06-24,RI,4,9,2
2022-06-23,RI,4,9,2
2022-06-22,RI,4,9,2
2022-06-21,RI,4,8,2
2022-06-20,RI,5,7,2
2022-06-19,RI,5,8,2
2022-06-18,RI,5,8,2
2022-06-17,RI,5,8,2
2022-06-16,RI,5,8,2
2022-06-15,RI,5,8,2
2022-06-14,RI,5,7,2
2022-06-13,RI,5,7,2
2022-06-12,RI,4,8,3
2022-06-11,RI,4,8,3
2022-06-10,RI,6,7,2
2022-06-09,RI,4,9,2
2022-06-08,RI,4,8,2
2022-06-07,RI,4,7,2
2022-06-06,RI,4,7,2
2022-06-05,RI,4,7,3
2022-06-04,RI,4,7,3
2022-06-03,RI,5,5,4
2022-06-02,RI,4,8,2
2022-06-01,RI,4,8,2
2022-05-31,RI,4,7,2
2022-05-30,RI,5,6,2
2022-05-29,RI,5,7,2
2022-05-28,RI,4,8,2
2022-05-27,RI,4,8,2
2022-05-26,RI,5,7,2
2022-05-25,RI,4,8,2
2022-05-24,RI,4,7,2
2022-05-23,RI,4,7,2
2022-05-22,RI,4,8,2
2022-05-21,RI,4,8,2
2022-05-20,RI,4,8,2
2022-05-19,RI,4,8,2
2022-05-18,RI,6,7,2
2022-05-17,RI,6,6,2
2022-05-16,RI,5,7,2
2022-05-15,RI,6,7,2
2022-05-14,RI,7,6,2
2022-05-13,RI,7,6,2
2022-05-12,RI,5,6,3
2022-05-11,RI,5,6,3
2022-05-10,RI,5,6,2
2022-05-09,RI,5,5,3
2022-05-08,RI,5,6,3
2022-05-07,RI,5,6,3
2022-05-06,RI,5,6,3
2022-05-05,RI,5,6,3
2022-05-04,RI,4,7,3
2022-05-03,RI,4,6,3
2022-05-02,RI,4,6,3
2022-05-01,RI,4,8,2
2022-04-30,RI,4,8,2
2022-04-29,RI,4,8,2
2022-04-28,RI,4,8,2
2022-04-27,RI,4,8,2
2022-04-26,RI,4,7,2
2022-04-25,RI,4,7,2
2022-04-24,RI,5,7,2
2022-04-23,RI,5,7,2
2022-04-22,RI,4,8,2
2022-04-21,RI,4,8,2
2022-04-20,RI,4,8,2
2022-04-19,RI,4,7,2
2022-04-18,RI,4,7,2
2022-04-17,RI,4,8,2
2022-04-16,RI,4,8,2
2022-04-15,RI,5,7,2
2022-04-14,RI,4,8,2
2022-04-13,RI,4,8,2
2022-04-12,RI,4,6,3
2022-04-11,RI,4,6,3
2022-04-10,RI,4,7,3
2022-04-09,RI,4,7,3
2022-04-08,RI,4,8,2
2022-04-07,RI,4,8,2
2022-04-06,RI,4,8,2
2022-04-05,RI,4,7,2
2022-04-04,RI,4,7,2
2022-04-03,RI,4,8,2
2022-04-02,RI,4,8,2
2022-04-01,RI,5,7,2
2022-03-31,RI,4,8,2
2022-03-30,RI,4,8,2
2022-03-29,RI,4,7,2
2022-03-28,RI,4,7,2
2022-03-27,RI,4,8,2
2022-03-26,RI,4,8,2
2022-03-25,RI,4,8,2
2022-03-24,RI,4,8,2
2022-03-23,RI,4,7,3
2022-03-22,RI,4,6,3
2022-03-21,RI,4,6,3
2022-03-20,RI,4,6,4
2022-03-19,RI,4,8,2
2022-03-18,RI,4,8,2
2022-03-17,RI,4,9,2
2022-03-16,RI,4,9,2
2022-03-15,RI,2,10,2
2022-03-14,RI,5,7,2
2022-03-13,RI,6,7,2
2022-03-12,RI,5,8,2
2022-03-11,RI,6,8,1
2022-03-10,RI,6,7,2
2022-03-09,RI,6,7,2
2022-03-08,RI,6,6,2
2022-03-07,RI,6,6,2
2022-03-06,RI,6,7,2
2022-03-05,RI,6,7,2
2022-03-04,RI,6,7,2
2022-03-03,RI,6,7,2
2022-03-02,RI,6,7,2
2022-03-01,RI,5,7,2
2022-02-28,RI,5,7,2
2022-02-27,RI,6,8,1
2022-02-26,RI,5,8,2
2022-02-25,RI,5,6,4
2022-02-24,RI,5,8,2
2022-02-23,RI,5,8,2
2022-02-22,RI,5,7,2
2022-02-21,RI,4,8,2
2022-02-20,RI,6,7,2
2022-02-19,RI,5,8,2
2022-02-18,RI,5,8,2
2022-02-17,RI,6,7,2
2022-02-16,RI,5,7,3
2022-02-15,RI,6,6,2
2022-02-14,RI,6,6,2
2022-02-13,RI,6,7,2
2022-02-12,RI,6,7,2
2022-02-11,RI,6,7,2
2022-02-10,RI,6,7,2
2022-02-09,RI,6,7,2
2022-02-08,RI,6,6,2
2022-02-07,RI,6,6,2
2022-02-06,RI,6,7,2
2022-02-05,RI,6,7,2
2022-02-04,RI,7,6,2
2022-02-03,RI,7,6,2
2022-02-02,RI,7,6,2
2022-02-01,RI,7,5,2
2022-01-31,RI,8,4,2
2022-01-30,RI,8,5,2
2022-01-29,RI,8,5,2
2022-01-28,RI,8,5,2
2022-01-27,RI,8,5,2
2022-01-26,RI,7,6,2
2022-01-25,RI,7,5,2
2022-01-24,RI,7,5,2
2022-01-23,RI,8,4,3
2022-01-22,RI,8,4,3
2022-01-21,RI,8,5,2
2022-01-20,RI,8,5,2
2022-01-19,RI,8,5,2
2022-01-18,RI,8,4,2
2022-01-17,RI,9,3,2
2022-01-16,RI,8,5,2
2022-01-15,RI,8,5,2
2022-01-14,RI,7,6,2
2022-01-13,RI,7,6,2
2022-01-12,RI,7,6,2
2022-01-11,RI,8,4,2
2022-01-10,RI,8,4,2
2022-01-09,RI,8,5,2
2022-01-08,RI,8,4,3
2022-01-07,RI,8,5,2
2022-01-06,RI,8,5,2
2022-01-05,RI,8,5,2
2022-01-04,RI,8,4,2
2022-01-03,RI,7,4,2
2022-01-02,RI,7,6,2
2022-01-01,RI,7,6,2
2021-12-31,RI,7,6,2
2021-12-30,RI,6,7,2
2021-12-29,RI,6,7,2
2021-12-28,RI,6,6,2
2021-12-27,RI,6,6,2
2021-12-26,RI,5,8,2
2021-12-25,RI,7,6,2
2021-12-24,RI,6,7,2
2021-12-23,RI,6,7,2
2021-12-22,RI,5,8,2
2021-12-21,RI,5,7,2
2021-12-20,RI,5,7,2
2021-12-19,RI,5,8,2
2021-12-18,RI,5,8,2
2021-12-17,RI,5,8,2
2021-12-16,RI,5,8,2
2021-12-15,RI,5,8,2
2021-12-14,RI,6,6,2
2021-12-13,RI,7,5,2
2021-12-12,RI,6,7,2
2021-12-11,RI,6,7,2
2021-12-10,RI,6,7,2
2021-12-09,RI,6,7,2
2021-12-08,RI,6,7,2
2021-12-07,RI,6,6,2
2021-12-06,RI,6,6,2
2021-12-05,RI,6,7,2
2021-12-04,RI,6,7,2
2021-12-03,RI,6,7,2
2021-12-02,RI,6,7,2
2021-12-01,RI,6,7,2
2021-11-30,RI,6,6,2
2021-11-29,RI,6,6,2
2021-11-28,RI,6,8,1
2021-11-27,RI,6,8,1
2021-11-26,RI,6,7,2
2021-11-25,RI,6,7,2
2021-11-24,RI,6,7,2
2021-11-23,RI,6,6,2
2021-11-22,RI,6,6,2
2021-11-21,RI,6,7,2
2021-11-20,RI,6,7,2
2021-11-19,RI,6,7,2
2021-11-18,RI,6,7,2
2021-11-17,RI,6,7,2
2021-11-16,RI,6,6,2
2021-11-15,RI,6,6,2
2021-11-14,RI,6,7,2
2021-11-13,RI,7,6,2
2021-11-12,RI,7,6,2
2021-11-11,RI,6,7,2
2021-11-10,RI,6,7,2
2021-11-09,RI,6,6,2
2021-11-08,RI,6,6,2
2021-11-07,RI,6,7,2
2021-11-06,RI,8,5,2
2021-11-05,RI,8,5,2
2021-11-04,RI,7,6,2
2021-11-03,RI,7,6,2
2021-11-02,RI,7,5,2
2021-11-01,RI,7,5,2
2021-10-31,RI,7,6,2
2021-10-30,RI,6,7,2
2021-10-29,RI,7,6,2
2021-10-28,RI,7,6,2
2021-10-27,RI,7,6,2
2021-10-26,RI,7,5,2
2021-10-25,RI,7,5,2
2021-10-24,RI,7,6,2
2021-10-23,RI,7,6,2
2021-10-22,RI,7,6,2
2021-10-21,RI,7,6,2
2021-10-20,RI,7,6,2
2021-10-19,RI,7,5,2
2021-10-18,RI,7,5,2
2021-10-17,RI,7,6,2
2021-10-16,RI,7,6,2
2021-10-15,RI,6,7,2
2021-10-14,RI,7,6,2
2021-10-13,RI,6,7,2
2021-10-12,RI,7,5,2
2021-10-11,RI,6,6,2
2021-10-10,RI,6,7,2
2021-10-09,RI,6,7,2
2021-10-08,RI,7,6,2
2021-10-07,RI,6,7,2
2021-10-06,RI,6,7,2
2021-10-05,RI,6,6,2
2021-10-04,RI,6,6,2
2021-10-03,RI,6,7,2
2021-10-02,RI,6,7,2
2021-10-01,RI,6,7,2
2021-09-30,RI,6,7,2
2021-09-29,RI,6,7,2
2021-09-28,RI,6,6,2
2021-09-27,RI,6,6,2
2021-09-26,RI,6,7,2
2021-09-25,RI,6,7,2
2021-09-24,RI,6,7,2
2021-09-23,RI,6,7,2
2021-09-22,RI,6,7,2
2021-09-21,RI,6,6,2
2021-09-20,RI,6,6,2
2021-09-19,RI,6,7,2
2021-09-18,RI,6,7,2
2021-09-17,RI,6,7,2
2021-09-16,RI,6,7,2
2021-09-15,RI,6,7,2
2021-09-14,RI,6,6,2
2021-09-13,RI,6,6,2
2021-09-12,RI,6,7,2
2021-09-11,RI,6,7,2
2021-09-10,RI,6,7,2
2021-09-09,RI,6,7,2
2021-09-08,RI,6,7,2
2021-09-07,RI,6,6,2
2021-09-06,RI,6,6,2
2021-09-05,RI,6,7,2
2021-09-04,RI,6,6,3
2021-09-03,RI,6,7,2
2021-09-02,RI,6,7,2
2021-09-01,RI,6,7,2
2021-08-31,RI,6,6,2
2021-08-30,RI,6,6,2
2021-08-29,RI,6,6,3
2021-08-28,RI,6,6,3
2021-08-27,RI,7,6,2
2021-08-26,RI,6,6,3
2021-08-25,RI,6,7,2
2021-08-24,RI,6,6,2
2021-08-23,RI,6,6,2
2021-08-22,RI,7,6,2
2021-08-21,RI,6,6,3
2021-08-20,RI,6,7,2
2021-08-19,RI,6,7,2
2021-08-18,RI,6,7,2
2021-08-17,RI,6,6,2
2021-08-16,RI,4,8,2
2021-08-15,RI,4,9,2
2021-08-14,RI,4,9,2
2021-08-13,RI,5,8,2
2021-08-12,RI,4,8,3
2021-08-11,RI,4,8,3
2021-08-10,RI,4,8,2
2021-08-09,RI,4,8,2
2021-08-08,RI,4,9,2
2021-08-07,RI,4,8,3
2021-08-06,RI,4,9,2
2021-08-05,RI,4,9,2
2021-08-04,RI,4,10,1
2021-08-03,RI,4,9,1
2021-08-02,RI,4,8,2
2021-08-01,RI,4,10,1
2021-07-31,RI,4,9,2
2021-07-30,RI,4,10,1
2021-07-29,RI,4,10,1
2021-07-28,RI,4,10,1
2021-07-27,RI,4,9,1
2021-07-26,RI,4,8,2
2021-07-25,RI,4,9,2
2021-07-24,RI,4,10,1
2021-07-23,RI,4,9,2
2021-07-22,RI,4,9,2
2021-07-21,RI,4,9,2
2021-07-20,RI,4,8,2
2021-07-19,RI,3,9,2
2021-07-18,RI,4,9,1
2021-07-17,RI,4,9,1
2021-07-16,RI,4,8,2
2021-07-15,RI,4,8,2
2021-07-14,RI,4,8,2
2021-07-13,RI,4,7,2
2021-07-12,RI,4,7,2
2021-07-11,RI,4,9,1
2021-07-10,RI,4,9,1
2021-07-09,RI,4,9,1
2021-07-08,RI,4,9,1
2021-07-07,RI,4,9,1
2021-07-06,RI,4,8,1
2021-07-05,RI,4,8,1
2021-07-04,RI,4,10,1
2021-07-03,RI,4,9,2
2021-07-02,RI,4,9,2
2021-07-01,RI,4,9,2
2021-06-30,RI,4,10,1
2021-06-29,RI,4,8,2
2021-06-28,RI,4,8,2
2021-06-27,RI,3,11,1
2021-06-26,RI,3,11,1
2021-06-25,RI,5,9,1
2021-06-24,RI,5,8,2
2021-06-23,RI,5,8,2
2021-06-22,RI,5,7,2
2021-06-21,RI,5,8,1
2021-06-20,RI,5,9,1
2021-06-19,RI,5,8,2
2021-06-18,RI,5,8,1
2021-06-17,RI,4,9,2
2021-06-16,RI,4,9,2
2021-06-15,RI,4,8,2
2021-06-14,RI,4,8,2
2021-06-13,RI,5,9,1
2021-06-12,RI,5,9,1
2021-06-11,RI,5,9,1
2021-06-10,RI,5,9,1
2021-06-09,RI,5,9,1
2021-06-08,RI,5,8,1
2021-06-07,RI,4,9,1
2021-06-06,RI,5,9,1
2021-06-05,RI,5,9,1
2021-06-04,RI,4,9,2
2021-06-03,RI,4,9,2
2021-06-02,RI,4,10,1
2021-06-01,RI,4,9,1
2021-05-31,RI,4,9,1
2021-05-30,RI,4,10,1
2021-05-29,RI,4,10,1
2021-05-28,RI,4,9,2
2021-05-27,RI,4,10,1
2021-05-26,RI,4,9,2
2021-05-25,RI,4,9,1
2021-05-24,RI,4,9,1
2021-05-23,RI,4,10,1
2021-05-22,RI,4,10,1
2021-05-21,RI,4,9,2
2021-05-20,RI,4,9,2
2021-05-19,RI,4,10,1
2021-05-18,RI,4,8,2
2021-05-17,RI,4,8,2
2021-05-16,RI,4,10,1
2021-05-15,RI,4,10,1
2021-05-14,RI,4,10,1
2021-05-13,RI,4,10,1
2021-05-12,RI,4,8,3
2021-05-11,RI,4,7,3
2021-05-10,RI,4,8,2
2021-05-09,RI,5,9,1
2021-05-08,RI,5,9,1
2021-05-07,RI,5,8,2
2021-05-06,RI,5,9,1
2021-05-05,RI,5,9,1
2021-05-04,RI,4,9,1
2021-05-03,RI,4,9,1
2021-05-02,RI,4,10,1
2021-05-01,RI,4,10,1
2021-04-30,RI,4,10,1
2021-04-29,RI,4,9,2
2021-04-28,RI,4,9,2
2021-04-27,RI,4,8,2
2021-04-26,RI,4,8,2
2021-04-25,RI,3,11,1
2021-04-24,RI,4,9,2
2021-04-23,RI,4,9,2
2021-04-22,RI,4,9,2
2021-04-21,RI,4,10,1
2021-04-20,RI,4,9,1
2021-04-19,RI,4,8,2
2021-04-18,RI,3,11,1
2021-04-17,RI,4,10,1
2021-04-16,RI,4,9,2
2021-04-15,RI,3,11,1
2021-04-14,RI,4,9,2
2021-04-13,RI,4,9,1
2021-04-12,RI,4,9,1
2021-04-11,RI,4,9,1
2021-04-10,RI,4,9,1
2021-04-09,RI,4,8,1
2021-04-08,RI,4,9,1
2021-04-07,RI,4,9,1
2021-04-06,RI,4,9,1
2021-04-05,RI,3,10,1
2021-04-04,RI,3,10,2
2021-04-03,RI,3,11,1
2021-04-02,RI,3,11,1
2021-04-01,RI,3,10,2
2021-03-31,RI,3,10,2
2021-03-30,RI,3,11,1
2021-03-29,RI,3,11,1
2021-03-28,RI,3,11,1
2021-03-27,RI,3,11,1
2021-03-26,RI,4,10,1
2021-03-25,RI,4,10,1
2021-03-24,RI,4,9,2
2021-03-23,RI,4,9,2
2021-03-22,RI,4,9,2
2021-03-21,RI,4,10,1
2021-03-20,RI,4,10,1
2021-03-19,RI,5,9,1
2021-03-18,RI,4,10,1
2021-03-17,RI,4,9,2
2021-03-16,RI,4,9,2
2021-03-15,RI,4,10,1
2021-03-14,RI,3,10,2
2021-03-13,RI,3,11,1
2021-03-12,RI,4,10,1
2021-03-11,RI,4,10,1
2021-03-10,RI,4,10,1
2021-03-09,RI,4,10,1
2021-03-08,RI,4,9,2
2021-03-07,RI,3,11,1
2021-03-06,RI,4,10,1
2021-03-05,RI,4,9,2
2021-03-04,RI,3,10,2
2021-03-03,RI,4,10,1
2021-03-02,RI,4,10,1
2021-03-01,RI,4,10,1
2021-02-28,RI,4,10,1
2021-02-27,RI,4,10,1
2021-02-26,RI,4,10,1
2021-02-25,RI,4,10,1
2021-02-24,RI,4,10,1
2021-02-23,RI,4,10,1
2021-02-22,RI,4,10,1
2021-02-21,RI,4,10,1
2021-02-20,RI,4,10,1
2021-02-19,RI,4,10,1
2021-02-18,RI,4,10,1
2021-02-17,RI,3,11,1
2021-02-16,RI,3,11,1
2021-02-15,RI,4,10,1
2021-02-14,RI,4,10,1
2021-02-13,RI,4,10,1
2021-02-12,RI,3,11,1
2021-02-11,RI,4,10,1
2021-02-10,RI,4,10,1
2021-02-09,RI,5,9,1
2021-02-08,RI,5,9,1
2021-02-07,RI,5,9,1
2021-02-06,RI,5,9,1
2021-02-05,RI,5,9,1
2021-02-04,RI,5,9,1
2021-02-03,RI,5,9,1
2021-02-02,RI,6,8,1
2021-02-01,RI,5,9,1
2021-01-31,RI,5,8,2
2021-01-30,RI,6,8,1
2021-01-29,RI,6,8,1
2021-01-28,RI,6,8,1
2021-01-27,RI,6,8,1
2021-01-26,RI,6,8,1
2021-01-25,RI,6,8,1
2021-01-24,RI,6,8,1
2021-01-23,RI,6,7,2
2021-01-22,RI,6,8,1
2021-01-21,RI,6,8,1
2021-01-20,RI,6,8,1
2021-01-19,RI,6,8,1
2021-01-18,RI,6,8,1
2021-01-17,RI,6,8,1
2021-01-16,RI,6,8,1
2021-01-15,RI,6,8,1
2021-01-14,RI,6,8,1
2021-01-13,RI,6,8,1
2021-01-12,RI,6,8,1
2021-01-11,RI,6,8,1
2021-01-10,RI,6,8,1
2021-01-09,RI,5,9,1
2021-01-08,RI,5,9,1
2021-01-07,RI,4,10,1
2021-01-06,RI,4,10,1
2021-01-05,RI,5,9,1
2021-01-04,RI,6,8,1
2021-01-03,RI,6,8,1
2021-01-02,RI,6,8,1
2021-01-01,RI,6,8,1
2020-12-31,RI,5,9,1
2020-12-30,RI,5,9,1
2020-12-29,RI,5,9,1
2020-12-28,RI,4,10,1
2020-12-27,RI,5,9,1
2020-12-26,RI,5,9,1
2020-12-25,RI,4,10,1
2020-12-24,RI,4,10,1
2020-12-23,RI,4,10,1
2020-12-22,RI,5,9,1
2020-12-21,RI,5,9,1
2020-12-20,RI,5,9,1
2020-12-19,RI,5,9,1
2020-12-18,RI,4,10,1
2020-12-17,RI,4,10,1
2020-12-16,RI,3,10,2
2020-12-15,RI,3,11,1
2020-12-14,RI,4,10,1
2020-12-13,RI,4,10,1
2020-12-12,RI,4,10,1
2020-12-11,RI,4,10,1
2020-12-10,RI,3,11,1
2020-12-09,RI,3,11,1
2020-12-08,RI,3,11,1
2020-12-07,RI,2,12,1
2020-12-06,RI,3,11,1
2020-12-05,RI,2,12,1
2020-12-04,RI,3,11,1
2020-12-03,RI,2,12,1
2020-12-02,RI,3,11,1
2020-12-01,RI,3,10,1
2020-11-30,RI,2,11,1
2020-11-29,RI,3,11,1
2020-11-28,RI,3,11,1
2020-11-27,RI,3,11,1
2020-11-26,RI,2,12,1
2020-11-25,RI,2,12,1
2020-11-24,RI,2,12,1
2020-11-23,RI,3,11,1
2020-11-22,RI,2,12,1
2020-11-21,RI,1,12,2
2020-11-20,RI,3,11,1
2020-11-19,RI,2,12,1
2020-11-18,RI,2,12,1
2020-11-17,RI,2,12,1
2020-11-16,RI,2,11,1
2020-11-15,RI,2,12,1
2020-11-14,RI,2,12,1
2020-11-13,RI,2,12,1
2020-11-12,RI,2,12,1
2020-11-11,RI,2,11,2
2020-11-10,RI,2,12,1
2020-11-09,RI,2,11,1
2020-11-08,RI,2,11,1
2020-11-07,RI,2,11,1
2020-11-06,RI,2,12,1
2020-11-05,RI,2,12,1
2020-11-04,RI,2,12,1
2020-11-03,RI,2,12,1
2020-11-02,RI,2,12,1
2020-11-01,RI,2,12,1
2020-10-31,RI,2,12,1
2020-10-30,RI,2,12,1
2020-10-29,RI,2,12,1
2020-10-28,RI,2,12,1
2020-10-27,RI,2,12,1
2020-10-26,RI,2,12,1
2020-10-25,RI,2,12,1
2020-10-24,RI,2,12,1
2020-10-23,RI,3,11,1
2020-10-22,RI,2,12,1
2020-10-21,RI,2,12,1
2020-10-20,RI,2,11,2
2020-10-19,RI,2,12,1
2020-10-18,RI,1,12,2
2020-10-17,RI,2,12,1
2020-10-16,RI,2,12,1
2020-10-15,RI,2,12,1
2020-10-14,RI,2,12,1
2020-10-13,RI,2,11,2
2020-10-12,RI,2,12,1
2020-10-11,RI,2,12,1
2020-10-10,RI,1,13,1
2020-10-09,RI,2,11,2
2020-10-08,RI,2,12,1
2020-10-07,RI,2,12,1
2020-10-06,RI,2,12,1
2020-10-05,RI,2,10,2
2020-10-04,RI,2,11,1
2020-10-03,RI,2,12,1
2020-10-02,RI,2,12,1
2020-10-01,RI,2,12,1
2020-09-30,RI,2,12,1
2020-09-29,RI,2,12,1
2020-09-28,RI,2,11,1
2020-09-27,RI,2,11,1
2020-09-26,RI,2,12,1
2020-09-25,RI,2,12,1
2020-09-24,RI,2,12,1
2020-09-23,RI,2,12,1
2020-09-22,RI,2,12,1
2020-09-21,RI,2,12,1
2020-09-20,RI,2,11,1
2020-09-19,RI,2,11,1
2020-09-18,RI,2,11,1
2020-09-17,RI,2,10,2
2020-09-16,RI,2,10,2
2020-09-15,RI,2,11,2
2020-09-14,RI,2,11,2
2020-09-13,RI,2,11,2
2020-09-12,RI,2,11,2
2020-09-11,RI,2,11,2
2020-09-10,RI,2,10,2
2020-09-09,RI,2,10,2
2020-09-08,RI,2,10,2
2020-09-07,RI,2,9,3
2020-09-06,RI,2,10,2
2020-09-05,RI,1,12,2
2020-09-04,RI,2,11,2
2020-09-03,RI,2,11,2
2020-09-02,RI,2,11,2
2020-09-01,RI,1,12,2
2020-08-31,RI,1,11,2
2020-08-30,RI,2,10,2
2020-08-29,RI,2,10,2
2020-08-28,RI,2,9,3
2020-08-27,RI,2,10,2
2020-08-26,RI,2,9,3
2020-08-25,RI,1,11,2
2020-08-24,RI,1,11,2
2020-08-23,RI,2,10,2
2020-08-22,RI,1,11,2
2020-08-21,RI,2,9,3
2020-08-20,RI,2,10,2
2020-08-19,RI,3,9,2
2020-08-18,RI,2,9,3
2020-08-17,RI,2,9,2
2020-08-16,RI,2,10,1
2020-08-15,RI,2,10,1
2020-08-14,RI,2,9,2
2020-08-13,RI,1,10,2
2020-08-12,RI,2,9,2
2020-08-11,RI,2,10,1
2020-08-10,RI,2,9,2
2020-08-09,RI,2,10,1
2020-08-08,RI,1,11,1
2020-08-07,RI,1,10,2
2020-08-06,RI,2,10,1
2020-08-05,RI,2,9,1
2020-08-04,RI,2,9,1
2020-08-03,RI,2,9,1
2020-08-02,RI,2,10,0
2020-08-01,RI,2,10,0
2023-04-10,SC,21,27,10
2023-04-09,SC,21,27,10
2023-04-08,SC,21,27,10
2023-04-07,SC,21,28,11
2023-04-06,SC,21,28,12
2023-04-05,SC,21,34,7
2023-04-04,SC,21,30,12
2023-04-03,SC,21,30,12
2023-04-02,SC,21,29,12
2023-04-01,SC,21,29,12
2023-03-31,SC,21,30,11
2023-03-30,SC,21,30,11
2023-03-29,SC,21,35,6
2023-03-28,SC,21,30,12
2023-03-27,SC,17,33,12
2023-03-26,SC,17,34,12
2023-03-25,SC,17,35,11
2023-03-24,SC,21,30,12
2023-03-23,SC,21,30,12
2023-03-22,SC,21,36,6
2023-03-21,SC,21,30,11
2023-03-20,SC,21,29,12
2023-03-19,SC,21,30,12
2023-03-18,SC,21,30,12
2023-03-17,SC,21,30,12
2023-03-16,SC,21,30,12
2023-03-15,SC,21,36,6
2023-03-14,SC,21,29,12
2023-03-13,SC,21,29,12
2023-03-12,SC,21,30,12
2023-03-11,SC,21,30,12
2023-03-10,SC,21,30,12
2023-03-09,SC,21,31,12
2023-03-08,SC,21,37,6
2023-03-07,SC,21,29,13
2023-03-06,SC,21,30,12
2023-03-05,SC,21,31,12
2023-03-04,SC,21,30,12
2023-03-03,SC,21,30,12
2023-03-02,SC,21,30,12
2023-03-01,SC,21,36,6
2023-02-28,SC,21,29,12
2023-02-27,SC,21,29,12
2023-02-26,SC,17,34,12
2023-02-25,SC,17,34,12
2023-02-24,SC,16,34,13
2023-02-23,SC,20,30,13
2023-02-22,SC,16,40,7
2023-02-21,SC,20,29,13
2023-02-20,SC,20,29,13
2023-02-19,SC,20,30,13
2023-02-18,SC,20,30,13
2023-02-17,SC,21,30,12
2023-02-16,SC,21,30,12
2023-02-15,SC,21,36,6
2023-02-14,SC,21,29,12
2023-02-13,SC,21,29,12
2023-02-12,SC,21,31,12
2023-02-11,SC,21,31,12
2023-02-10,SC,21,31,12
2023-02-09,SC,21,31,12
2023-02-08,SC,21,37,6
2023-02-07,SC,21,29,12
2023-02-06,SC,21,30,11
2023-02-05,SC,21,31,11
2023-02-04,SC,21,31,11
2023-02-03,SC,21,29,13
2023-02-02,SC,21,30,12
2023-02-01,SC,21,36,6
2023-01-31,SC,21,29,12
2023-01-30,SC,21,29,12
2023-01-29,SC,21,30,12
2023-01-28,SC,21,30,12
2023-01-27,SC,21,30,12
2023-01-26,SC,21,30,12
2023-01-25,SC,21,36,6
2023-01-24,SC,21,29,12
2023-01-23,SC,21,30,11
2023-01-22,SC,21,29,12
2023-01-21,SC,21,29,12
2023-01-20,SC,21,30,12
2023-01-19,SC,21,30,12
2023-01-18,SC,21,36,6
2023-01-17,SC,21,30,12
2023-01-16,SC,21,29,12
2023-01-15,SC,21,30,11
2023-01-14,SC,21,30,11
2023-01-13,SC,21,30,11
2023-01-12,SC,21,30,11
2023-01-11,SC,21,34,7
2023-01-10,SC,21,30,11
2023-01-09,SC,21,31,11
2023-01-08,SC,21,31,11
2023-01-07,SC,21,31,11
2023-01-06,SC,21,31,11
2023-01-05,SC,21,31,11
2023-01-04,SC,21,35,6
2023-01-03,SC,21,30,11
2023-01-02,SC,20,32,10
2023-01-01,SC,20,32,10
2022-12-31,SC,20,32,10
2022-12-30,SC,20,31,11
2022-12-29,SC,20,31,11
2022-12-28,SC,20,36,6
2022-12-27,SC,20,31,11
2022-12-26,SC,20,31,11
2022-12-25,SC,20,31,11
2022-12-24,SC,20,31,11
2022-12-23,SC,21,30,11
2022-12-22,SC,21,30,11
2022-12-21,SC,22,34,6
2022-12-20,SC,21,30,11
2022-12-19,SC,21,31,12
2022-12-18,SC,22,34,12
2022-12-17,SC,22,35,12
2022-12-16,SC,22,36,11
2022-12-15,SC,22,34,13
2022-12-14,SC,22,40,5
2022-12-13,SC,21,35,10
2022-12-12,SC,21,35,10
2022-12-11,SC,21,36,10
2022-12-10,SC,21,36,10
2022-12-09,SC,22,35,10
2022-12-08,SC,22,35,10
2022-12-07,SC,22,40,5
2022-12-06,SC,21,36,10
2022-12-05,SC,21,36,10
2022-12-04,SC,21,37,10
2022-12-03,SC,21,37,10
2022-12-02,SC,22,41,5
2022-12-01,SC,22,41,5
2022-11-30,SC,23,40,5
2022-11-29,SC,21,41,5
2022-11-28,SC,21,41,5
2022-11-27,SC,22,41,5
2022-11-26,SC,22,41,5
2022-11-25,SC,22,41,5
2022-11-24,SC,22,41,5
2022-11-23,SC,22,41,5
2022-11-22,SC,21,41,5
2022-11-21,SC,21,41,5
2022-11-20,SC,22,41,5
2022-11-19,SC,22,41,5
2022-11-18,SC,22,41,5
2022-11-17,SC,22,41,5
2022-11-16,SC,22,41,5
2022-11-15,SC,21,41,5
2022-11-14,SC,21,41,5
2022-11-13,SC,22,41,5
2022-11-12,SC,22,41,5
2022-11-11,SC,22,41,5
2022-11-10,SC,22,41,5
2022-11-09,SC,22,41,5
2022-11-08,SC,21,41,5
2022-11-07,SC,21,42,5
2022-11-06,SC,22,42,5
2022-11-05,SC,22,42,5
2022-11-04,SC,22,42,5
2022-11-03,SC,22,42,5
2022-11-02,SC,22,41,5
2022-11-01,SC,21,41,5
2022-10-31,SC,21,41,5
2022-10-30,SC,21,42,5
2022-10-29,SC,21,42,5
2022-10-28,SC,22,41,5
2022-10-27,SC,22,41,5
2022-10-26,SC,22,41,5
2022-10-25,SC,21,41,5
2022-10-24,SC,21,41,5
2022-10-23,SC,22,41,5
2022-10-22,SC,22,41,5
2022-10-21,SC,22,41,5
2022-10-20,SC,22,41,5
2022-10-19,SC,22,41,5
2022-10-18,SC,21,41,5
2022-10-17,SC,21,41,5
2022-10-16,SC,22,42,5
2022-10-15,SC,22,42,5
2022-10-14,SC,22,42,5
2022-10-13,SC,22,42,5
2022-10-12,SC,22,42,5
2022-10-11,SC,20,42,5
2022-10-10,SC,20,42,5
2022-10-09,SC,22,43,5
2022-10-08,SC,22,44,5
2022-10-07,SC,22,45,5
2022-10-06,SC,23,44,5
2022-10-05,SC,23,44,5
2022-10-04,SC,21,43,5
2022-10-03,SC,21,42,5
2022-10-02,SC,22,41,5
2022-10-01,SC,22,41,5
2022-09-30,SC,22,41,5
2022-09-29,SC,22,41,5
2022-09-28,SC,22,41,5
2022-09-27,SC,21,41,5
2022-09-26,SC,21,41,5
2022-09-25,SC,22,41,5
2022-09-24,SC,22,41,5
2022-09-23,SC,22,41,5
2022-09-22,SC,22,41,5
2022-09-21,SC,22,41,5
2022-09-20,SC,21,41,5
2022-09-19,SC,21,41,5
2022-09-18,SC,22,42,5
2022-09-17,SC,22,42,5
2022-09-16,SC,22,42,5
2022-09-15,SC,22,42,5
2022-09-14,SC,21,43,5
2022-09-13,SC,21,41,5
2022-09-12,SC,21,41,5
2022-09-11,SC,22,42,5
2022-09-10,SC,22,42,5
2022-09-09,SC,22,50,5
2022-09-08,SC,22,50,5
2022-09-07,SC,22,50,5
2022-09-06,SC,21,49,5
2022-09-05,SC,21,49,5
2022-09-04,SC,22,50,5
2022-09-03,SC,22,50,5
2022-09-02,SC,22,50,5
2022-09-01,SC,22,50,5
2022-08-31,SC,22,50,5
2022-08-30,SC,21,49,5
2022-08-29,SC,21,49,5
2022-08-28,SC,22,51,5
2022-08-27,SC,22,51,5
2022-08-26,SC,22,51,5
2022-08-25,SC,22,51,5
2022-08-24,SC,22,51,5
2022-08-23,SC,21,49,5
2022-08-22,SC,21,49,5
2022-08-21,SC,23,56,5
2022-08-20,SC,23,56,5
2022-08-19,SC,23,56,5
2022-08-18,SC,23,56,5
2022-08-17,SC,23,56,5
2022-08-16,SC,21,49,5
2022-08-15,SC,20,50,5
2022-08-14,SC,23,60,5
2022-08-13,SC,23,60,5
2022-08-12,SC,24,59,5
2022-08-11,SC,24,59,5
2022-08-10,SC,24,59,5
2022-08-09,SC,21,49,5
2022-08-08,SC,21,49,5
2022-08-07,SC,24,59,5
2022-08-06,SC,24,59,5
2022-08-05,SC,24,59,5
2022-08-04,SC,24,59,5
2022-08-03,SC,24,59,5
2022-08-02,SC,21,49,5
2022-08-01,SC,21,49,5
2022-07-31,SC,23,60,5
2022-07-30,SC,23,60,5
2022-07-29,SC,23,60,5
2022-07-28,SC,22,61,5
2022-07-27,SC,23,60,5
2022-07-26,SC,21,49,5
2022-07-25,SC,21,50,5
2022-07-24,SC,22,61,5
2022-07-23,SC,22,61,5
2022-07-22,SC,21,62,5
2022-07-21,SC,22,61,5
2022-07-20,SC,21,62,5
2022-07-19,SC,20,50,5
2022-07-18,SC,21,49,5
2022-07-17,SC,23,60,5
2022-07-16,SC,23,60,5
2022-07-15,SC,22,61,5
2022-07-14,SC,23,60,5
2022-07-13,SC,22,61,5
2022-07-12,SC,20,50,5
2022-07-11,SC,20,50,5
2022-07-10,SC,22,61,5
2022-07-09,SC,22,61,5
2022-07-08,SC,21,62,5
2022-07-07,SC,21,62,5
2022-07-06,SC,21,62,5
2022-07-05,SC,20,50,5
2022-07-04,SC,20,50,5
2022-07-03,SC,22,61,5
2022-07-02,SC,22,61,5
2022-07-01,SC,23,60,5
2022-06-30,SC,23,60,5
2022-06-29,SC,23,60,5
2022-06-28,SC,21,49,5
2022-06-27,SC,21,49,5
2022-06-26,SC,23,60,5
2022-06-25,SC,23,60,5
2022-06-24,SC,22,61,5
2022-06-23,SC,22,61,5
2022-06-22,SC,22,61,5
2022-06-21,SC,21,49,5
2022-06-20,SC,21,49,5
2022-06-19,SC,24,59,5
2022-06-18,SC,24,59,5
2022-06-17,SC,23,60,5
2022-06-16,SC,23,60,5
2022-06-15,SC,24,59,5
2022-06-14,SC,20,50,5
2022-06-13,SC,20,50,5
2022-06-12,SC,21,62,5
2022-06-11,SC,21,62,5
2022-06-10,SC,21,62,5
2022-06-09,SC,21,62,5
2022-06-08,SC,21,62,5
2022-06-07,SC,20,50,5
2022-06-06,SC,20,50,5
2022-06-05,SC,23,60,5
2022-06-04,SC,23,60,5
2022-06-03,SC,23,60,5
2022-06-02,SC,23,60,5
2022-06-01,SC,24,59,5
2022-05-31,SC,20,50,5
2022-05-30,SC,20,50,5
2022-05-29,SC,22,61,5
2022-05-28,SC,22,61,5
2022-05-27,SC,22,61,5
2022-05-26,SC,22,61,5
2022-05-25,SC,22,61,5
2022-05-24,SC,21,49,5
2022-05-23,SC,20,50,5
2022-05-22,SC,23,60,5
2022-05-21,SC,23,60,5
2022-05-20,SC,23,60,5
2022-05-19,SC,24,59,5
2022-05-18,SC,24,59,5
2022-05-17,SC,21,49,5
2022-05-16,SC,21,49,5
2022-05-15,SC,23,60,5
2022-05-14,SC,23,60,5
2022-05-13,SC,24,59,5
2022-05-12,SC,23,60,5
2022-05-11,SC,24,59,5
2022-05-10,SC,21,49,5
2022-05-09,SC,21,49,5
2022-05-08,SC,24,59,5
2022-05-07,SC,24,59,5
2022-05-06,SC,24,59,5
2022-05-05,SC,24,59,5
2022-05-04,SC,24,59,5
2022-05-03,SC,21,49,5
2022-05-02,SC,21,49,5
2022-05-01,SC,24,59,5
2022-04-30,SC,24,59,5
2022-04-29,SC,24,59,5
2022-04-28,SC,24,59,5
2022-04-27,SC,24,59,5
2022-04-26,SC,21,49,5
2022-04-25,SC,21,49,5
2022-04-24,SC,24,59,5
2022-04-23,SC,24,59,5
2022-04-22,SC,24,59,5
2022-04-21,SC,24,59,5
2022-04-20,SC,24,59,5
2022-04-19,SC,21,49,5
2022-04-18,SC,21,49,5
2022-04-17,SC,24,59,5
2022-04-16,SC,24,59,5
2022-04-15,SC,24,59,5
2022-04-14,SC,24,59,5
2022-04-13,SC,24,59,5
2022-04-12,SC,21,49,5
2022-04-11,SC,21,49,5
2022-04-10,SC,24,59,5
2022-04-09,SC,24,59,5
2022-04-08,SC,24,59,5
2022-04-07,SC,24,59,5
2022-04-06,SC,24,59,5
2022-04-05,SC,21,49,5
2022-04-04,SC,21,49,5
2022-04-03,SC,24,59,5
2022-04-02,SC,24,59,5
2022-04-01,SC,24,59,5
2022-03-31,SC,24,59,5
2022-03-30,SC,24,59,5
2022-03-29,SC,21,49,5
2022-03-28,SC,21,49,5
2022-03-27,SC,24,59,5
2022-03-26,SC,24,59,5
2022-03-25,SC,24,59,5
2022-03-24,SC,24,59,5
2022-03-23,SC,24,59,5
2022-03-22,SC,21,49,5
2022-03-21,SC,21,50,5
2022-03-20,SC,24,59,5
2022-03-19,SC,24,59,5
2022-03-18,SC,24,59,5
2022-03-17,SC,24,59,5
2022-03-16,SC,24,59,5
2022-03-15,SC,21,50,5
2022-03-14,SC,21,50,5
2022-03-13,SC,23,60,5
2022-03-12,SC,23,60,5
2022-03-11,SC,23,60,5
2022-03-10,SC,23,60,5
2022-03-09,SC,24,59,5
2022-03-08,SC,21,50,5
2022-03-07,SC,21,50,5
2022-03-06,SC,23,60,5
2022-03-05,SC,23,60,5
2022-03-04,SC,23,60,5
2022-03-03,SC,23,60,5
2022-03-02,SC,24,59,5
2022-03-01,SC,21,50,5
2022-02-28,SC,21,50,5
2022-02-27,SC,23,60,5
2022-02-26,SC,23,60,5
2022-02-25,SC,23,60,5
2022-02-24,SC,23,60,5
2022-02-23,SC,24,59,5
2022-02-22,SC,21,50,5
2022-02-21,SC,21,50,5
2022-02-20,SC,23,60,5
2022-02-19,SC,23,60,5
2022-02-18,SC,23,60,5
2022-02-17,SC,23,60,5
2022-02-16,SC,24,59,5
2022-02-15,SC,21,50,5
2022-02-14,SC,21,50,5
2022-02-13,SC,23,60,5
2022-02-12,SC,24,59,5
2022-02-11,SC,24,59,5
2022-02-10,SC,23,60,5
2022-02-09,SC,25,58,5
2022-02-08,SC,23,48,5
2022-02-07,SC,23,49,5
2022-02-06,SC,25,58,5
2022-02-05,SC,24,59,5
2022-02-04,SC,24,59,5
2022-02-03,SC,25,58,5
2022-02-02,SC,24,59,5
2022-02-01,SC,22,49,5
2022-01-31,SC,21,50,5
2022-01-30,SC,24,59,5
2022-01-29,SC,24,59,5
2022-01-28,SC,24,59,5
2022-01-27,SC,24,59,5
2022-01-26,SC,25,58,5
2022-01-25,SC,23,49,5
2022-01-24,SC,22,49,5
2022-01-23,SC,23,60,5
2022-01-22,SC,24,59,5
2022-01-21,SC,24,59,5
2022-01-20,SC,24,59,5
2022-01-19,SC,26,57,5
2022-01-18,SC,22,49,5
2022-01-17,SC,26,45,5
2022-01-16,SC,28,55,5
2022-01-15,SC,27,56,5
2022-01-14,SC,28,55,5
2022-01-13,SC,27,56,5
2022-01-12,SC,29,54,5
2022-01-11,SC,25,46,5
2022-01-10,SC,27,44,5
2022-01-09,SC,25,58,5
2022-01-08,SC,28,55,5
2022-01-07,SC,26,57,5
2022-01-06,SC,25,58,5
2022-01-05,SC,25,58,5
2022-01-04,SC,24,47,5
2022-01-03,SC,28,43,5
2022-01-02,SC,28,55,5
2022-01-01,SC,28,55,5
2021-12-31,SC,29,54,5
2021-12-30,SC,28,55,5
2021-12-29,SC,27,56,5
2021-12-28,SC,26,46,5
2021-12-27,SC,27,45,5
2021-12-26,SC,28,55,5
2021-12-25,SC,28,55,5
2021-12-24,SC,28,55,5
2021-12-23,SC,28,55,5
2021-12-22,SC,28,55,5
2021-12-21,SC,27,44,5
2021-12-20,SC,24,48,5
2021-12-19,SC,25,58,5
2021-12-18,SC,25,58,5
2021-12-17,SC,25,58,5
2021-12-16,SC,28,55,5
2021-12-15,SC,28,54,5
2021-12-14,SC,27,45,5
2021-12-13,SC,27,45,5
2021-12-12,SC,28,55,5
2021-12-11,SC,28,55,5
2021-12-10,SC,28,55,5
2021-12-09,SC,29,53,5
2021-12-08,SC,28,54,5
2021-12-07,SC,27,44,5
2021-12-06,SC,27,45,5
2021-12-05,SC,28,55,5
2021-12-04,SC,28,55,5
2021-12-03,SC,29,54,5
2021-12-02,SC,29,54,5
2021-12-01,SC,29,53,5
2021-11-30,SC,28,43,5
2021-11-29,SC,28,43,5
2021-11-28,SC,27,56,5
2021-11-27,SC,27,56,5
2021-11-26,SC,30,53,5
2021-11-25,SC,29,54,5
2021-11-24,SC,29,54,5
2021-11-23,SC,28,43,5
2021-11-22,SC,28,43,5
2021-11-21,SC,29,54,5
2021-11-20,SC,29,54,5
2021-11-19,SC,29,54,5
2021-11-18,SC,29,54,5
2021-11-17,SC,29,54,5
2021-11-16,SC,27,44,5
2021-11-15,SC,28,43,5
2021-11-14,SC,29,54,5
2021-11-13,SC,29,54,5
2021-11-12,SC,29,54,5
2021-11-11,SC,29,54,5
2021-11-10,SC,29,54,5
2021-11-09,SC,28,43,5
2021-11-08,SC,28,43,5
2021-11-07,SC,29,54,5
2021-11-06,SC,29,54,5
2021-11-05,SC,30,53,5
2021-11-04,SC,30,53,5
2021-11-03,SC,30,53,5
2021-11-02,SC,29,42,5
2021-11-01,SC,29,42,5
2021-10-31,SC,30,53,5
2021-10-30,SC,30,53,5
2021-10-29,SC,30,53,5
2021-10-28,SC,29,54,5
2021-10-27,SC,30,53,5
2021-10-26,SC,29,42,5
2021-10-25,SC,29,42,5
2021-10-24,SC,29,54,5
2021-10-23,SC,29,54,5
2021-10-22,SC,29,54,5
2021-10-21,SC,30,53,5
2021-10-20,SC,28,55,5
2021-10-19,SC,29,42,5
2021-10-18,SC,29,42,5
2021-10-17,SC,30,53,5
2021-10-16,SC,30,53,5
2021-10-15,SC,30,53,5
2021-10-14,SC,31,52,5
2021-10-13,SC,30,53,5
2021-10-12,SC,29,42,5
2021-10-11,SC,30,41,5
2021-10-10,SC,29,54,5
2021-10-09,SC,29,54,5
2021-10-08,SC,29,54,5
2021-10-07,SC,29,54,5
2021-10-06,SC,29,54,5
2021-10-05,SC,29,42,5
2021-10-04,SC,29,42,5
2021-10-03,SC,30,53,5
2021-10-02,SC,30,53,5
2021-10-01,SC,30,53,5
2021-09-30,SC,30,53,5
2021-09-29,SC,28,55,5
2021-09-28,SC,30,41,5
2021-09-27,SC,30,41,5
2021-09-26,SC,31,52,5
2021-09-25,SC,30,53,5
2021-09-24,SC,30,53,5
2021-09-23,SC,29,54,5
2021-09-22,SC,30,53,5
2021-09-21,SC,30,41,5
2021-09-20,SC,29,43,5
2021-09-19,SC,32,51,5
2021-09-18,SC,31,52,5
2021-09-17,SC,32,51,5
2021-09-16,SC,30,53,5
2021-09-15,SC,31,52,5
2021-09-14,SC,30,41,5
2021-09-13,SC,31,40,5
2021-09-12,SC,33,50,5
2021-09-11,SC,32,51,5
2021-09-10,SC,31,52,5
2021-09-09,SC,31,52,5
2021-09-08,SC,31,52,5
2021-09-07,SC,26,45,5
2021-09-06,SC,23,48,5
2021-09-05,SC,26,57,5
2021-09-04,SC,26,57,5
2021-09-03,SC,25,58,5
2021-09-02,SC,31,52,5
2021-09-01,SC,24,59,5
2021-08-31,SC,24,47,5
2021-08-30,SC,23,48,5
2021-08-29,SC,24,59,5
2021-08-28,SC,24,59,5
2021-08-27,SC,24,59,5
2021-08-26,SC,23,60,5
2021-08-25,SC,24,59,5
2021-08-24,SC,24,47,5
2021-08-23,SC,23,48,5
2021-08-22,SC,25,58,5
2021-08-21,SC,25,58,5
2021-08-20,SC,25,58,5
2021-08-19,SC,26,57,5
2021-08-18,SC,24,59,5
2021-08-17,SC,25,46,5
2021-08-16,SC,24,47,5
2021-08-15,SC,24,59,5
2021-08-14,SC,24,59,5
2021-08-13,SC,20,63,5
2021-08-12,SC,20,63,5
2021-08-11,SC,19,64,5
2021-08-10,SC,19,53,5
2021-08-09,SC,19,54,5
2021-08-08,SC,20,64,5
2021-08-07,SC,20,64,5
2021-08-06,SC,20,64,5
2021-08-05,SC,20,64,5
2021-08-04,SC,19,64,5
2021-08-03,SC,19,51,5
2021-08-02,SC,19,51,5
2021-08-01,SC,20,62,5
2021-07-31,SC,20,62,5
2021-07-30,SC,20,62,5
2021-07-29,SC,20,62,5
2021-07-28,SC,20,62,5
2021-07-27,SC,19,51,5
2021-07-26,SC,19,51,5
2021-07-25,SC,20,62,5
2021-07-24,SC,20,62,5
2021-07-23,SC,20,62,5
2021-07-22,SC,20,62,5
2021-07-21,SC,19,63,5
2021-07-20,SC,19,44,5
2021-07-19,SC,19,44,5
2021-07-18,SC,20,62,5
2021-07-17,SC,20,62,5
2021-07-16,SC,20,62,5
2021-07-15,SC,20,62,5
2021-07-14,SC,19,63,5
2021-07-13,SC,18,45,5
2021-07-12,SC,18,45,5
2021-07-11,SC,19,63,5
2021-07-10,SC,19,63,5
2021-07-09,SC,19,63,5
2021-07-08,SC,19,63,5
2021-07-07,SC,18,64,5
2021-07-06,SC,18,45,5
2021-07-05,SC,18,45,5
2021-07-04,SC,19,63,5
2021-07-03,SC,19,63,5
2021-07-02,SC,19,63,5
2021-07-01,SC,19,63,5
2021-06-30,SC,18,64,5
2021-06-29,SC,18,45,5
2021-06-28,SC,18,45,5
2021-06-27,SC,19,63,5
2021-06-26,SC,19,63,5
2021-06-25,SC,19,63,5
2021-06-24,SC,19,63,5
2021-06-23,SC,18,64,5
2021-06-22,SC,18,45,5
2021-06-21,SC,18,45,5
2021-06-20,SC,19,63,5
2021-06-19,SC,19,63,5
2021-06-18,SC,19,63,5
2021-06-17,SC,19,63,5
2021-06-16,SC,19,63,5
2021-06-15,SC,18,45,5
2021-06-14,SC,18,48,2
2021-06-13,SC,19,66,2
2021-06-12,SC,19,66,2
2021-06-11,SC,19,66,2
2021-06-10,SC,18,67,2
2021-06-09,SC,19,66,2
2021-06-08,SC,18,49,2
2021-06-07,SC,18,49,2
2021-06-06,SC,19,66,2
2021-06-05,SC,19,66,2
2021-06-04,SC,19,66,2
2021-06-03,SC,19,66,2
2021-06-02,SC,19,66,2
2021-06-01,SC,18,49,2
2021-05-31,SC,18,49,2
2021-05-30,SC,19,66,2
2021-05-29,SC,19,66,2
2021-05-28,SC,19,66,2
2021-05-27,SC,19,66,2
2021-05-26,SC,18,67,2
2021-05-25,SC,18,49,2
2021-05-24,SC,18,49,2
2021-05-23,SC,19,66,2
2021-05-22,SC,19,66,2
2021-05-21,SC,19,66,2
2021-05-20,SC,19,66,2
2021-05-19,SC,19,66,2
2021-05-18,SC,18,49,2
2021-05-17,SC,18,49,2
2021-05-16,SC,19,66,2
2021-05-15,SC,19,66,2
2021-05-14,SC,19,66,2
2021-05-13,SC,19,66,2
2021-05-12,SC,19,66,2
2021-05-11,SC,18,49,2
2021-05-10,SC,18,49,2
2021-05-09,SC,19,66,2
2021-05-08,SC,19,66,2
2021-05-07,SC,19,66,2
2021-05-06,SC,19,66,2
2021-05-05,SC,19,66,2
2021-05-04,SC,19,48,2
2021-05-03,SC,18,49,2
2021-05-02,SC,19,66,2
2021-05-01,SC,19,66,2
2021-04-30,SC,19,66,2
2021-04-29,SC,19,66,2
2021-04-28,SC,19,66,2
2021-04-27,SC,18,49,2
2021-04-26,SC,18,49,2
2021-04-25,SC,19,66,2
2021-04-24,SC,19,66,2
2021-04-23,SC,19,66,2
2021-04-22,SC,19,66,2
2021-04-21,SC,19,66,2
2021-04-20,SC,18,49,2
2021-04-19,SC,18,49,2
2021-04-18,SC,19,66,2
2021-04-17,SC,19,66,2
2021-04-16,SC,19,66,2
2021-04-15,SC,19,66,2
2021-04-14,SC,19,66,2
2021-04-13,SC,19,48,2
2021-04-12,SC,19,48,2
2021-04-11,SC,21,64,2
2021-04-10,SC,21,64,2
2021-04-09,SC,21,64,2
2021-04-08,SC,21,64,2
2021-04-07,SC,20,65,2
2021-04-06,SC,20,55,2
2021-04-05,SC,20,55,2
2021-04-04,SC,21,64,2
2021-04-03,SC,21,64,2
2021-04-02,SC,21,64,2
2021-04-01,SC,20,65,2
2021-03-31,SC,22,63,2
2021-03-30,SC,19,48,2
2021-03-29,SC,19,48,2
2021-03-28,SC,19,65,3
2021-03-27,SC,19,65,3
2021-03-26,SC,19,66,2
2021-03-25,SC,20,65,2
2021-03-24,SC,20,65,2
2021-03-23,SC,19,49,2
2021-03-22,SC,20,48,2
2021-03-21,SC,23,62,2
2021-03-20,SC,23,62,2
2021-03-19,SC,23,62,2
2021-03-18,SC,25,60,2
2021-03-17,SC,25,60,2
2021-03-16,SC,23,44,2
2021-03-15,SC,23,44,2
2021-03-14,SC,24,61,2
2021-03-13,SC,24,60,3
2021-03-12,SC,23,62,2
2021-03-11,SC,24,61,2
2021-03-10,SC,24,61,2
2021-03-09,SC,23,44,2
2021-03-08,SC,23,44,2
2021-03-07,SC,24,61,2
2021-03-06,SC,24,61,2
2021-03-05,SC,24,61,2
2021-03-04,SC,23,62,2
2021-03-03,SC,23,62,2
2021-03-02,SC,22,45,2
2021-03-01,SC,21,46,2
2021-02-28,SC,21,64,2
2021-02-27,SC,22,63,2
2021-02-26,SC,22,63,2
2021-02-25,SC,22,63,2
2021-02-24,SC,21,64,2
2021-02-23,SC,21,46,2
2021-02-22,SC,20,47,2
2021-02-21,SC,22,63,2
2021-02-20,SC,22,63,2
2021-02-19,SC,22,63,2
2021-02-18,SC,23,62,2
2021-02-17,SC,22,63,2
2021-02-16,SC,22,45,2
2021-02-15,SC,22,45,2
2021-02-14,SC,23,62,2
2021-02-13,SC,23,62,2
2021-02-12,SC,23,62,2
2021-02-11,SC,22,63,2
2021-02-10,SC,20,65,2
2021-02-09,SC,22,45,2
2021-02-08,SC,22,45,2
2021-02-07,SC,23,62,2
2021-02-06,SC,24,61,2
2021-02-05,SC,23,62,2
2021-02-04,SC,22,63,2
2021-02-03,SC,22,63,2
2021-02-02,SC,21,46,2
2021-02-01,SC,21,46,2
2021-01-31,SC,23,62,2
2021-01-30,SC,23,62,2
2021-01-29,SC,23,62,2
2021-01-28,SC,22,63,2
2021-01-27,SC,21,64,2
2021-01-26,SC,21,47,2
2021-01-25,SC,21,47,2
2021-01-24,SC,22,63,2
2021-01-23,SC,22,63,2
2021-01-22,SC,22,63,2
2021-01-21,SC,22,63,2
2021-01-20,SC,22,63,2
2021-01-19,SC,21,47,2
2021-01-18,SC,21,47,2
2021-01-17,SC,22,63,2
2021-01-16,SC,21,64,2
2021-01-15,SC,22,63,2
2021-01-14,SC,23,62,2
2021-01-13,SC,22,63,2
2021-01-12,SC,23,45,2
2021-01-11,SC,24,44,2
2021-01-10,SC,23,62,2
2021-01-09,SC,22,63,2
2021-01-08,SC,23,62,2
2021-01-07,SC,25,60,2
2021-01-06,SC,24,61,2
2021-01-05,SC,24,44,2
2021-01-04,SC,18,50,2
2021-01-03,SC,18,67,2
2021-01-02,SC,18,66,3
2021-01-01,SC,20,64,3
2020-12-31,SC,19,65,3
2020-12-30,SC,20,65,2
2020-12-29,SC,20,47,3
2020-12-28,SC,32,36,2
2020-12-27,SC,32,52,3
2020-12-26,SC,33,52,2
2020-12-25,SC,32,52,3
2020-12-24,SC,32,52,3
2020-12-23,SC,32,53,2
2020-12-22,SC,31,43,3
2020-12-21,SC,31,37,2
2020-12-20,SC,32,52,3
2020-12-19,SC,32,52,3
2020-12-18,SC,32,52,3
2020-12-17,SC,33,52,2
2020-12-16,SC,33,52,2
2020-12-15,SC,31,39,2
2020-12-14,SC,30,38,3
2020-12-13,SC,33,52,2
2020-12-12,SC,32,52,3
2020-12-11,SC,32,53,2
2020-12-10,SC,32,53,2
2020-12-09,SC,32,53,2
2020-12-08,SC,31,40,2
2020-12-07,SC,31,40,2
2020-12-06,SC,30,55,2
2020-12-05,SC,31,54,2
2020-12-04,SC,30,55,2
2020-12-03,SC,29,55,3
2020-12-02,SC,30,55,2
2020-12-01,SC,30,41,2
2020-11-30,SC,30,41,2
2020-11-29,SC,32,52,2
2020-11-28,SC,32,53,2
2020-11-27,SC,32,53,2
2020-11-26,SC,32,53,2
2020-11-25,SC,32,53,2
2020-11-24,SC,31,40,2
2020-11-23,SC,31,39,2
2020-11-22,SC,31,54,2
2020-11-21,SC,31,54,2
2020-11-20,SC,31,54,2
2020-11-19,SC,31,54,2
2020-11-18,SC,32,53,2
2020-11-17,SC,34,36,2
2020-11-16,SC,35,35,2
2020-11-15,SC,38,46,2
2020-11-14,SC,38,46,2
2020-11-13,SC,37,47,2
2020-11-12,SC,36,48,2
2020-11-11,SC,35,49,2
2020-11-10,SC,35,37,2
2020-11-09,SC,33,37,2
2020-11-08,SC,34,49,2
2020-11-07,SC,34,49,2
2020-11-06,SC,35,48,2
2020-11-05,SC,38,45,2
2020-11-04,SC,38,45,2
2020-11-03,SC,38,34,2
2020-11-02,SC,38,33,2
2020-11-01,SC,44,38,2
2020-10-31,SC,43,40,2
2020-10-30,SC,42,41,2
2020-10-29,SC,42,40,2
2020-10-28,SC,42,39,2
2020-10-27,SC,42,30,2
2020-10-26,SC,42,30,2
2020-10-25,SC,42,39,2
2020-10-24,SC,42,39,2
2020-10-23,SC,43,38,2
2020-10-22,SC,43,38,2
2020-10-21,SC,43,38,2
2020-10-20,SC,44,36,2
2020-10-19,SC,44,35,2
2020-10-18,SC,46,34,2
2020-10-17,SC,46,35,2
2020-10-16,SC,46,35,2
2020-10-15,SC,46,36,2
2020-10-14,SC,45,37,2
2020-10-13,SC,43,38,2
2020-10-12,SC,45,36,2
2020-10-11,SC,45,35,3
2020-10-10,SC,45,35,3
2020-10-09,SC,45,31,7
2020-10-08,SC,45,31,6
2020-10-07,SC,45,31,6
2020-10-06,SC,45,31,6
2020-10-05,SC,45,31,6
2020-10-04,SC,44,32,6
2020-10-03,SC,44,32,6
2020-10-02,SC,44,32,6
2020-10-01,SC,44,32,6
2020-09-30,SC,45,31,6
2020-09-29,SC,45,31,6
2020-09-28,SC,46,30,6
2020-09-27,SC,45,31,6
2020-09-26,SC,45,31,6
2020-09-25,SC,45,31,6
2020-09-24,SC,45,31,6
2020-09-23,SC,45,31,6
2020-09-22,SC,44,32,6
2020-09-21,SC,43,33,6
2020-09-20,SC,44,32,6
2020-09-19,SC,44,32,6
2020-09-18,SC,43,32,7
2020-09-17,SC,44,32,6
2020-09-16,SC,44,32,6
2020-09-15,SC,44,32,6
2020-09-14,SC,44,32,6
2020-09-13,SC,44,32,6
2020-09-12,SC,44,32,6
2020-09-11,SC,44,31,7
2020-09-10,SC,44,31,7
2020-09-09,SC,44,31,6
2020-09-08,SC,44,31,6
2020-09-07,SC,45,30,6
2020-09-06,SC,45,30,6
2020-09-05,SC,45,30,6
2020-09-04,SC,45,30,6
2020-09-03,SC,45,30,6
2020-09-02,SC,46,29,6
2020-09-01,SC,46,29,6
2020-08-31,SC,46,29,6
2020-08-30,SC,46,29,6
2020-08-29,SC,46,29,6
2020-08-28,SC,46,29,6
2020-08-27,SC,46,29,6
2020-08-26,SC,46,22,13
2020-08-25,SC,46,22,13
2020-08-24,SC,46,22,13
2020-08-23,SC,47,21,13
2020-08-22,SC,47,21,13
2020-08-21,SC,47,21,13
2020-08-20,SC,47,21,13
2020-08-19,SC,47,21,13
2020-08-18,SC,47,21,13
2020-08-17,SC,46,22,11
2020-08-16,SC,46,22,11
2020-08-15,SC,46,22,11
2020-08-14,SC,46,19,14
2020-08-13,SC,46,19,14
2020-08-12,SC,46,19,14
2020-08-11,SC,46,19,14
2020-08-10,SC,45,20,14
2020-08-09,SC,45,20,14
2020-08-08,SC,45,20,14
2020-08-07,SC,45,20,14
2020-08-06,SC,45,20,14
2020-08-05,SC,45,20,14
2020-08-04,SC,44,21,14
2020-08-03,SC,44,21,14
2020-08-02,SC,44,20,14
2020-08-01,SC,44,21,14
2023-04-10,SD,3,41,7
2023-04-09,SD,3,46,7
2023-04-08,SD,3,46,7
2023-04-07,SD,2,48,7
2023-04-06,SD,1,50,10
2023-04-05,SD,2,50,10
2023-04-04,SD,2,50,10
2023-04-03,SD,0,52,10
2023-04-02,SD,2,50,10
2023-04-01,SD,3,49,10
2023-03-31,SD,2,49,11
2023-03-30,SD,1,51,10
2023-03-29,SD,1,50,11
2023-03-28,SD,0,51,11
2023-03-27,SD,0,51,11
2023-03-26,SD,2,49,11
2023-03-25,SD,2,49,11
2023-03-24,SD,3,49,10
2023-03-23,SD,3,49,10
2023-03-22,SD,2,50,10
2023-03-21,SD,2,50,10
2023-03-20,SD,2,50,10
2023-03-19,SD,2,50,10
2023-03-18,SD,2,50,10
2023-03-17,SD,2,49,11
2023-03-16,SD,1,50,11
2023-03-15,SD,1,51,10
2023-03-14,SD,1,50,11
2023-03-13,SD,1,50,11
2023-03-12,SD,1,50,11
2023-03-11,SD,2,49,11
2023-03-10,SD,2,49,11
2023-03-09,SD,2,49,11
2023-03-08,SD,2,49,11
2023-03-07,SD,2,49,11
2023-03-06,SD,3,48,11
2023-03-05,SD,3,48,11
2023-03-04,SD,3,48,11
2023-03-03,SD,2,50,10
2023-03-02,SD,2,50,10
2023-03-01,SD,2,50,10
2023-02-28,SD,2,50,10
2023-02-27,SD,2,50,10
2023-02-26,SD,2,50,10
2023-02-25,SD,2,50,10
2023-02-24,SD,2,49,11
2023-02-23,SD,0,51,11
2023-02-22,SD,1,50,11
2023-02-21,SD,1,50,11
2023-02-20,SD,1,50,11
2023-02-19,SD,1,50,11
2023-02-18,SD,1,50,11
2023-02-17,SD,2,49,11
2023-02-16,SD,2,49,11
2023-02-15,SD,3,49,10
2023-02-14,SD,3,48,11
2023-02-13,SD,3,48,11
2023-02-12,SD,3,48,11
2023-02-11,SD,3,48,11
2023-02-10,SD,2,49,11
2023-02-09,SD,3,48,11
2023-02-08,SD,3,49,10
2023-02-07,SD,2,50,10
2023-02-06,SD,3,49,10
2023-02-05,SD,3,49,10
2023-02-04,SD,3,49,10
2023-02-03,SD,2,49,11
2023-02-02,SD,3,48,11
2023-02-01,SD,3,49,10
2023-01-31,SD,3,48,11
2023-01-30,SD,3,48,11
2023-01-29,SD,3,48,11
2023-01-28,SD,3,48,11
2023-01-27,SD,3,48,11
2023-01-26,SD,3,48,11
2023-01-25,SD,3,48,11
2023-01-24,SD,3,48,11
2023-01-23,SD,3,48,11
2023-01-22,SD,3,48,11
2023-01-21,SD,3,48,11
2023-01-20,SD,2,50,10
2023-01-19,SD,2,50,10
2023-01-18,SD,2,50,10
2023-01-17,SD,2,50,10
2023-01-16,SD,2,50,10
2023-01-15,SD,2,49,11
2023-01-14,SD,2,49,11
2023-01-13,SD,2,49,11
2023-01-12,SD,3,48,11
2023-01-11,SD,3,49,10
2023-01-10,SD,3,48,11
2023-01-09,SD,3,48,11
2023-01-08,SD,3,48,11
2023-01-07,SD,3,48,11
2023-01-06,SD,2,49,11
2023-01-05,SD,2,49,11
2023-01-04,SD,2,50,10
2023-01-03,SD,2,49,11
2023-01-02,SD,2,49,11
2023-01-01,SD,2,49,11
2022-12-31,SD,2,49,8
2022-12-30,SD,3,48,8
2022-12-29,SD,2,49,11
2022-12-28,SD,3,49,10
2022-12-27,SD,3,48,11
2022-12-26,SD,3,48,11
2022-12-25,SD,3,48,11
2022-12-24,SD,3,48,11
2022-12-23,SD,3,48,11
2022-12-22,SD,3,48,11
2022-12-21,SD,4,48,10
2022-12-20,SD,3,48,11
2022-12-19,SD,3,48,11
2022-12-18,SD,3,50,11
2022-12-17,SD,3,50,11
2022-12-16,SD,3,50,11
2022-12-15,SD,2,52,10
2022-12-14,SD,2,51,10
2022-12-13,SD,3,50,10
2022-12-12,SD,2,51,10
2022-12-11,SD,2,51,10
2022-12-10,SD,2,51,10
2022-12-09,SD,2,51,10
2022-12-08,SD,2,51,10
2022-12-07,SD,1,52,10
2022-12-06,SD,1,52,10
2022-12-05,SD,1,52,10
2022-12-04,SD,2,51,10
2022-12-03,SD,2,51,10
2022-12-02,SD,1,52,10
2022-12-01,SD,1,52,10
2022-11-30,SD,2,51,10
2022-11-29,SD,1,52,10
2022-11-28,SD,1,52,10
2022-11-27,SD,2,51,10
2022-11-26,SD,3,50,10
2022-11-25,SD,3,50,10
2022-11-24,SD,3,50,10
2022-11-23,SD,2,51,10
2022-11-22,SD,2,51,10
2022-11-21,SD,2,51,10
2022-11-20,SD,2,51,10
2022-11-19,SD,2,51,10
2022-11-18,SD,2,51,10
2022-11-17,SD,3,50,10
2022-11-16,SD,3,50,10
2022-11-15,SD,3,50,10
2022-11-14,SD,2,51,10
2022-11-13,SD,2,51,10
2022-11-12,SD,2,51,10
2022-11-11,SD,1,52,10
2022-11-10,SD,2,51,10
2022-11-09,SD,1,52,10
2022-11-08,SD,2,51,10
2022-11-07,SD,1,52,10
2022-11-06,SD,1,52,10
2022-11-05,SD,1,52,10
2022-11-04,SD,0,53,10
2022-11-03,SD,0,53,10
2022-11-02,SD,0,53,10
2022-11-01,SD,0,53,10
2022-10-31,SD,0,53,10
2022-10-30,SD,2,51,10
2022-10-29,SD,2,51,10
2022-10-28,SD,0,53,10
2022-10-27,SD,0,53,10
2022-10-26,SD,1,52,10
2022-10-25,SD,1,52,10
2022-10-24,SD,1,52,10
2022-10-23,SD,1,52,10
2022-10-22,SD,1,52,10
2022-10-21,SD,1,52,10
2022-10-20,SD,1,52,10
2022-10-19,SD,2,51,10
2022-10-18,SD,2,51,10
2022-10-17,SD,2,51,10
2022-10-16,SD,2,51,10
2022-10-15,SD,2,51,10
2022-10-14,SD,2,51,10
2022-10-13,SD,2,51,10
2022-10-12,SD,2,51,10
2022-10-11,SD,2,51,10
2022-10-10,SD,2,51,10
2022-10-09,SD,2,52,10
2022-10-08,SD,2,52,10
2022-10-07,SD,2,52,10
2022-10-06,SD,1,53,10
2022-10-05,SD,2,52,10
2022-10-04,SD,2,51,10
2022-10-03,SD,2,51,10
2022-10-02,SD,1,52,10
2022-10-01,SD,1,52,10
2022-09-30,SD,1,52,10
2022-09-29,SD,1,52,10
2022-09-28,SD,1,52,10
2022-09-27,SD,1,52,10
2022-09-26,SD,0,53,10
2022-09-25,SD,2,51,10
2022-09-24,SD,2,51,10
2022-09-23,SD,2,51,10
2022-09-22,SD,2,51,10
2022-09-21,SD,3,50,10
2022-09-20,SD,3,50,10
2022-09-19,SD,3,50,10
2022-09-18,SD,2,51,10
2022-09-17,SD,2,51,10
2022-09-16,SD,2,51,10
2022-09-15,SD,1,52,10
2022-09-14,SD,2,51,10
2022-09-13,SD,2,51,10
2022-09-12,SD,3,50,10
2022-09-11,SD,2,51,10
2022-09-10,SD,3,50,10
2022-09-09,SD,2,52,10
2022-09-08,SD,2,52,10
2022-09-07,SD,2,52,10
2022-09-06,SD,3,51,10
2022-09-05,SD,3,51,10
2022-09-04,SD,2,52,10
2022-09-03,SD,3,51,10
2022-09-02,SD,3,51,10
2022-09-01,SD,3,51,10
2022-08-31,SD,4,50,10
2022-08-30,SD,3,51,10
2022-08-29,SD,4,50,10
2022-08-28,SD,3,52,10
2022-08-27,SD,3,52,10
2022-08-26,SD,3,52,10
2022-08-25,SD,3,52,10
2022-08-24,SD,3,52,10
2022-08-23,SD,1,53,10
2022-08-22,SD,1,53,10
2022-08-21,SD,3,52,10
2022-08-20,SD,3,52,10
2022-08-19,SD,2,53,10
2022-08-18,SD,2,53,10
2022-08-17,SD,2,53,10
2022-08-16,SD,2,52,10
2022-08-15,SD,2,52,10
2022-08-14,SD,2,53,10
2022-08-13,SD,3,52,10
2022-08-12,SD,3,52,10
2022-08-11,SD,3,52,10
2022-08-10,SD,3,52,10
2022-08-09,SD,2,52,10
2022-08-08,SD,3,51,10
2022-08-07,SD,4,51,10
2022-08-06,SD,4,51,10
2022-08-05,SD,3,52,10
2022-08-04,SD,4,51,10
2022-08-03,SD,3,52,10
2022-08-02,SD,3,51,10
2022-08-01,SD,2,52,10
2022-07-31,SD,4,51,10
2022-07-30,SD,4,51,10
2022-07-29,SD,2,53,10
2022-07-28,SD,3,52,10
2022-07-27,SD,3,52,10
2022-07-26,SD,2,52,10
2022-07-25,SD,2,52,10
2022-07-24,SD,3,52,10
2022-07-23,SD,3,52,10
2022-07-22,SD,2,53,10
2022-07-21,SD,2,53,10
2022-07-20,SD,2,53,10
2022-07-19,SD,1,53,10
2022-07-18,SD,1,53,10
2022-07-17,SD,3,52,10
2022-07-16,SD,3,52,10
2022-07-15,SD,2,53,10
2022-07-14,SD,2,53,10
2022-07-13,SD,2,53,10
2022-07-12,SD,1,53,10
2022-07-11,SD,2,52,10
2022-07-10,SD,3,52,10
2022-07-09,SD,3,52,10
2022-07-08,SD,2,53,10
2022-07-07,SD,0,55,10
2022-07-06,SD,0,55,10
2022-07-05,SD,0,54,10
2022-07-04,SD,3,51,10
2022-07-03,SD,3,52,10
2022-07-02,SD,3,52,10
2022-07-01,SD,1,54,10
2022-06-30,SD,1,54,10
2022-06-29,SD,1,54,10
2022-06-28,SD,2,52,10
2022-06-27,SD,1,53,10
2022-06-26,SD,1,54,10
2022-06-25,SD,1,54,10
2022-06-24,SD,1,54,10
2022-06-23,SD,1,54,10
2022-06-22,SD,1,54,10
2022-06-21,SD,1,53,10
2022-06-20,SD,1,53,10
2022-06-19,SD,1,54,10
2022-06-18,SD,1,54,10
2022-06-17,SD,0,55,10
2022-06-16,SD,1,54,10
2022-06-15,SD,1,54,10
2022-06-14,SD,0,54,10
2022-06-13,SD,1,53,10
2022-06-12,SD,1,54,10
2022-06-11,SD,1,54,10
2022-06-10,SD,1,54,10
2022-06-09,SD,2,53,10
2022-06-08,SD,2,53,10
2022-06-07,SD,2,52,10
2022-06-06,SD,2,52,10
2022-06-05,SD,1,54,10
2022-06-04,SD,1,54,10
2022-06-03,SD,1,54,10
2022-06-02,SD,1,54,10
2022-06-01,SD,2,53,10
2022-05-31,SD,2,52,10
2022-05-30,SD,3,51,10
2022-05-29,SD,3,52,10
2022-05-28,SD,3,52,10
2022-05-27,SD,3,52,10
2022-05-26,SD,3,52,10
2022-05-25,SD,3,52,10
2022-05-24,SD,3,51,10
2022-05-23,SD,2,52,10
2022-05-22,SD,2,53,10
2022-05-21,SD,3,52,10
2022-05-20,SD,3,52,10
2022-05-19,SD,3,52,10
2022-05-18,SD,3,52,10
2022-05-17,SD,3,51,10
2022-05-16,SD,3,51,10
2022-05-15,SD,3,52,10
2022-05-14,SD,3,53,9
2022-05-13,SD,3,52,10
2022-05-12,SD,2,53,10
2022-05-11,SD,2,53,10
2022-05-10,SD,1,53,10
2022-05-09,SD,1,53,10
2022-05-08,SD,2,53,10
2022-05-07,SD,2,53,10
2022-05-06,SD,3,52,10
2022-05-05,SD,3,52,10
2022-05-04,SD,3,52,10
2022-05-03,SD,3,51,10
2022-05-02,SD,3,51,10
2022-05-01,SD,2,53,10
2022-04-30,SD,2,53,10
2022-04-29,SD,2,53,10
2022-04-28,SD,1,54,10
2022-04-27,SD,2,53,10
2022-04-26,SD,1,53,10
2022-04-25,SD,1,53,10
2022-04-24,SD,1,54,10
2022-04-23,SD,3,52,10
2022-04-22,SD,3,52,10
2022-04-21,SD,2,53,10
2022-04-20,SD,3,53,9
2022-04-19,SD,3,51,10
2022-04-18,SD,3,51,10
2022-04-17,SD,3,52,10
2022-04-16,SD,3,52,10
2022-04-15,SD,3,52,10
2022-04-14,SD,2,53,10
2022-04-13,SD,4,51,10
2022-04-12,SD,1,53,10
2022-04-11,SD,1,53,10
2022-04-10,SD,4,51,10
2022-04-09,SD,4,51,10
2022-04-08,SD,3,52,10
2022-04-07,SD,3,52,10
2022-04-06,SD,3,52,10
2022-04-05,SD,2,52,10
2022-04-04,SD,2,52,10
2022-04-03,SD,4,51,10
2022-04-02,SD,4,51,10
2022-04-01,SD,2,53,10
2022-03-31,SD,3,52,10
2022-03-30,SD,3,52,10
2022-03-29,SD,3,51,10
2022-03-28,SD,3,51,10
2022-03-27,SD,4,51,10
2022-03-26,SD,4,51,10
2022-03-25,SD,3,52,10
2022-03-24,SD,3,52,10
2022-03-23,SD,3,52,10
2022-03-22,SD,1,53,10
2022-03-21,SD,2,52,10
2022-03-20,SD,5,50,10
2022-03-19,SD,4,51,10
2022-03-18,SD,5,50,10
2022-03-17,SD,5,50,10
2022-03-16,SD,5,50,10
2022-03-15,SD,3,51,10
2022-03-14,SD,2,52,10
2022-03-13,SD,3,52,10
2022-03-12,SD,3,52,10
2022-03-11,SD,3,52,10
2022-03-10,SD,5,50,10
2022-03-09,SD,4,53,8
2022-03-08,SD,4,50,10
2022-03-07,SD,4,50,10
2022-03-06,SD,5,50,10
2022-03-05,SD,5,50,10
2022-03-04,SD,5,50,10
2022-03-03,SD,5,50,10
2022-03-02,SD,5,50,10
2022-03-01,SD,3,51,10
2022-02-28,SD,2,52,10
2022-02-27,SD,3,52,10
2022-02-26,SD,3,52,10
2022-02-25,SD,2,53,10
2022-02-24,SD,2,53,10
2022-02-23,SD,4,51,10
2022-02-22,SD,3,51,10
2022-02-21,SD,4,50,10
2022-02-20,SD,4,51,10
2022-02-19,SD,4,51,10
2022-02-18,SD,4,51,10
2022-02-17,SD,3,52,10
2022-02-16,SD,3,52,10
2022-02-15,SD,4,50,10
2022-02-14,SD,4,50,10
2022-02-13,SD,6,49,10
2022-02-12,SD,6,49,10
2022-02-11,SD,7,48,10
2022-02-10,SD,6,49,10
2022-02-09,SD,7,48,10
2022-02-08,SD,5,49,10
2022-02-07,SD,5,49,10
2022-02-06,SD,7,48,10
2022-02-05,SD,7,48,10
2022-02-04,SD,5,50,10
2022-02-03,SD,6,49,10
2022-02-02,SD,7,55,3
2022-02-01,SD,5,56,3
2022-01-31,SD,2,59,3
2022-01-30,SD,5,57,3
2022-01-29,SD,5,57,3
2022-01-28,SD,6,56,3
2022-01-27,SD,6,56,3
2022-01-26,SD,6,56,3
2022-01-25,SD,6,55,3
2022-01-24,SD,6,55,3
2022-01-23,SD,7,55,3
2022-01-22,SD,6,56,3
2022-01-21,SD,7,55,3
2022-01-20,SD,8,54,3
2022-01-19,SD,6,56,3
2022-01-18,SD,6,55,3
2022-01-17,SD,8,53,3
2022-01-16,SD,7,55,3
2022-01-15,SD,8,54,3
2022-01-14,SD,8,54,3
2022-01-13,SD,5,57,3
2022-01-12,SD,5,57,3
2022-01-11,SD,4,57,3
2022-01-10,SD,5,56,3
2022-01-09,SD,3,59,3
2022-01-08,SD,6,56,3
2022-01-07,SD,3,59,3
2022-01-06,SD,2,60,3
2022-01-05,SD,3,59,3
2022-01-04,SD,2,59,3
2022-01-03,SD,1,60,3
2022-01-02,SD,1,61,3
2022-01-01,SD,1,61,3
2021-12-31,SD,1,61,3
2021-12-30,SD,1,61,3
2021-12-29,SD,2,60,3
2021-12-28,SD,1,60,3
2021-12-27,SD,1,60,3
2021-12-26,SD,2,60,3
2021-12-25,SD,2,60,3
2021-12-24,SD,3,59,3
2021-12-23,SD,2,60,3
2021-12-22,SD,3,59,3
2021-12-21,SD,1,60,3
2021-12-20,SD,1,60,3
2021-12-19,SD,2,60,3
2021-12-18,SD,2,60,3
2021-12-17,SD,2,60,3
2021-12-16,SD,2,60,3
2021-12-15,SD,2,60,3
2021-12-14,SD,1,60,3
2021-12-13,SD,1,60,3
2021-12-12,SD,2,60,3
2021-12-11,SD,2,60,3
2021-12-10,SD,2,60,3
2021-12-09,SD,2,60,3
2021-12-08,SD,2,60,3
2021-12-07,SD,1,60,3
2021-12-06,SD,1,60,3
2021-12-05,SD,2,60,3
2021-12-04,SD,2,60,3
2021-12-03,SD,2,60,3
2021-12-02,SD,2,60,3
2021-12-01,SD,2,60,3
2021-11-30,SD,1,60,3
2021-11-29,SD,1,60,3
2021-11-28,SD,2,60,3
2021-11-27,SD,2,60,3
2021-11-26,SD,2,60,3
2021-11-25,SD,2,60,3
2021-11-24,SD,2,60,3
2021-11-23,SD,1,60,3
2021-11-22,SD,1,60,3
2021-11-21,SD,2,60,3
2021-11-20,SD,2,60,3
2021-11-19,SD,2,60,3
2021-11-18,SD,2,60,3
2021-11-17,SD,2,60,3
2021-11-16,SD,1,60,3
2021-11-15,SD,1,60,3
2021-11-14,SD,2,60,3
2021-11-13,SD,2,60,3
2021-11-12,SD,2,60,3
2021-11-11,SD,2,60,3
2021-11-10,SD,2,60,3
2021-11-09,SD,1,60,3
2021-11-08,SD,1,60,3
2021-11-07,SD,2,60,3
2021-11-06,SD,2,60,3
2021-11-05,SD,2,60,3
2021-11-04,SD,2,60,3
2021-11-03,SD,2,60,3
2021-11-02,SD,1,60,3
2021-11-01,SD,1,60,3
2021-10-31,SD,2,60,3
2021-10-30,SD,2,60,3
2021-10-29,SD,2,60,3
2021-10-28,SD,2,60,3
2021-10-27,SD,2,60,3
2021-10-26,SD,1,60,3
2021-10-25,SD,1,60,3
2021-10-24,SD,2,60,3
2021-10-23,SD,2,60,3
2021-10-22,SD,2,60,3
2021-10-21,SD,2,60,3
2021-10-20,SD,2,60,3
2021-10-19,SD,0,61,3
2021-10-18,SD,0,61,3
2021-10-17,SD,2,60,3
2021-10-16,SD,2,60,3
2021-10-15,SD,2,60,3
2021-10-14,SD,3,59,3
2021-10-13,SD,2,60,3
2021-10-12,SD,1,60,3
2021-10-11,SD,1,60,3
2021-10-10,SD,2,60,3
2021-10-09,SD,2,60,3
2021-10-08,SD,2,60,3
2021-10-07,SD,2,60,3
2021-10-06,SD,2,60,3
2021-10-05,SD,1,60,3
2021-10-04,SD,1,60,3
2021-10-03,SD,2,60,3
2021-10-02,SD,2,60,3
2021-10-01,SD,3,59,3
2021-09-30,SD,2,60,3
2021-09-29,SD,2,60,3
2021-09-28,SD,1,60,3
2021-09-27,SD,1,60,3
2021-09-26,SD,1,61,3
2021-09-25,SD,1,61,3
2021-09-24,SD,1,61,3
2021-09-23,SD,1,61,3
2021-09-22,SD,1,61,3
2021-09-21,SD,1,60,3
2021-09-20,SD,1,60,3
2021-09-19,SD,1,61,3
2021-09-18,SD,1,61,3
2021-09-17,SD,1,61,3
2021-09-16,SD,2,60,3
2021-09-15,SD,1,61,3
2021-09-14,SD,1,60,3
2021-09-13,SD,1,60,3
2021-09-12,SD,1,61,3
2021-09-11,SD,1,61,3
2021-09-10,SD,1,61,3
2021-09-09,SD,1,61,3
2021-09-08,SD,1,61,3
2021-09-07,SD,2,59,3
2021-09-06,SD,2,59,3
2021-09-05,SD,1,61,3
2021-09-04,SD,1,61,3
2021-09-03,SD,1,61,3
2021-09-02,SD,1,61,3
2021-09-01,SD,0,62,3
2021-08-31,SD,0,61,3
2021-08-30,SD,2,59,3
2021-08-29,SD,2,60,3
2021-08-28,SD,2,60,3
2021-08-27,SD,2,60,3
2021-08-26,SD,3,59,3
2021-08-25,SD,2,60,3
2021-08-24,SD,1,60,3
2021-08-23,SD,0,61,3
2021-08-22,SD,0,62,3
2021-08-21,SD,0,62,3
2021-08-20,SD,0,62,3
2021-08-19,SD,0,62,3
2021-08-18,SD,0,62,3
2021-08-17,SD,1,60,3
2021-08-16,SD,0,61,3
2021-08-15,SD,0,62,3
2021-08-14,SD,0,62,3
2021-08-13,SD,0,62,3
2021-08-12,SD,1,61,3
2021-08-11,SD,2,60,3
2021-08-10,SD,0,61,3
2021-08-09,SD,0,61,3
2021-08-08,SD,0,62,3
2021-08-07,SD,0,62,3
2021-08-06,SD,0,62,3
2021-08-05,SD,0,62,3
2021-08-04,SD,0,62,3
2021-08-03,SD,0,61,3
2021-08-02,SD,1,60,3
2021-08-01,SD,0,62,3
2021-07-31,SD,0,62,3
2021-07-30,SD,0,62,3
2021-07-29,SD,0,62,3
2021-07-28,SD,1,61,3
2021-07-27,SD,0,61,3
2021-07-26,SD,1,60,3
2021-07-25,SD,0,62,3
2021-07-24,SD,0,62,3
2021-07-23,SD,1,61,3
2021-07-22,SD,1,61,3
2021-07-21,SD,1,61,3
2021-07-20,SD,1,59,3
2021-07-19,SD,1,59,3
2021-07-18,SD,0,62,3
2021-07-17,SD,0,62,3
2021-07-16,SD,1,61,3
2021-07-15,SD,1,61,3
2021-07-14,SD,1,61,3
2021-07-13,SD,1,59,3
2021-07-12,SD,1,59,3
2021-07-11,SD,0,62,3
2021-07-10,SD,0,62,3
2021-07-09,SD,0,62,3
2021-07-08,SD,1,61,3
2021-07-07,SD,1,61,3
2021-07-06,SD,0,60,3
2021-07-05,SD,0,60,3
2021-07-04,SD,0,61,4
2021-07-03,SD,0,61,4
2021-07-02,SD,0,62,3
2021-07-01,SD,1,61,3
2021-06-30,SD,2,60,3
2021-06-29,SD,1,59,3
2021-06-28,SD,1,59,3
2021-06-27,SD,0,62,3
2021-06-26,SD,0,62,3
2021-06-25,SD,1,61,3
2021-06-24,SD,1,61,3
2021-06-23,SD,1,61,3
2021-06-22,SD,1,59,3
2021-06-21,SD,1,59,3
2021-06-20,SD,0,62,3
2021-06-19,SD,0,62,3
2021-06-18,SD,1,61,3
2021-06-17,SD,1,61,3
2021-06-16,SD,1,61,3
2021-06-15,SD,1,59,3
2021-06-14,SD,1,59,3
2021-06-13,SD,0,62,3
2021-06-12,SD,0,62,3
2021-06-11,SD,1,61,3
2021-06-10,SD,1,61,3
2021-06-09,SD,1,61,3
2021-06-08,SD,1,59,3
2021-06-07,SD,0,60,3
2021-06-06,SD,0,62,3
2021-06-05,SD,0,62,3
2021-06-04,SD,0,62,3
2021-06-03,SD,0,62,3
2021-06-02,SD,1,61,3
2021-06-01,SD,1,59,3
2021-05-31,SD,0,60,3
2021-05-30,SD,1,61,3
2021-05-29,SD,1,61,3
2021-05-28,SD,1,61,3
2021-05-27,SD,2,60,3
2021-05-26,SD,1,61,3
2021-05-25,SD,1,59,3
2021-05-24,SD,1,59,3
2021-05-23,SD,0,62,3
2021-05-22,SD,0,62,3
2021-05-21,SD,1,61,3
2021-05-20,SD,1,61,3
2021-05-19,SD,2,60,3
2021-05-18,SD,1,59,3
2021-05-17,SD,1,59,3
2021-05-16,SD,0,62,3
2021-05-15,SD,0,62,3
2021-05-14,SD,1,61,3
2021-05-13,SD,1,61,3
2021-05-12,SD,2,60,3
2021-05-11,SD,1,59,3
2021-05-10,SD,1,59,3
2021-05-09,SD,1,61,3
2021-05-08,SD,0,62,3
2021-05-07,SD,2,60,3
2021-05-06,SD,2,60,3
2021-05-05,SD,2,60,3
2021-05-04,SD,2,58,3
2021-05-03,SD,1,59,3
2021-05-02,SD,1,61,3
2021-05-01,SD,1,61,3
2021-04-30,SD,1,61,3
2021-04-29,SD,1,61,3
2021-04-28,SD,1,61,3
2021-04-27,SD,1,59,3
2021-04-26,SD,1,59,3
2021-04-25,SD,0,62,3
2021-04-24,SD,2,60,3
2021-04-23,SD,1,61,3
2021-04-22,SD,1,61,3
2021-04-21,SD,2,60,3
2021-04-20,SD,2,58,3
2021-04-19,SD,2,58,3
2021-04-18,SD,2,60,3
2021-04-17,SD,2,60,3
2021-04-16,SD,1,61,3
2021-04-15,SD,2,60,3
2021-04-14,SD,2,60,3
2021-04-13,SD,2,58,3
2021-04-12,SD,1,59,3
2021-04-11,SD,1,61,3
2021-04-10,SD,1,61,3
2021-04-09,SD,2,60,3
2021-04-08,SD,1,61,3
2021-04-07,SD,2,60,3
2021-04-06,SD,2,59,3
2021-04-05,SD,2,59,3
2021-04-04,SD,1,61,3
2021-04-03,SD,1,61,3
2021-04-02,SD,1,61,3
2021-04-01,SD,1,61,3
2021-03-31,SD,1,61,3
2021-03-30,SD,0,60,3
2021-03-29,SD,1,59,3
2021-03-28,SD,0,62,3
2021-03-27,SD,0,62,3
2021-03-26,SD,2,60,3
2021-03-25,SD,3,59,3
2021-03-24,SD,2,60,3
2021-03-23,SD,1,59,3
2021-03-22,SD,1,59,3
2021-03-21,SD,2,60,3
2021-03-20,SD,2,60,3
2021-03-19,SD,2,60,3
2021-03-18,SD,2,60,3
2021-03-17,SD,3,59,3
2021-03-16,SD,1,59,3
2021-03-15,SD,1,59,3
2021-03-14,SD,2,60,3
2021-03-13,SD,0,62,3
2021-03-12,SD,2,60,3
2021-03-11,SD,1,61,3
2021-03-10,SD,2,60,3
2021-03-09,SD,2,58,3
2021-03-08,SD,2,58,3
2021-03-07,SD,1,61,3
2021-03-06,SD,1,61,3
2021-03-05,SD,2,60,3
2021-03-04,SD,2,60,3
2021-03-03,SD,2,60,3
2021-03-02,SD,3,57,3
2021-03-01,SD,2,58,3
2021-02-28,SD,1,61,3
2021-02-27,SD,1,61,3
2021-02-26,SD,1,61,3
2021-02-25,SD,2,60,3
2021-02-24,SD,3,59,3
2021-02-23,SD,1,59,3
2021-02-22,SD,0,60,3
2021-02-21,SD,1,61,3
2021-02-20,SD,1,61,3
2021-02-19,SD,2,60,3
2021-02-18,SD,2,60,3
2021-02-17,SD,1,61,3
2021-02-16,SD,2,58,3
2021-02-15,SD,2,58,3
2021-02-14,SD,1,61,3
2021-02-13,SD,0,62,3
2021-02-12,SD,2,60,3
2021-02-11,SD,2,60,3
2021-02-10,SD,1,61,3
2021-02-09,SD,1,59,3
2021-02-08,SD,2,58,3
2021-02-07,SD,0,62,3
2021-02-06,SD,0,62,3
2021-02-05,SD,1,61,3
2021-02-04,SD,1,61,3
2021-02-03,SD,2,60,3
2021-02-02,SD,2,58,3
2021-02-01,SD,3,57,3
2021-01-31,SD,3,59,3
2021-01-30,SD,2,60,3
2021-01-29,SD,2,60,3
2021-01-28,SD,3,59,3
2021-01-27,SD,3,59,3
2021-01-26,SD,2,58,3
2021-01-25,SD,3,57,3
2021-01-24,SD,2,60,3
2021-01-23,SD,2,60,3
2021-01-22,SD,3,59,3
2021-01-21,SD,2,60,3
2021-01-20,SD,2,60,3
2021-01-19,SD,3,57,3
2021-01-18,SD,2,58,3
2021-01-17,SD,2,60,3
2021-01-16,SD,2,60,3
2021-01-15,SD,2,60,3
2021-01-14,SD,2,60,3
2021-01-13,SD,2,60,3
2021-01-12,SD,2,58,3
2021-01-11,SD,2,58,3
2021-01-10,SD,2,60,3
2021-01-09,SD,2,60,3
2021-01-08,SD,3,59,3
2021-01-07,SD,2,60,3
2021-01-06,SD,2,60,3
2021-01-05,SD,2,58,3
2021-01-04,SD,2,58,3
2021-01-03,SD,1,61,3
2021-01-02,SD,1,60,4
2021-01-01,SD,1,60,4
2020-12-31,SD,2,60,3
2020-12-30,SD,2,60,3
2020-12-29,SD,4,56,3
2020-12-28,SD,12,48,3
2020-12-27,SD,14,48,3
2020-12-26,SD,14,48,3
2020-12-25,SD,12,49,4
2020-12-24,SD,12,49,4
2020-12-23,SD,13,49,3
2020-12-22,SD,13,48,3
2020-12-21,SD,12,48,3
2020-12-20,SD,13,49,3
2020-12-19,SD,13,49,3
2020-12-18,SD,13,48,4
2020-12-17,SD,15,46,4
2020-12-16,SD,16,46,3
2020-12-15,SD,15,45,3
2020-12-14,SD,15,45,3
2020-12-13,SD,14,47,4
2020-12-12,SD,14,47,4
2020-12-11,SD,14,48,3
2020-12-10,SD,14,48,3
2020-12-09,SD,14,48,3
2020-12-08,SD,13,47,3
2020-12-07,SD,13,47,3
2020-12-06,SD,15,47,3
2020-12-05,SD,14,48,3
2020-12-04,SD,13,49,3
2020-12-03,SD,14,48,3
2020-12-02,SD,14,48,3
2020-12-01,SD,13,47,3
2020-11-30,SD,13,47,3
2020-11-29,SD,15,47,3
2020-11-28,SD,15,47,3
2020-11-27,SD,15,47,3
2020-11-26,SD,15,47,3
2020-11-25,SD,15,47,3
2020-11-24,SD,14,46,3
2020-11-23,SD,14,46,3
2020-11-22,SD,14,46,5
2020-11-21,SD,13,47,5
2020-11-20,SD,14,47,4
2020-11-19,SD,14,48,3
2020-11-18,SD,14,48,3
2020-11-17,SD,14,45,4
2020-11-16,SD,13,46,4
2020-11-15,SD,14,46,5
2020-11-14,SD,14,46,5
2020-11-13,SD,15,47,3
2020-11-12,SD,16,46,3
2020-11-11,SD,15,47,3
2020-11-10,SD,12,48,3
2020-11-09,SD,13,47,3
2020-11-08,SD,13,48,4
2020-11-07,SD,12,48,5
2020-11-06,SD,13,49,3
2020-11-05,SD,13,49,3
2020-11-04,SD,13,49,3
2020-11-03,SD,14,47,3
2020-11-02,SD,14,47,3
2020-11-01,SD,13,48,4
2020-10-31,SD,13,48,4
2020-10-30,SD,13,49,3
2020-10-29,SD,13,49,3
2020-10-28,SD,13,49,3
2020-10-27,SD,13,48,3
2020-10-26,SD,14,47,3
2020-10-25,SD,13,48,4
2020-10-24,SD,13,48,4
2020-10-23,SD,14,48,3
2020-10-22,SD,14,48,3
2020-10-21,SD,14,48,3
2020-10-20,SD,14,48,3
2020-10-19,SD,14,48,3
2020-10-18,SD,13,49,3
2020-10-17,SD,13,49,3
2020-10-16,SD,14,47,4
2020-10-15,SD,13,47,4
2020-10-14,SD,13,47,4
2020-10-13,SD,13,47,4
2020-10-12,SD,13,47,4
2020-10-11,SD,14,46,4
2020-10-10,SD,13,47,4
2020-10-09,SD,14,46,4
2020-10-08,SD,14,46,4
2020-10-07,SD,15,45,4
2020-10-06,SD,13,46,4
2020-10-05,SD,14,45,4
2020-10-04,SD,13,46,4
2020-10-03,SD,12,47,4
2020-10-02,SD,11,48,4
2020-10-01,SD,11,48,4
2020-09-30,SD,11,48,4
2020-09-29,SD,10,42,11
2020-09-28,SD,11,41,11
2020-09-27,SD,11,41,11
2020-09-26,SD,11,41,11
2020-09-25,SD,11,41,11
2020-09-24,SD,11,41,11
2020-09-23,SD,11,39,13
2020-09-22,SD,8,39,14
2020-09-21,SD,8,39,14
2020-09-20,SD,8,39,14
2020-09-19,SD,8,39,14
2020-09-18,SD,8,39,14
2020-09-17,SD,8,40,13
2020-09-16,SD,8,40,13
2020-09-15,SD,9,39,13
2020-09-14,SD,8,39,14
2020-09-13,SD,8,39,14
2020-09-12,SD,8,39,14
2020-09-11,SD,8,39,14
2020-09-10,SD,8,39,14
2020-09-09,SD,8,39,14
2020-09-08,SD,7,38,15
2020-09-07,SD,6,39,14
2020-09-06,SD,8,38,14
2020-09-05,SD,8,38,14
2020-09-04,SD,8,37,13
2020-09-03,SD,8,36,13
2020-09-02,SD,9,35,13
2020-09-01,SD,9,34,13
2020-08-31,SD,9,35,13
2020-08-30,SD,9,36,13
2020-08-29,SD,9,36,13
2020-08-28,SD,9,33,13
2020-08-27,SD,8,34,13
2020-08-26,SD,8,33,14
2020-08-25,SD,8,32,14
2020-08-24,SD,8,32,14
2020-08-23,SD,8,33,13
2020-08-22,SD,8,34,13
2020-08-21,SD,8,35,13
2020-08-20,SD,8,34,14
2020-08-19,SD,7,33,15
2020-08-18,SD,7,34,15
2020-08-17,SD,7,34,12
2020-08-16,SD,7,34,12
2020-08-15,SD,7,34,12
2020-08-14,SD,7,34,12
2020-08-13,SD,6,35,12
2020-08-12,SD,6,35,12
2020-08-11,SD,6,35,12
2020-08-10,SD,6,36,12
2020-08-09,SD,6,36,12
2020-08-08,SD,6,36,12
2020-08-07,SD,6,36,12
2020-08-06,SD,6,36,11
2020-08-05,SD,6,36,10
2020-08-04,SD,6,36,10
2020-08-03,SD,6,36,10
2020-08-02,SD,6,36,10
2020-08-01,SD,6,36,11
2023-04-10,TN,22,15,63
2023-04-09,TN,22,18,65
2023-04-08,TN,22,25,59
2023-04-07,TN,22,25,61
2023-04-06,TN,22,25,64
2023-04-05,TN,22,29,60
2023-04-04,TN,22,27,60
2023-04-03,TN,22,27,60
2023-04-02,TN,22,29,59
2023-04-01,TN,22,29,59
2023-03-31,TN,22,29,59
2023-03-30,TN,22,27,60
2023-03-29,TN,22,27,60
2023-03-28,TN,22,26,60
2023-03-27,TN,22,27,59
2023-03-26,TN,22,27,60
2023-03-25,TN,22,27,60
2023-03-24,TN,22,28,59
2023-03-23,TN,22,27,60
2023-03-22,TN,22,29,59
2023-03-21,TN,22,26,61
2023-03-20,TN,22,28,59
2023-03-19,TN,22,27,61
2023-03-18,TN,22,28,60
2023-03-17,TN,22,29,59
2023-03-16,TN,22,28,60
2023-03-15,TN,22,28,60
2023-03-14,TN,22,27,60
2023-03-13,TN,22,28,59
2023-03-12,TN,22,29,60
2023-03-11,TN,22,29,60
2023-03-10,TN,22,30,59
2023-03-09,TN,22,29,60
2023-03-08,TN,22,29,60
2023-03-07,TN,22,27,60
2023-03-06,TN,22,29,58
2023-03-05,TN,22,29,60
2023-03-04,TN,22,29,60
2023-03-03,TN,22,30,59
2023-03-02,TN,22,29,60
2023-03-01,TN,22,29,60
2023-02-28,TN,22,28,59
2023-02-27,TN,22,28,59
2023-02-26,TN,22,30,60
2023-02-25,TN,22,30,60
2023-02-24,TN,22,33,58
2023-02-23,TN,22,31,60
2023-02-22,TN,22,31,60
2023-02-21,TN,22,29,59
2023-02-20,TN,22,29,59
2023-02-19,TN,23,28,60
2023-02-18,TN,22,28,61
2023-02-17,TN,22,30,59
2023-02-16,TN,22,29,60
2023-02-15,TN,22,29,60
2023-02-14,TN,22,27,60
2023-02-13,TN,22,29,58
2023-02-12,TN,22,31,59
2023-02-11,TN,22,32,59
2023-02-10,TN,22,33,58
2023-02-09,TN,22,32,59
2023-02-08,TN,22,31,59
2023-02-07,TN,22,29,58
2023-02-06,TN,22,28,58
2023-02-05,TN,22,28,59
2023-02-04,TN,22,28,59
2023-02-03,TN,22,29,58
2023-02-02,TN,22,28,59
2023-02-01,TN,23,27,59
2023-01-31,TN,22,27,59
2023-01-30,TN,22,28,58
2023-01-29,TN,22,29,59
2023-01-28,TN,22,29,59
2023-01-27,TN,22,30,58
2023-01-26,TN,22,30,58
2023-01-25,TN,22,28,59
2023-01-24,TN,22,28,59
2023-01-23,TN,22,29,58
2023-01-22,TN,22,31,59
2023-01-21,TN,22,32,58
2023-01-20,TN,22,32,58
2023-01-19,TN,22,30,59
2023-01-18,TN,22,30,60
2023-01-17,TN,22,26,61
2023-01-16,TN,22,28,59
2023-01-15,TN,22,30,60
2023-01-14,TN,22,30,60
2023-01-13,TN,22,31,59
2023-01-12,TN,21,30,61
2023-01-11,TN,22,29,61
2023-01-10,TN,22,27,60
2023-01-09,TN,22,28,59
2023-01-08,TN,22,29,60
2023-01-07,TN,22,29,60
2023-01-06,TN,22,30,59
2023-01-05,TN,22,29,60
2023-01-04,TN,22,30,59
2023-01-03,TN,22,28,59
2023-01-02,TN,23,28,58
2023-01-01,TN,22,30,60
2022-12-31,TN,22,30,58
2022-12-30,TN,22,32,56
2022-12-29,TN,22,30,60
2022-12-28,TN,23,30,59
2022-12-27,TN,22,27,60
2022-12-26,TN,22,30,58
2022-12-25,TN,23,29,60
2022-12-24,TN,22,30,60
2022-12-23,TN,23,31,58
2022-12-22,TN,22,30,60
2022-12-21,TN,22,30,59
2022-12-20,TN,23,27,59
2022-12-19,TN,23,30,58
2022-12-18,TN,22,31,63
2022-12-17,TN,22,31,63
2022-12-16,TN,23,33,60
2022-12-15,TN,23,32,61
2022-12-14,TN,23,39,51
2022-12-13,TN,23,35,55
2022-12-12,TN,23,31,59
2022-12-11,TN,23,32,59
2022-12-10,TN,23,31,60
2022-12-09,TN,23,31,60
2022-12-08,TN,23,30,60
2022-12-07,TN,23,30,60
2022-12-06,TN,23,30,60
2022-12-05,TN,23,30,60
2022-12-04,TN,23,30,60
2022-12-03,TN,24,29,60
2022-12-02,TN,23,30,60
2022-12-01,TN,23,30,60
2022-11-30,TN,23,30,60
2022-11-29,TN,23,31,59
2022-11-28,TN,23,32,58
2022-11-27,TN,23,32,58
2022-11-26,TN,23,32,59
2022-11-25,TN,23,32,59
2022-11-24,TN,23,32,59
2022-11-23,TN,23,31,59
2022-11-22,TN,23,30,60
2022-11-21,TN,23,29,60
2022-11-20,TN,23,31,60
2022-11-19,TN,23,31,60
2022-11-18,TN,23,31,60
2022-11-17,TN,23,31,60
2022-11-16,TN,23,31,61
2022-11-15,TN,23,30,60
2022-11-14,TN,23,30,60
2022-11-13,TN,23,33,60
2022-11-12,TN,23,33,60
2022-11-11,TN,23,32,60
2022-11-10,TN,23,33,59
2022-11-09,TN,23,32,60
2022-11-08,TN,23,31,59
2022-11-07,TN,23,30,60
2022-11-06,TN,23,34,61
2022-11-05,TN,23,34,61
2022-11-04,TN,23,34,61
2022-11-03,TN,23,34,61
2022-11-02,TN,23,34,61
2022-11-01,TN,23,33,60
2022-10-31,TN,23,35,59
2022-10-30,TN,23,36,61
2022-10-29,TN,23,38,59
2022-10-28,TN,23,37,61
2022-10-27,TN,23,36,61
2022-10-26,TN,23,35,61
2022-10-25,TN,23,32,60
2022-10-24,TN,23,31,61
2022-10-23,TN,23,34,61
2022-10-22,TN,23,34,61
2022-10-21,TN,23,34,61
2022-10-20,TN,23,33,61
2022-10-19,TN,24,32,60
2022-10-18,TN,24,29,60
2022-10-17,TN,24,29,60
2022-10-16,TN,24,32,61
2022-10-15,TN,24,32,61
2022-10-14,TN,24,32,61
2022-10-13,TN,24,32,61
2022-10-12,TN,24,33,60
2022-10-11,TN,24,29,60
2022-10-10,TN,24,29,60
2022-10-09,TN,24,33,61
2022-10-08,TN,24,33,61
2022-10-07,TN,24,33,61
2022-10-06,TN,24,33,61
2022-10-05,TN,24,33,61
2022-10-04,TN,24,29,60
2022-10-03,TN,24,29,60
2022-10-02,TN,24,31,61
2022-10-01,TN,24,31,61
2022-09-30,TN,23,30,62
2022-09-29,TN,24,30,61
2022-09-28,TN,24,30,61
2022-09-27,TN,24,28,60
2022-09-26,TN,24,28,60
2022-09-25,TN,24,30,61
2022-09-24,TN,24,30,61
2022-09-23,TN,24,30,61
2022-09-22,TN,24,31,60
2022-09-21,TN,24,30,61
2022-09-20,TN,24,29,59
2022-09-19,TN,24,28,60
2022-09-18,TN,24,30,61
2022-09-17,TN,24,31,60
2022-09-16,TN,24,30,61
2022-09-15,TN,24,30,61
2022-09-14,TN,24,31,60
2022-09-13,TN,24,28,60
2022-09-12,TN,24,28,60
2022-09-11,TN,24,30,61
2022-09-10,TN,24,30,62
2022-09-09,TN,24,40,61
2022-09-08,TN,24,39,62
2022-09-07,TN,24,40,61
2022-09-06,TN,24,37,61
2022-09-05,TN,24,38,59
2022-09-04,TN,24,40,61
2022-09-03,TN,24,40,61
2022-09-02,TN,24,40,61
2022-09-01,TN,24,40,61
2022-08-31,TN,24,40,61
2022-08-30,TN,24,37,60
2022-08-29,TN,24,37,61
2022-08-28,TN,24,42,62
2022-08-27,TN,24,42,62
2022-08-26,TN,24,42,62
2022-08-25,TN,24,42,62
2022-08-24,TN,24,42,61
2022-08-23,TN,24,37,60
2022-08-22,TN,24,37,61
2022-08-21,TN,24,52,61
2022-08-20,TN,24,52,61
2022-08-19,TN,24,51,62
2022-08-18,TN,24,51,62
2022-08-17,TN,24,51,61
2022-08-16,TN,24,37,60
2022-08-15,TN,23,38,60
2022-08-14,TN,25,52,62
2022-08-13,TN,25,52,62
2022-08-12,TN,25,52,62
2022-08-11,TN,25,52,62
2022-08-10,TN,25,52,62
2022-08-09,TN,24,37,61
2022-08-08,TN,24,37,61
2022-08-07,TN,26,52,61
2022-08-06,TN,26,53,60
2022-08-05,TN,26,52,61
2022-08-04,TN,26,52,61
2022-08-03,TN,26,52,61
2022-08-02,TN,24,37,60
2022-08-01,TN,24,37,61
2022-07-31,TN,25,53,62
2022-07-30,TN,25,53,62
2022-07-29,TN,25,53,62
2022-07-28,TN,25,53,62
2022-07-27,TN,25,53,61
2022-07-26,TN,24,37,60
2022-07-25,TN,24,38,60
2022-07-24,TN,25,54,62
2022-07-23,TN,25,54,62
2022-07-22,TN,25,54,62
2022-07-21,TN,25,54,62
2022-07-20,TN,25,54,62
2022-07-19,TN,24,37,60
2022-07-18,TN,24,38,60
2022-07-17,TN,25,54,62
2022-07-16,TN,25,54,62
2022-07-15,TN,25,54,62
2022-07-14,TN,25,54,62
2022-07-13,TN,25,53,63
2022-07-12,TN,24,37,60
2022-07-11,TN,24,37,60
2022-07-10,TN,24,55,62
2022-07-09,TN,24,55,62
2022-07-08,TN,24,55,62
2022-07-07,TN,24,55,62
2022-07-06,TN,24,55,62
2022-07-05,TN,25,36,60
2022-07-04,TN,24,37,61
2022-07-03,TN,24,53,62
2022-07-02,TN,24,53,62
2022-07-01,TN,24,53,62
2022-06-30,TN,24,54,61
2022-06-29,TN,24,53,61
2022-06-28,TN,24,28,69
2022-06-27,TN,24,37,60
2022-06-26,TN,24,52,63
2022-06-25,TN,24,53,63
2022-06-24,TN,24,54,62
2022-06-23,TN,23,54,63
2022-06-22,TN,23,55,62
2022-06-21,TN,23,40,60
2022-06-20,TN,23,38,60
2022-06-19,TN,23,53,64
2022-06-18,TN,23,53,64
2022-06-17,TN,23,54,64
2022-06-16,TN,23,54,64
2022-06-15,TN,23,54,64
2022-06-14,TN,23,41,59
2022-06-13,TN,23,39,60
2022-06-12,TN,23,54,63
2022-06-11,TN,23,54,63
2022-06-10,TN,23,54,63
2022-06-09,TN,23,54,63
2022-06-08,TN,23,54,63
2022-06-07,TN,23,38,60
2022-06-06,TN,23,38,60
2022-06-05,TN,23,55,62
2022-06-04,TN,23,55,62
2022-06-03,TN,23,55,62
2022-06-02,TN,23,55,62
2022-06-01,TN,23,55,62
2022-05-31,TN,23,38,60
2022-05-30,TN,23,38,60
2022-05-29,TN,23,56,63
2022-05-28,TN,23,56,63
2022-05-27,TN,23,56,63
2022-05-26,TN,23,56,63
2022-05-25,TN,23,56,63
2022-05-24,TN,23,38,60
2022-05-23,TN,23,38,60
2022-05-22,TN,23,55,63
2022-05-21,TN,23,55,63
2022-05-20,TN,23,55,63
2022-05-19,TN,23,55,63
2022-05-18,TN,23,55,63
2022-05-17,TN,22,38,61
2022-05-16,TN,23,39,60
2022-05-15,TN,23,55,63
2022-05-14,TN,23,55,63
2022-05-13,TN,23,55,63
2022-05-12,TN,23,55,63
2022-05-11,TN,23,55,63
2022-05-10,TN,23,38,61
2022-05-09,TN,23,38,60
2022-05-08,TN,23,54,63
2022-05-07,TN,23,54,63
2022-05-06,TN,23,54,63
2022-05-05,TN,23,54,63
2022-05-04,TN,23,54,63
2022-05-03,TN,23,38,61
2022-05-02,TN,23,38,61
2022-05-01,TN,23,56,63
2022-04-30,TN,23,56,63
2022-04-29,TN,23,56,63
2022-04-28,TN,23,56,63
2022-04-27,TN,23,56,63
2022-04-26,TN,23,39,60
2022-04-25,TN,23,38,61
2022-04-24,TN,23,56,63
2022-04-23,TN,23,56,63
2022-04-22,TN,23,56,63
2022-04-21,TN,23,56,63
2022-04-20,TN,23,56,62
2022-04-19,TN,23,39,60
2022-04-18,TN,23,38,60
2022-04-17,TN,23,56,63
2022-04-16,TN,23,56,63
2022-04-15,TN,23,57,62
2022-04-14,TN,23,56,63
2022-04-13,TN,23,56,63
2022-04-12,TN,23,38,60
2022-04-11,TN,23,39,60
2022-04-10,TN,24,55,63
2022-04-09,TN,24,55,63
2022-04-08,TN,24,55,63
2022-04-07,TN,24,55,63
2022-04-06,TN,24,55,63
2022-04-05,TN,23,38,60
2022-04-04,TN,23,38,60
2022-04-03,TN,23,57,63
2022-04-02,TN,23,57,63
2022-04-01,TN,23,57,63
2022-03-31,TN,23,57,62
2022-03-30,TN,23,57,62
2022-03-29,TN,23,40,58
2022-03-28,TN,23,40,58
2022-03-27,TN,23,57,61
2022-03-26,TN,23,58,61
2022-03-25,TN,23,58,61
2022-03-24,TN,23,58,61
2022-03-23,TN,23,58,61
2022-03-22,TN,23,40,58
2022-03-21,TN,23,39,58
2022-03-20,TN,23,56,61
2022-03-19,TN,23,56,61
2022-03-18,TN,23,56,61
2022-03-17,TN,23,56,62
2022-03-16,TN,23,56,62
2022-03-15,TN,23,39,59
2022-03-14,TN,23,41,58
2022-03-13,TN,23,56,62
2022-03-12,TN,23,56,62
2022-03-11,TN,23,56,62
2022-03-10,TN,23,56,62
2022-03-09,TN,23,55,62
2022-03-08,TN,23,40,59
2022-03-07,TN,23,42,59
2022-03-06,TN,23,58,62
2022-03-05,TN,23,58,62
2022-03-04,TN,23,58,62
2022-03-03,TN,23,58,62
2022-03-02,TN,24,56,62
2022-03-01,TN,23,39,59
2022-02-28,TN,23,39,59
2022-02-27,TN,23,58,62
2022-02-26,TN,22,59,62
2022-02-25,TN,23,59,61
2022-02-24,TN,22,111,10
2022-02-23,TN,24,63,56
2022-02-22,TN,23,92,7
2022-02-21,TN,23,95,4
2022-02-20,TN,23,117,3
2022-02-19,TN,23,117,3
2022-02-18,TN,23,117,3
2022-02-17,TN,23,117,3
2022-02-16,TN,23,116,3
2022-02-15,TN,22,96,3
2022-02-14,TN,22,97,3
2022-02-13,TN,22,117,4
2022-02-12,TN,22,118,3
2022-02-11,TN,22,118,3
2022-02-10,TN,22,118,3
2022-02-09,TN,22,117,3
2022-02-08,TN,22,96,3
2022-02-07,TN,22,96,3
2022-02-06,TN,23,117,3
2022-02-05,TN,23,117,3
2022-02-04,TN,23,117,3
2022-02-03,TN,23,117,3
2022-02-02,TN,23,117,3
2022-02-01,TN,49,69,3
2022-01-31,TN,50,69,3
2022-01-30,TN,53,87,3
2022-01-29,TN,53,87,3
2022-01-28,TN,53,87,3
2022-01-27,TN,53,87,3
2022-01-26,TN,54,86,3
2022-01-25,TN,51,68,3
2022-01-24,TN,53,67,3
2022-01-23,TN,53,87,3
2022-01-22,TN,53,87,3
2022-01-21,TN,53,87,3
2022-01-20,TN,55,84,3
2022-01-19,TN,55,84,3
2022-01-18,TN,51,67,3
2022-01-17,TN,52,68,3
2022-01-16,TN,54,85,3
2022-01-15,TN,52,87,3
2022-01-14,TN,55,84,3
2022-01-13,TN,54,85,3
2022-01-12,TN,54,84,3
2022-01-11,TN,50,68,3
2022-01-10,TN,49,70,3
2022-01-09,TN,49,91,3
2022-01-08,TN,47,93,3
2022-01-07,TN,48,92,3
2022-01-06,TN,47,93,3
2022-01-05,TN,49,90,3
2022-01-04,TN,46,72,3
2022-01-03,TN,46,72,3
2022-01-02,TN,45,94,3
2022-01-01,TN,44,95,3
2021-12-31,TN,45,95,3
2021-12-30,TN,44,96,3
2021-12-29,TN,47,93,3
2021-12-28,TN,44,76,3
2021-12-27,TN,43,77,3
2021-12-26,TN,42,96,3
2021-12-25,TN,42,97,3
2021-12-24,TN,43,96,3
2021-12-23,TN,44,95,3
2021-12-22,TN,43,96,3
2021-12-21,TN,41,78,3
2021-12-20,TN,42,76,3
2021-12-19,TN,39,101,3
2021-12-18,TN,40,100,3
2021-12-17,TN,40,100,3
2021-12-16,TN,40,100,3
2021-12-15,TN,42,98,3
2021-12-14,TN,43,75,3
2021-12-13,TN,42,77,3
2021-12-12,TN,42,98,3
2021-12-11,TN,42,98,3
2021-12-10,TN,43,97,3
2021-12-09,TN,41,99,3
2021-12-08,TN,43,96,3
2021-12-07,TN,43,75,3
2021-12-06,TN,42,76,3
2021-12-05,TN,41,99,3
2021-12-04,TN,42,98,3
2021-12-03,TN,42,98,3
2021-12-02,TN,42,98,3
2021-12-01,TN,42,98,3
2021-11-30,TN,41,78,3
2021-11-29,TN,43,76,3
2021-11-28,TN,42,98,3
2021-11-27,TN,40,100,3
2021-11-26,TN,39,100,4
2021-11-25,TN,43,96,3
2021-11-24,TN,42,97,3
2021-11-23,TN,42,76,3
2021-11-22,TN,42,76,3
2021-11-21,TN,43,97,3
2021-11-20,TN,42,98,3
2021-11-19,TN,42,98,3
2021-11-18,TN,42,98,3
2021-11-17,TN,43,97,3
2021-11-16,TN,40,78,3
2021-11-15,TN,41,78,3
2021-11-14,TN,40,100,3
2021-11-13,TN,42,98,3
2021-11-12,TN,40,100,3
2021-11-11,TN,41,99,3
2021-11-10,TN,43,97,3
2021-11-09,TN,43,75,3
2021-11-08,TN,42,76,3
2021-11-07,TN,43,97,3
2021-11-06,TN,40,100,3
2021-11-05,TN,42,98,3
2021-11-04,TN,42,98,3
2021-11-03,TN,43,97,3
2021-11-02,TN,43,75,3
2021-11-01,TN,44,75,3
2021-10-31,TN,45,95,3
2021-10-30,TN,44,96,3
2021-10-29,TN,41,99,3
2021-10-28,TN,45,95,3
2021-10-27,TN,47,92,3
2021-10-26,TN,43,75,3
2021-10-25,TN,45,73,3
2021-10-24,TN,44,96,3
2021-10-23,TN,45,95,3
2021-10-22,TN,43,97,3
2021-10-21,TN,41,99,3
2021-10-20,TN,44,96,3
2021-10-19,TN,45,73,3
2021-10-18,TN,45,73,3
2021-10-17,TN,42,98,3
2021-10-16,TN,43,97,3
2021-10-15,TN,45,95,3
2021-10-14,TN,45,95,3
2021-10-13,TN,47,93,3
2021-10-12,TN,47,72,23
2021-10-11,TN,48,71,23
2021-10-10,TN,46,76,23
2021-10-09,TN,44,78,23
2021-10-08,TN,45,60,40
2021-10-07,TN,48,63,34
2021-10-06,TN,49,68,28
2021-10-05,TN,47,61,34
2021-10-04,TN,49,60,33
2021-10-03,TN,45,65,34
2021-10-02,TN,47,64,34
2021-10-01,TN,46,66,33
2021-09-30,TN,47,65,33
2021-09-29,TN,50,66,29
2021-09-28,TN,46,64,33
2021-09-27,TN,48,61,33
2021-09-26,TN,48,64,33
2021-09-25,TN,47,65,33
2021-09-24,TN,48,64,33
2021-09-23,TN,48,64,33
2021-09-22,TN,52,65,28
2021-09-21,TN,49,60,33
2021-09-20,TN,51,59,33
2021-09-19,TN,49,63,33
2021-09-18,TN,50,62,33
2021-09-17,TN,50,62,33
2021-09-16,TN,49,63,33
2021-09-15,TN,52,64,28
2021-09-14,TN,48,61,33
2021-09-13,TN,47,62,33
2021-09-12,TN,49,63,33
2021-09-11,TN,48,64,33
2021-09-10,TN,51,61,33
2021-09-09,TN,49,64,32
2021-09-08,TN,52,64,29
2021-09-07,TN,47,62,33
2021-09-06,TN,46,63,33
2021-09-05,TN,42,70,32
2021-09-04,TN,46,67,32
2021-09-03,TN,45,68,32
2021-09-02,TN,44,69,32
2021-09-01,TN,47,70,28
2021-08-31,TN,43,68,32
2021-08-30,TN,41,68,32
2021-08-29,TN,41,70,32
2021-08-28,TN,35,78,32
2021-08-27,TN,37,76,32
2021-08-26,TN,42,71,32
2021-08-25,TN,44,73,28
2021-08-24,TN,42,69,32
2021-08-23,TN,41,68,32
2021-08-22,TN,35,76,32
2021-08-21,TN,34,79,32
2021-08-20,TN,38,75,32
2021-08-19,TN,36,77,32
2021-08-18,TN,39,78,28
2021-08-17,TN,35,76,32
2021-08-16,TN,34,75,32
2021-08-15,TN,34,77,32
2021-08-14,TN,33,78,32
2021-08-13,TN,35,78,32
2021-08-12,TN,34,79,32
2021-08-11,TN,37,80,28
2021-08-10,TN,35,76,32
2021-08-09,TN,33,78,32
2021-08-08,TN,33,80,32
2021-08-07,TN,31,82,32
2021-08-06,TN,31,82,32
2021-08-05,TN,32,81,32
2021-08-04,TN,33,83,28
2021-08-03,TN,32,76,33
2021-08-02,TN,31,78,32
2021-08-01,TN,29,82,32
2021-07-31,TN,31,81,32
2021-07-30,TN,32,81,31
2021-07-29,TN,31,81,32
2021-07-28,TN,30,85,29
2021-07-27,TN,31,79,32
2021-07-26,TN,30,79,32
2021-07-25,TN,30,81,32
2021-07-24,TN,30,82,32
2021-07-23,TN,29,83,32
2021-07-22,TN,30,82,32
2021-07-21,TN,29,87,28
2021-07-20,TN,28,82,32
2021-07-19,TN,29,80,32
2021-07-18,TN,28,81,34
2021-07-17,TN,29,81,33
2021-07-16,TN,30,81,33
2021-07-15,TN,29,82,33
2021-07-14,TN,30,85,29
2021-07-13,TN,30,81,32
2021-07-12,TN,30,81,32
2021-07-11,TN,31,81,32
2021-07-10,TN,30,82,32
2021-07-09,TN,30,82,32
2021-07-08,TN,29,84,31
2021-07-07,TN,29,86,29
2021-07-06,TN,28,82,32
2021-07-05,TN,29,82,32
2021-07-04,TN,28,83,33
2021-07-03,TN,29,83,32
2021-07-02,TN,29,83,32
2021-07-01,TN,29,83,32
2021-06-30,TN,30,85,28
2021-06-29,TN,29,81,32
2021-06-28,TN,28,82,32
2021-06-27,TN,28,83,32
2021-06-26,TN,28,83,32
2021-06-25,TN,29,82,32
2021-06-24,TN,29,82,32
2021-06-23,TN,29,87,28
2021-06-22,TN,29,82,32
2021-06-21,TN,29,82,32
2021-06-20,TN,29,83,32
2021-06-19,TN,29,83,32
2021-06-18,TN,29,82,33
2021-06-17,TN,29,83,32
2021-06-16,TN,29,86,29
2021-06-15,TN,29,82,32
2021-06-14,TN,28,82,32
2021-06-13,TN,28,83,32
2021-06-12,TN,28,84,32
2021-06-11,TN,29,83,32
2021-06-10,TN,29,83,32
2021-06-09,TN,30,86,28
2021-06-08,TN,29,82,32
2021-06-07,TN,29,81,32
2021-06-06,TN,28,83,32
2021-06-05,TN,30,82,32
2021-06-04,TN,30,82,32
2021-06-03,TN,29,83,32
2021-06-02,TN,28,88,28
2021-06-01,TN,31,79,32
2021-05-31,TN,31,78,32
2021-05-30,TN,31,79,32
2021-05-29,TN,31,78,33
2021-05-28,TN,29,82,32
2021-05-27,TN,28,83,32
2021-05-26,TN,30,86,27
2021-05-25,TN,31,78,33
2021-05-24,TN,31,79,32
2021-05-23,TN,31,79,32
2021-05-22,TN,31,79,33
2021-05-21,TN,30,81,32
2021-05-20,TN,31,80,32
2021-05-19,TN,29,85,29
2021-05-18,TN,31,79,32
2021-05-17,TN,33,75,33
2021-05-16,TN,32,78,32
2021-05-15,TN,29,77,36
2021-05-14,TN,30,79,33
2021-05-13,TN,31,79,32
2021-05-12,TN,33,80,29
2021-05-11,TN,31,78,32
2021-05-10,TN,33,76,32
2021-05-09,TN,32,78,32
2021-05-08,TN,33,78,32
2021-05-07,TN,34,76,33
2021-05-06,TN,32,79,32
2021-05-05,TN,33,82,28
2021-05-04,TN,33,78,31
2021-05-03,TN,32,76,33
2021-05-02,TN,30,80,32
2021-05-01,TN,32,79,32
2021-04-30,TN,31,80,32
2021-04-29,TN,30,81,32
2021-04-28,TN,31,84,28
2021-04-27,TN,31,78,33
2021-04-26,TN,32,77,32
2021-04-25,TN,32,78,32
2021-04-24,TN,31,80,32
2021-04-23,TN,29,82,32
2021-04-22,TN,30,81,32
2021-04-21,TN,29,86,28
2021-04-20,TN,30,80,32
2021-04-19,TN,31,78,32
2021-04-18,TN,33,77,32
2021-04-17,TN,33,78,32
2021-04-16,TN,31,80,32
2021-04-15,TN,31,78,34
2021-04-14,TN,31,84,28
2021-04-13,TN,33,77,32
2021-04-12,TN,33,76,32
2021-04-11,TN,29,81,33
2021-04-10,TN,30,81,32
2021-04-09,TN,31,78,34
2021-04-08,TN,30,81,32
2021-04-07,TN,33,82,28
2021-04-06,TN,33,76,32
2021-04-05,TN,31,77,33
2021-04-04,TN,31,79,32
2021-04-03,TN,32,79,32
2021-04-02,TN,32,78,33
2021-04-01,TN,31,79,33
2021-03-31,TN,35,79,29
2021-03-30,TN,37,73,32
2021-03-29,TN,35,74,32
2021-03-28,TN,33,76,32
2021-03-27,TN,32,77,32
2021-03-26,TN,32,78,32
2021-03-25,TN,33,76,33
2021-03-24,TN,37,76,29
2021-03-23,TN,35,75,32
2021-03-22,TN,35,75,32
2021-03-21,TN,35,75,32
2021-03-20,TN,35,75,33
2021-03-19,TN,35,75,33
2021-03-18,TN,35,74,34
2021-03-17,TN,36,77,29
2021-03-16,TN,36,73,33
2021-03-15,TN,37,72,33
2021-03-14,TN,35,74,33
2021-03-13,TN,35,75,33
2021-03-12,TN,37,73,33
2021-03-11,TN,36,75,32
2021-03-10,TN,38,75,30
2021-03-09,TN,37,73,33
2021-03-08,TN,36,74,33
2021-03-07,TN,36,73,34
2021-03-06,TN,36,73,34
2021-03-05,TN,37,73,33
2021-03-04,TN,37,72,34
2021-03-03,TN,40,75,28
2021-03-02,TN,38,72,32
2021-03-01,TN,40,70,32
2021-02-28,TN,35,75,32
2021-02-27,TN,36,75,32
2021-02-26,TN,38,72,33
2021-02-25,TN,36,74,33
2021-02-24,TN,38,76,29
2021-02-23,TN,39,72,32
2021-02-22,TN,38,72,32
2021-02-21,TN,36,74,32
2021-02-20,TN,41,70,32
2021-02-19,TN,42,70,32
2021-02-18,TN,40,71,33
2021-02-17,TN,41,76,27
2021-02-16,TN,40,71,33
2021-02-15,TN,41,69,32
2021-02-14,TN,42,67,33
2021-02-13,TN,43,67,32
2021-02-12,TN,43,68,32
2021-02-11,TN,40,71,32
2021-02-10,TN,41,73,29
2021-02-09,TN,42,69,32
2021-02-08,TN,42,69,32
2021-02-07,TN,39,71,32
2021-02-06,TN,43,67,32
2021-02-05,TN,45,66,32
2021-02-04,TN,44,66,33
2021-02-03,TN,42,73,28
2021-02-02,TN,44,67,32
2021-02-01,TN,42,69,32
2021-01-31,TN,45,65,34
2021-01-30,TN,46,66,32
2021-01-29,TN,46,65,33
2021-01-28,TN,45,67,32
2021-01-27,TN,46,68,30
2021-01-26,TN,49,61,32
2021-01-25,TN,47,62,33
2021-01-24,TN,48,62,33
2021-01-23,TN,49,61,34
2021-01-22,TN,50,62,32
2021-01-21,TN,49,64,31
2021-01-20,TN,50,66,28
2021-01-19,TN,50,63,31
2021-01-18,TN,53,60,30
2021-01-17,TN,48,61,34
2021-01-16,TN,53,58,32
2021-01-15,TN,53,58,32
2021-01-14,TN,50,62,31
2021-01-13,TN,53,62,28
2021-01-12,TN,49,62,31
2021-01-11,TN,51,59,32
2021-01-10,TN,51,58,33
2021-01-09,TN,49,63,31
2021-01-08,TN,52,61,30
2021-01-07,TN,50,63,30
2021-01-06,TN,51,65,27
2021-01-05,TN,52,60,31
2021-01-04,TN,52,59,31
2021-01-03,TN,49,62,31
2021-01-02,TN,50,61,31
2021-01-01,TN,51,61,31
2020-12-31,TN,49,62,32
2020-12-30,TN,50,66,27
2020-12-29,TN,47,66,30
2020-12-28,TN,51,61,31
2020-12-27,TN,52,57,33
2020-12-26,TN,50,62,31
2020-12-25,TN,52,59,32
2020-12-24,TN,54,58,31
2020-12-23,TN,51,63,29
2020-12-22,TN,48,62,33
2020-12-21,TN,50,62,30
2020-12-20,TN,49,62,31
2020-12-19,TN,49,62,31
2020-12-18,TN,49,63,32
2020-12-17,TN,50,64,30
2020-12-16,TN,49,65,30
2020-12-15,TN,50,65,29
2020-12-14,TN,47,65,32
2020-12-13,TN,46,65,32
2020-12-12,TN,46,65,33
2020-12-11,TN,47,66,31
2020-12-10,TN,39,69,36
2020-12-09,TN,45,71,28
2020-12-08,TN,45,68,30
2020-12-07,TN,43,69,28
2020-12-06,TN,33,80,28
2020-12-05,TN,34,80,28
2020-12-04,TN,35,77,30
2020-12-03,TN,36,78,28
2020-12-02,TN,32,83,27
2020-12-01,TN,37,75,28
2020-11-30,TN,36,75,28
2020-11-29,TN,38,74,28
2020-11-28,TN,36,75,31
2020-11-27,TN,31,79,33
2020-11-26,TN,32,80,31
2020-11-25,TN,34,78,31
2020-11-24,TN,25,87,31
2020-11-23,TN,30,83,30
2020-11-22,TN,26,86,31
2020-11-21,TN,27,86,31
2020-11-20,TN,29,85,31
2020-11-19,TN,27,87,31
2020-11-18,TN,29,84,32
2020-11-17,TN,29,85,31
2020-11-16,TN,30,84,31
2020-11-15,TN,24,96,23
2020-11-14,TN,24,96,23
2020-11-13,TN,27,93,23
2020-11-12,TN,30,91,22
2020-11-11,TN,28,93,22
2020-11-10,TN,30,85,22
2020-11-09,TN,28,87,21
2020-11-08,TN,25,97,21
2020-11-07,TN,26,96,21
2020-11-06,TN,26,96,21
2020-11-05,TN,27,94,21
2020-11-04,TN,27,94,21
2020-11-03,TN,29,84,21
2020-11-02,TN,28,84,22
2020-11-01,TN,26,93,23
2020-10-31,TN,25,94,24
2020-10-30,TN,32,101,7
2020-10-29,TN,30,102,8
2020-10-28,TN,29,103,6
2020-10-27,TN,28,89,6
2020-10-26,TN,29,89,5
2020-10-25,TN,28,103,7
2020-10-24,TN,27,104,7
2020-10-23,TN,28,104,7
2020-10-22,TN,27,105,7
2020-10-21,TN,25,106,8
2020-10-20,TN,24,105,5
2020-10-19,TN,25,104,6
2020-10-18,TN,22,108,6
2020-10-17,TN,22,108,6
2020-10-16,TN,26,104,6
2020-10-15,TN,25,104,6
2020-10-14,TN,25,103,7
2020-10-13,TN,25,103,5
2020-10-12,TN,24,103,5
2020-10-11,TN,22,106,6
2020-10-10,TN,25,104,6
2020-10-09,TN,26,103,6
2020-10-08,TN,22,107,6
2020-10-07,TN,25,102,5
2020-10-06,TN,25,102,6
2020-10-05,TN,25,103,6
2020-10-04,TN,23,105,6
2020-10-03,TN,20,108,7
2020-10-02,TN,23,103,9
2020-10-01,TN,22,105,7
2020-09-30,TN,21,106,6
2020-09-29,TN,23,104,6
2020-09-28,TN,24,100,8
2020-09-27,TN,23,99,8
2020-09-26,TN,21,103,6
2020-09-25,TN,24,99,7
2020-09-24,TN,23,100,6
2020-09-23,TN,23,99,7
2020-09-22,TN,25,98,6
2020-09-21,TN,24,99,6
2020-09-20,TN,22,102,6
2020-09-19,TN,23,99,8
2020-09-18,TN,22,101,7
2020-09-17,TN,24,100,6
2020-09-16,TN,22,102,6
2020-09-15,TN,22,101,7
2020-09-14,TN,23,100,7
2020-09-13,TN,20,101,9
2020-09-12,TN,19,104,7
2020-09-11,TN,22,102,6
2020-09-10,TN,22,101,6
2020-09-09,TN,21,100,7
2020-09-08,TN,22,96,8
2020-09-07,TN,19,98,9
2020-09-06,TN,20,96,10
2020-09-05,TN,20,98,8
2020-09-04,TN,22,95,9
2020-09-03,TN,22,95,8
2020-09-02,TN,22,97,6
2020-09-01,TN,20,97,6
2020-08-31,TN,19,95,9
2020-08-30,TN,22,92,9
2020-08-29,TN,19,94,10
2020-08-28,TN,22,94,7
2020-08-27,TN,22,94,7
2020-08-26,TN,24,81,18
2020-08-25,TN,23,83,17
2020-08-24,TN,23,85,15
2020-08-23,TN,22,80,21
2020-08-22,TN,21,80,22
2020-08-21,TN,21,84,18
2020-08-20,TN,24,82,17
2020-08-19,TN,21,83,19
2020-08-18,TN,19,84,20
2020-08-17,TN,21,84,17
2020-08-16,TN,21,80,21
2020-08-15,TN,20,81,21
2020-08-14,TN,20,85,17
2020-08-13,TN,20,83,19
2020-08-12,TN,21,84,17
2020-08-11,TN,19,86,18
2020-08-10,TN,19,86,19
2020-08-09,TN,16,87,21
2020-08-08,TN,17,87,20
2020-08-07,TN,18,85,21
2020-08-06,TN,18,87,18
2020-08-05,TN,18,86,19
2020-08-04,TN,20,84,19
2020-08-03,TN,18,85,20
2020-08-02,TN,15,87,21
2020-08-01,TN,17,85,22
2023-04-10,TX,2,16,440
2023-04-09,TX,2,17,440
2023-04-08,TX,2,17,440
2023-04-07,TX,2,32,425
2023-04-06,TX,3,45,411
2023-04-05,TX,2,45,412
2023-04-04,TX,2,43,413
2023-04-03,TX,3,46,410
2023-04-02,TX,4,46,410
2023-04-01,TX,4,46,410
2023-03-31,TX,5,46,409
2023-03-30,TX,2,44,414
2023-03-29,TX,3,43,413
2023-03-28,TX,4,43,411
2023-03-27,TX,4,47,408
2023-03-26,TX,4,45,411
2023-03-25,TX,4,45,411
2023-03-24,TX,3,48,409
2023-03-23,TX,3,43,414
2023-03-22,TX,5,44,410
2023-03-21,TX,5,43,407
2023-03-20,TX,4,47,405
2023-03-19,TX,5,46,406
2023-03-18,TX,5,47,405
2023-03-17,TX,5,50,402
2023-03-16,TX,3,45,409
2023-03-15,TX,4,45,407
2023-03-14,TX,5,44,406
2023-03-13,TX,5,47,403
2023-03-12,TX,5,45,406
2023-03-11,TX,5,44,407
2023-03-10,TX,5,45,406
2023-03-09,TX,5,42,407
2023-03-08,TX,4,45,405
2023-03-07,TX,3,42,406
2023-03-06,TX,4,45,402
2023-03-05,TX,5,49,405
2023-03-04,TX,6,49,404
2023-03-03,TX,4,52,403
2023-03-02,TX,3,47,407
2023-03-01,TX,4,54,399
2023-02-28,TX,3,41,405
2023-02-27,TX,4,49,396
2023-02-26,TX,4,47,404
2023-02-25,TX,4,48,403
2023-02-24,TX,5,49,401
2023-02-23,TX,3,46,406
2023-02-22,TX,4,52,399
2023-02-21,TX,4,46,401
2023-02-20,TX,6,50,395
2023-02-19,TX,4,49,404
2023-02-18,TX,4,51,402
2023-02-17,TX,5,51,402
2023-02-16,TX,4,46,407
2023-02-15,TX,3,58,396
2023-02-14,TX,4,35,413
2023-02-13,TX,6,48,398
2023-02-12,TX,4,42,412
2023-02-11,TX,4,41,413
2023-02-10,TX,6,54,398
2023-02-09,TX,5,39,413
2023-02-08,TX,5,56,396
2023-02-07,TX,4,36,411
2023-02-06,TX,6,53,392
2023-02-05,TX,4,41,412
2023-02-04,TX,4,38,415
2023-02-03,TX,5,53,399
2023-02-02,TX,5,37,413
2023-02-01,TX,4,55,396
2023-01-31,TX,5,35,409
2023-01-30,TX,6,48,395
2023-01-29,TX,4,41,411
2023-01-28,TX,4,39,413
2023-01-27,TX,5,51,400
2023-01-26,TX,5,39,412
2023-01-25,TX,4,55,397
2023-01-24,TX,5,36,408
2023-01-23,TX,6,48,394
2023-01-22,TX,5,42,408
2023-01-21,TX,4,43,408
2023-01-20,TX,4,54,398
2023-01-19,TX,5,40,410
2023-01-18,TX,6,58,391
2023-01-17,TX,4,37,408
2023-01-16,TX,5,52,393
2023-01-15,TX,5,50,405
2023-01-14,TX,3,53,407
2023-01-13,TX,6,62,395
2023-01-12,TX,5,48,409
2023-01-11,TX,6,67,388
2023-01-10,TX,5,49,404
2023-01-09,TX,7,65,388
2023-01-08,TX,4,49,408
2023-01-07,TX,3,51,407
2023-01-06,TX,6,67,389
2023-01-05,TX,5,54,402
2023-01-04,TX,7,65,388
2023-01-03,TX,5,51,402
2023-01-02,TX,3,65,391
2023-01-01,TX,3,53,405
2022-12-31,TX,3,52,406
2022-12-30,TX,4,65,392
2022-12-29,TX,6,50,405
2022-12-28,TX,7,58,395
2022-12-27,TX,3,52,405
2022-12-26,TX,4,63,393
2022-12-25,TX,3,52,406
2022-12-24,TX,5,53,403
2022-12-23,TX,6,66,389
2022-12-22,TX,5,52,403
2022-12-21,TX,6,64,389
2022-12-20,TX,4,47,408
2022-12-19,TX,6,71,384
2022-12-18,TX,3,58,431
2022-12-17,TX,4,60,429
2022-12-16,TX,6,77,410
2022-12-15,TX,5,58,427
2022-12-14,TX,7,49,419
2022-12-13,TX,8,45,417
2022-12-12,TX,7,45,419
2022-12-11,TX,7,50,420
2022-12-10,TX,7,50,420
2022-12-09,TX,7,52,418
2022-12-08,TX,7,53,417
2022-12-07,TX,7,53,417
2022-12-06,TX,6,47,418
2022-12-05,TX,8,46,418
2022-12-04,TX,7,54,418
2022-12-03,TX,7,55,418
2022-12-02,TX,7,56,417
2022-12-01,TX,8,54,418
2022-11-30,TX,8,56,415
2022-11-29,TX,7,47,417
2022-11-28,TX,7,45,417
2022-11-27,TX,7,50,418
2022-11-26,TX,8,51,417
2022-11-25,TX,8,50,418
2022-11-24,TX,8,49,419
2022-11-23,TX,8,53,415
2022-11-22,TX,7,48,417
2022-11-21,TX,7,46,417
2022-11-20,TX,7,49,421
2022-11-19,TX,7,50,420
2022-11-18,TX,7,53,418
2022-11-17,TX,7,54,417
2022-11-16,TX,8,55,415
2022-11-15,TX,7,46,418
2022-11-14,TX,7,47,417
2022-11-13,TX,7,56,418
2022-11-12,TX,8,55,418
2022-11-11,TX,8,57,417
2022-11-10,TX,8,56,418
2022-11-09,TX,9,57,416
2022-11-08,TX,8,47,417
2022-11-07,TX,8,47,417
2022-11-06,TX,8,54,417
2022-11-05,TX,8,52,419
2022-11-04,TX,8,54,417
2022-11-03,TX,8,52,419
2022-11-02,TX,9,54,415
2022-11-01,TX,8,47,417
2022-10-31,TX,8,47,417
2022-10-30,TX,8,52,417
2022-10-29,TX,8,53,416
2022-10-28,TX,8,52,417
2022-10-27,TX,8,52,417
2022-10-26,TX,9,51,416
2022-10-25,TX,8,46,417
2022-10-24,TX,8,46,417
2022-10-23,TX,8,50,418
2022-10-22,TX,7,51,418
2022-10-21,TX,8,51,417
2022-10-20,TX,8,50,418
2022-10-19,TX,7,51,417
2022-10-18,TX,6,47,418
2022-10-17,TX,7,46,418
2022-10-16,TX,7,50,420
2022-10-15,TX,7,51,419
2022-10-14,TX,7,52,418
2022-10-13,TX,7,51,418
2022-10-12,TX,8,53,415
2022-10-11,TX,7,46,417
2022-10-10,TX,7,46,418
2022-10-09,TX,8,59,512
2022-10-08,TX,8,59,512
2022-10-07,TX,8,57,514
2022-10-06,TX,7,60,512
2022-10-05,TX,8,59,512
2022-10-04,TX,7,46,419
2022-10-03,TX,7,47,418
2022-10-02,TX,7,53,418
2022-10-01,TX,7,53,418
2022-09-30,TX,7,53,418
2022-09-29,TX,7,54,417
2022-09-28,TX,8,54,416
2022-09-27,TX,7,47,417
2022-09-26,TX,7,48,417
2022-09-25,TX,7,51,421
2022-09-24,TX,7,54,418
2022-09-23,TX,7,54,418
2022-09-22,TX,7,54,418
2022-09-21,TX,8,55,415
2022-09-20,TX,7,48,417
2022-09-19,TX,7,48,416
2022-09-18,TX,8,52,417
2022-09-17,TX,7,54,416
2022-09-16,TX,7,53,417
2022-09-15,TX,7,54,416
2022-09-14,TX,8,54,415
2022-09-13,TX,8,46,417
2022-09-12,TX,8,47,416
2022-09-11,TX,8,49,523
2022-09-10,TX,8,52,520
2022-09-09,TX,8,55,520
2022-09-08,TX,8,56,519
2022-09-07,TX,9,56,518
2022-09-06,TX,8,73,416
2022-09-05,TX,9,71,417
2022-09-04,TX,12,87,484
2022-09-03,TX,14,87,482
2022-09-02,TX,8,79,496
2022-09-01,TX,7,80,496
2022-08-31,TX,9,80,494
2022-08-30,TX,8,75,415
2022-08-29,TX,8,76,416
2022-08-28,TX,8,81,494
2022-08-27,TX,9,80,494
2022-08-26,TX,9,81,493
2022-08-25,TX,8,82,493
2022-08-24,TX,9,81,493
2022-08-23,TX,10,75,416
2022-08-22,TX,9,77,415
2022-08-21,TX,8,93,485
2022-08-20,TX,8,93,485
2022-08-19,TX,10,91,485
2022-08-18,TX,10,90,486
2022-08-17,TX,9,93,484
2022-08-16,TX,10,75,416
2022-08-15,TX,9,74,417
2022-08-14,TX,9,103,480
2022-08-13,TX,8,102,482
2022-08-12,TX,8,104,480
2022-08-11,TX,9,104,479
2022-08-10,TX,9,105,478
2022-08-09,TX,9,76,416
2022-08-08,TX,9,75,416
2022-08-07,TX,9,101,482
2022-08-06,TX,9,101,482
2022-08-05,TX,10,102,481
2022-08-04,TX,8,104,481
2022-08-03,TX,9,105,479
2022-08-02,TX,8,76,417
2022-08-01,TX,7,78,417
2022-07-31,TX,9,101,484
2022-07-30,TX,9,101,484
2022-07-29,TX,10,100,484
2022-07-28,TX,10,101,483
2022-07-27,TX,10,102,482
2022-07-26,TX,10,76,416
2022-07-25,TX,10,76,416
2022-07-24,TX,10,101,483
2022-07-23,TX,10,102,482
2022-07-22,TX,10,103,481
2022-07-21,TX,9,104,481
2022-07-20,TX,10,103,481
2022-07-19,TX,10,77,416
2022-07-18,TX,10,77,416
2022-07-17,TX,11,102,482
2022-07-16,TX,11,102,482
2022-07-15,TX,11,103,481
2022-07-14,TX,11,102,482
2022-07-13,TX,12,105,478
2022-07-12,TX,9,79,416
2022-07-11,TX,9,77,417
2022-07-10,TX,9,102,483
2022-07-09,TX,9,102,483
2022-07-08,TX,8,105,481
2022-07-07,TX,9,103,482
2022-07-06,TX,11,103,480
2022-07-05,TX,9,78,416
2022-07-04,TX,10,72,420
2022-07-03,TX,9,101,485
2022-07-02,TX,9,101,485
2022-07-01,TX,9,103,483
2022-06-30,TX,9,103,483
2022-06-29,TX,9,105,481
2022-06-28,TX,9,77,416
2022-06-27,TX,9,76,417
2022-06-26,TX,9,101,484
2022-06-25,TX,8,102,484
2022-06-24,TX,8,104,482
2022-06-23,TX,8,104,482
2022-06-22,TX,9,104,481
2022-06-21,TX,8,78,416
2022-06-20,TX,9,76,417
2022-06-19,TX,8,103,483
2022-06-18,TX,8,102,484
2022-06-17,TX,8,104,482
2022-06-16,TX,8,104,482
2022-06-15,TX,8,107,479
2022-06-14,TX,8,77,417
2022-06-13,TX,9,76,418
2022-06-12,TX,10,101,484
2022-06-11,TX,10,102,483
2022-06-10,TX,10,102,483
2022-06-09,TX,11,103,481
2022-06-08,TX,11,102,482
2022-06-07,TX,9,75,418
2022-06-06,TX,9,77,417
2022-06-05,TX,9,105,481
2022-06-04,TX,9,106,480
2022-06-03,TX,8,107,480
2022-06-02,TX,8,107,480
2022-06-01,TX,8,107,480
2022-05-31,TX,8,77,416
2022-05-30,TX,8,75,418
2022-05-29,TX,8,103,483
2022-05-28,TX,8,103,483
2022-05-27,TX,9,104,481
2022-05-26,TX,8,104,482
2022-05-25,TX,9,106,479
2022-05-24,TX,9,76,417
2022-05-23,TX,9,75,419
2022-05-22,TX,10,100,484
2022-05-21,TX,10,100,484
2022-05-20,TX,16,111,467
2022-05-19,TX,10,100,484
2022-05-18,TX,11,101,482
2022-05-17,TX,10,74,417
2022-05-16,TX,10,75,418
2022-05-15,TX,9,100,484
2022-05-14,TX,9,99,485
2022-05-13,TX,10,100,483
2022-05-12,TX,10,101,482
2022-05-11,TX,11,101,480
2022-05-10,TX,10,76,416
2022-05-09,TX,9,80,416
2022-05-08,TX,9,105,481
2022-05-07,TX,9,105,481
2022-05-06,TX,10,106,479
2022-05-05,TX,8,106,481
2022-05-04,TX,10,104,480
2022-05-03,TX,10,75,416
2022-05-02,TX,10,76,417
2022-05-01,TX,10,97,488
2022-04-30,TX,10,97,488
2022-04-29,TX,9,100,486
2022-04-28,TX,9,101,485
2022-04-27,TX,9,102,484
2022-04-26,TX,9,75,419
2022-04-25,TX,9,75,419
2022-04-24,TX,9,99,487
2022-04-23,TX,9,99,487
2022-04-22,TX,9,107,479
2022-04-21,TX,10,106,479
2022-04-20,TX,11,106,478
2022-04-19,TX,10,79,414
2022-04-18,TX,10,80,413
2022-04-17,TX,11,103,481
2022-04-16,TX,10,104,481
2022-04-15,TX,11,107,477
2022-04-14,TX,11,108,476
2022-04-13,TX,11,108,476
2022-04-12,TX,9,81,413
2022-04-11,TX,9,81,413
2022-04-10,TX,9,104,482
2022-04-09,TX,9,105,481
2022-04-08,TX,9,106,480
2022-04-07,TX,9,106,480
2022-04-06,TX,12,105,478
2022-04-05,TX,10,80,413
2022-04-04,TX,10,81,412
2022-04-03,TX,11,101,482
2022-04-02,TX,11,102,481
2022-04-01,TX,11,105,478
2022-03-31,TX,10,103,481
2022-03-30,TX,12,102,480
2022-03-29,TX,10,79,414
2022-03-28,TX,10,80,413
2022-03-27,TX,12,102,480
2022-03-26,TX,12,101,481
2022-03-25,TX,12,101,481
2022-03-24,TX,12,103,479
2022-03-23,TX,12,104,478
2022-03-22,TX,11,81,414
2022-03-21,TX,10,81,414
2022-03-20,TX,11,107,478
2022-03-19,TX,11,107,478
2022-03-18,TX,11,108,477
2022-03-17,TX,11,108,476
2022-03-16,TX,11,107,477
2022-03-15,TX,10,80,413
2022-03-14,TX,9,80,414
2022-03-13,TX,12,107,477
2022-03-12,TX,12,108,476
2022-03-11,TX,12,109,475
2022-03-10,TX,13,108,475
2022-03-09,TX,13,109,474
2022-03-08,TX,10,80,414
2022-03-07,TX,10,81,413
2022-03-06,TX,12,106,478
2022-03-05,TX,12,108,476
2022-03-04,TX,11,108,476
2022-03-03,TX,11,108,476
2022-03-02,TX,11,109,475
2022-03-01,TX,11,79,413
2022-02-28,TX,11,79,414
2022-02-27,TX,10,106,478
2022-02-26,TX,10,107,477
2022-02-25,TX,11,108,475
2022-02-24,TX,13,107,474
2022-02-23,TX,12,107,475
2022-02-22,TX,11,78,414
2022-02-21,TX,12,78,414
2022-02-20,TX,14,104,477
2022-02-19,TX,14,104,477
2022-02-18,TX,13,107,476
2022-02-17,TX,14,105,477
2022-02-16,TX,14,106,476
2022-02-15,TX,15,76,413
2022-02-14,TX,15,76,413
2022-02-13,TX,15,104,476
2022-02-12,TX,14,106,475
2022-02-11,TX,16,107,473
2022-02-10,TX,15,109,472
2022-02-09,TX,15,109,472
2022-02-08,TX,14,79,412
2022-02-07,TX,15,78,413
2022-02-06,TX,17,104,474
2022-02-05,TX,17,104,475
2022-02-04,TX,17,108,471
2022-02-03,TX,16,105,475
2022-02-02,TX,16,108,472
2022-02-01,TX,17,76,412
2022-01-31,TX,16,77,412
2022-01-30,TX,16,106,470
2022-01-29,TX,16,105,471
2022-01-28,TX,16,107,469
2022-01-27,TX,17,108,468
2022-01-26,TX,17,107,469
2022-01-25,TX,16,78,411
2022-01-24,TX,16,77,412
2022-01-23,TX,19,99,476
2022-01-22,TX,19,100,474
2022-01-21,TX,20,101,472
2022-01-20,TX,22,100,471
2022-01-19,TX,28,111,454
2022-01-18,TX,24,82,398
2022-01-17,TX,25,82,397
2022-01-16,TX,25,97,472
2022-01-15,TX,22,99,473
2022-01-14,TX,24,98,472
2022-01-13,TX,26,96,472
2022-01-12,TX,26,97,471
2022-01-11,TX,22,68,414
2022-01-10,TX,23,68,413
2022-01-09,TX,19,98,477
2022-01-08,TX,19,98,477
2022-01-07,TX,21,98,475
2022-01-06,TX,22,99,474
2022-01-05,TX,22,101,472
2022-01-04,TX,19,74,412
2022-01-03,TX,19,73,413
2022-01-02,TX,18,103,474
2022-01-01,TX,17,104,474
2021-12-31,TX,17,104,474
2021-12-30,TX,16,106,473
2021-12-29,TX,16,107,472
2021-12-28,TX,15,81,411
2021-12-27,TX,15,78,412
2021-12-26,TX,20,114,461
2021-12-25,TX,15,104,476
2021-12-24,TX,19,115,461
2021-12-23,TX,20,112,462
2021-12-22,TX,25,109,460
2021-12-21,TX,21,86,398
2021-12-20,TX,21,88,397
2021-12-19,TX,19,121,454
2021-12-18,TX,18,124,452
2021-12-17,TX,14,111,469
2021-12-16,TX,14,111,469
2021-12-15,TX,15,113,466
2021-12-14,TX,14,79,413
2021-12-13,TX,14,81,412
2021-12-12,TX,15,109,472
2021-12-11,TX,14,111,471
2021-12-10,TX,13,113,470
2021-12-09,TX,14,112,470
2021-12-08,TX,15,112,469
2021-12-07,TX,15,80,411
2021-12-06,TX,15,79,412
2021-12-05,TX,15,110,471
2021-12-04,TX,16,109,471
2021-12-03,TX,16,109,471
2021-12-02,TX,17,110,469
2021-12-01,TX,17,109,469
2021-11-30,TX,16,77,413
2021-11-29,TX,17,76,413
2021-11-28,TX,14,79,413
2021-11-27,TX,14,83,412
2021-11-26,TX,16,81,412
2021-11-25,TX,13,83,412
2021-11-24,TX,19,92,397
2021-11-23,TX,19,92,397
2021-11-22,TX,23,86,398
2021-11-21,TX,14,110,472
2021-11-20,TX,14,112,470
2021-11-19,TX,15,110,471
2021-11-18,TX,14,112,470
2021-11-17,TX,15,109,472
2021-11-16,TX,14,80,413
2021-11-15,TX,14,80,413
2021-11-14,TX,15,109,473
2021-11-13,TX,15,110,472
2021-11-12,TX,16,109,472
2021-11-11,TX,16,109,472
2021-11-10,TX,15,113,469
2021-11-09,TX,15,79,412
2021-11-08,TX,14,80,413
2021-11-07,TX,14,109,474
2021-11-06,TX,14,110,473
2021-11-05,TX,15,108,474
2021-11-04,TX,16,108,473
2021-11-03,TX,16,109,472
2021-11-02,TX,17,79,412
2021-11-01,TX,17,78,413
2021-10-31,TX,17,109,472
2021-10-30,TX,17,108,473
2021-10-29,TX,24,117,457
2021-10-28,TX,25,116,457
2021-10-27,TX,19,122,456
2021-10-26,TX,25,84,398
2021-10-25,TX,27,84,397
2021-10-24,TX,20,125,451
2021-10-23,TX,21,122,453
2021-10-22,TX,20,109,468
2021-10-21,TX,18,108,471
2021-10-20,TX,19,109,469
2021-10-19,TX,18,77,411
2021-10-18,TX,12,85,411
2021-10-17,TX,15,109,473
2021-10-16,TX,14,111,471
2021-10-15,TX,15,111,470
2021-10-14,TX,21,104,471
2021-10-13,TX,17,109,470
2021-10-12,TX,19,74,413
2021-10-11,TX,20,73,412
2021-10-10,TX,14,110,472
2021-10-09,TX,14,109,473
2021-10-08,TX,15,110,471
2021-10-07,TX,16,109,471
2021-10-06,TX,19,109,468
2021-10-05,TX,19,75,412
2021-10-04,TX,25,85,397
2021-10-03,TX,19,126,451
2021-10-02,TX,17,128,452
2021-10-01,TX,29,116,452
2021-09-30,TX,25,120,452
2021-09-29,TX,23,131,443
2021-09-28,TX,24,87,397
2021-09-27,TX,25,87,396
2021-09-26,TX,22,118,456
2021-09-25,TX,20,121,455
2021-09-24,TX,22,105,469
2021-09-23,TX,20,106,470
2021-09-22,TX,24,104,468
2021-09-21,TX,25,71,410
2021-09-20,TX,20,75,412
2021-09-19,TX,13,113,470
2021-09-18,TX,18,107,471
2021-09-17,TX,17,107,472
2021-09-16,TX,20,105,471
2021-09-15,TX,20,106,470
2021-09-14,TX,17,77,412
2021-09-13,TX,16,83,410
2021-09-12,TX,22,122,452
2021-09-11,TX,21,123,452
2021-09-10,TX,25,120,451
2021-09-09,TX,21,122,453
2021-09-08,TX,23,125,448
2021-09-07,TX,21,89,395
2021-09-06,TX,20,87,398
2021-09-05,TX,22,117,457
2021-09-04,TX,21,120,455
2021-09-03,TX,27,115,454
2021-09-02,TX,22,117,457
2021-09-01,TX,24,122,450
2021-08-31,TX,22,88,396
2021-08-30,TX,22,88,396
2021-08-29,TX,20,124,452
2021-08-28,TX,20,124,452
2021-08-27,TX,20,109,467
2021-08-26,TX,16,113,467
2021-08-25,TX,16,120,460
2021-08-24,TX,16,80,411
2021-08-23,TX,16,81,410
2021-08-22,TX,14,113,469
2021-08-21,TX,23,120,453
2021-08-20,TX,20,108,468
2021-08-19,TX,19,108,469
2021-08-18,TX,18,114,464
2021-08-17,TX,23,87,397
2021-08-16,TX,24,87,395
2021-08-15,TX,23,121,452
2021-08-14,TX,21,124,451
2021-08-13,TX,25,119,452
2021-08-12,TX,26,116,454
2021-08-11,TX,26,124,446
2021-08-10,TX,20,93,395
2021-08-09,TX,24,92,393
2021-08-08,TX,21,123,452
2021-08-07,TX,19,126,451
2021-08-06,TX,14,116,466
2021-08-05,TX,21,110,465
2021-08-04,TX,19,119,458
2021-08-03,TX,23,76,408
2021-08-02,TX,16,84,408
2021-08-01,TX,17,109,469
2021-07-31,TX,17,111,467
2021-07-30,TX,18,125,452
2021-07-29,TX,24,117,453
2021-07-28,TX,23,124,447
2021-07-27,TX,17,81,410
2021-07-26,TX,135,339,33
2021-07-25,TX,134,418,43
2021-07-24,TX,131,423,41
2021-07-23,TX,136,418,41
2021-07-22,TX,128,425,41
2021-07-21,TX,127,428,39
2021-07-20,TX,113,337,30
2021-07-19,TX,113,339,29
2021-07-18,TX,121,431,43
2021-07-17,TX,117,433,45
2021-07-16,TX,120,434,41
2021-07-15,TX,116,438,41
2021-07-14,TX,110,451,34
2021-07-13,TX,108,346,29
2021-07-12,TX,102,351,30
2021-07-11,TX,104,447,44
2021-07-10,TX,108,446,41
2021-07-09,TX,102,438,55
2021-07-08,TX,106,453,36
2021-07-07,TX,118,443,34
2021-07-06,TX,99,355,29
2021-07-05,TX,95,357,31
2021-07-04,TX,112,441,42
2021-07-03,TX,108,441,46
2021-07-02,TX,118,434,43
2021-07-01,TX,118,438,39
2021-06-30,TX,115,446,34
2021-06-29,TX,105,349,30
2021-06-28,TX,104,349,31
2021-06-27,TX,113,437,43
2021-06-26,TX,118,435,40
2021-06-25,TX,123,432,38
2021-06-24,TX,122,435,37
2021-06-23,TX,120,443,31
2021-06-22,TX,118,401,67
2021-06-21,TX,119,398,69
2021-06-20,TX,120,413,66
2021-06-19,TX,118,413,68
2021-06-18,TX,115,419,65
2021-06-17,TX,121,470,8
2021-06-16,TX,121,464,11
2021-06-15,TX,123,449,17
2021-06-14,TX,126,452,11
2021-06-13,TX,124,461,11
2021-06-12,TX,122,463,11
2021-06-11,TX,122,462,11
2021-06-10,TX,126,458,11
2021-06-09,TX,127,463,5
2021-06-08,TX,126,453,11
2021-06-07,TX,123,456,11
2021-06-06,TX,126,458,11
2021-06-05,TX,124,460,11
2021-06-04,TX,131,453,11
2021-06-03,TX,129,455,11
2021-06-02,TX,134,456,5
2021-06-01,TX,129,450,11
2021-05-31,TX,126,453,11
2021-05-30,TX,131,453,11
2021-05-29,TX,130,454,11
2021-05-28,TX,135,449,11
2021-05-27,TX,134,450,11
2021-05-26,TX,131,453,11
2021-05-25,TX,132,447,11
2021-05-24,TX,128,452,11
2021-05-23,TX,131,453,11
2021-05-22,TX,134,450,11
2021-05-21,TX,137,447,11
2021-05-20,TX,128,456,11
2021-05-19,TX,135,454,5
2021-05-18,TX,128,457,5
2021-05-17,TX,132,447,11
2021-05-16,TX,132,452,11
2021-05-15,TX,133,451,11
2021-05-14,TX,135,449,11
2021-05-13,TX,136,448,11
2021-05-12,TX,136,454,5
2021-05-11,TX,133,446,11
2021-05-10,TX,133,446,11
2021-05-09,TX,132,452,11
2021-05-08,TX,137,447,11
2021-05-07,TX,145,439,11
2021-05-06,TX,145,439,11
2021-05-05,TX,141,449,5
2021-05-04,TX,142,437,11
2021-05-03,TX,138,441,11
2021-05-02,TX,138,446,11
2021-05-01,TX,136,448,11
2021-04-30,TX,134,451,11
2021-04-29,TX,135,450,11
2021-04-28,TX,136,449,11
2021-04-27,TX,128,452,11
2021-04-26,TX,130,449,11
2021-04-25,TX,132,451,11
2021-04-24,TX,129,454,11
2021-04-23,TX,127,462,5
2021-04-22,TX,125,458,11
2021-04-21,TX,121,468,5
2021-04-20,TX,121,458,11
2021-04-19,TX,121,458,11
2021-04-18,TX,121,462,11
2021-04-17,TX,123,460,11
2021-04-16,TX,122,461,11
2021-04-15,TX,123,460,11
2021-04-14,TX,122,467,5
2021-04-13,TX,125,454,11
2021-04-12,TX,125,460,5
2021-04-11,TX,129,460,5
2021-04-10,TX,125,464,5
2021-04-09,TX,122,467,5
2021-04-08,TX,123,466,5
2021-04-07,TX,121,468,5
2021-04-06,TX,121,466,5
2021-04-05,TX,126,461,5
2021-04-04,TX,123,464,5
2021-04-03,TX,124,463,5
2021-04-02,TX,126,461,5
2021-04-01,TX,124,463,5
2021-03-31,TX,123,464,5
2021-03-30,TX,123,461,5
2021-03-29,TX,124,460,5
2021-03-28,TX,124,463,5
2021-03-27,TX,126,461,5
2021-03-26,TX,127,460,5
2021-03-25,TX,126,461,5
2021-03-24,TX,125,462,5
2021-03-23,TX,128,456,5
2021-03-22,TX,129,455,5
2021-03-21,TX,129,458,5
2021-03-20,TX,127,460,5
2021-03-19,TX,131,456,5
2021-03-18,TX,137,450,5
2021-03-17,TX,139,448,5
2021-03-16,TX,141,443,5
2021-03-15,TX,139,445,5
2021-03-14,TX,136,451,5
2021-03-13,TX,136,451,5
2021-03-12,TX,136,451,5
2021-03-11,TX,133,454,5
2021-03-10,TX,136,456,0
2021-03-09,TX,141,443,5
2021-03-08,TX,143,441,5
2021-03-07,TX,146,441,5
2021-03-06,TX,148,439,5
2021-03-05,TX,149,443,0
2021-03-04,TX,149,438,5
2021-03-03,TX,153,434,5
2021-03-02,TX,148,436,5
2021-03-01,TX,154,431,5
2021-02-28,TX,149,439,5
2021-02-27,TX,156,432,5
2021-02-26,TX,159,429,5
2021-02-25,TX,149,438,5
2021-02-24,TX,145,442,5
2021-02-23,TX,156,428,5
2021-02-22,TX,153,375,61
2021-02-21,TX,153,434,5
2021-02-20,TX,153,434,5
2021-02-19,TX,163,424,5
2021-02-18,TX,168,419,5
2021-02-17,TX,171,415,5
2021-02-16,TX,173,410,5
2021-02-15,TX,174,349,65
2021-02-14,TX,154,432,5
2021-02-13,TX,166,420,5
2021-02-12,TX,163,423,5
2021-02-11,TX,161,425,5
2021-02-10,TX,165,421,5
2021-02-09,TX,164,419,5
2021-02-08,TX,167,416,5
2021-02-07,TX,163,423,5
2021-02-06,TX,159,427,5
2021-02-05,TX,163,423,5
2021-02-04,TX,166,420,5
2021-02-03,TX,167,419,5
2021-02-02,TX,170,412,5
2021-02-01,TX,176,406,5
2021-01-31,TX,175,411,5
2021-01-30,TX,178,408,5
2021-01-29,TX,180,406,5
2021-01-28,TX,183,403,6
2021-01-27,TX,184,402,6
2021-01-26,TX,187,335,67
2021-01-25,TX,188,334,67
2021-01-24,TX,197,327,68
2021-01-23,TX,200,323,69
2021-01-22,TX,198,326,68
2021-01-21,TX,195,331,66
2021-01-20,TX,197,322,73
2021-01-19,TX,199,322,68
2021-01-18,TX,193,328,68
2021-01-17,TX,197,323,72
2021-01-16,TX,195,328,69
2021-01-15,TX,196,328,68
2021-01-14,TX,194,329,69
2021-01-13,TX,198,327,67
2021-01-12,TX,198,325,66
2021-01-11,TX,199,323,67
2021-01-10,TX,196,332,64
2021-01-09,TX,198,329,65
2021-01-08,TX,200,324,67
2021-01-07,TX,200,321,70
2021-01-06,TX,198,388,5
2021-01-05,TX,192,391,5
2021-01-04,TX,195,388,5
2021-01-03,TX,193,393,5
2021-01-02,TX,189,333,69
2021-01-01,TX,187,398,5
2020-12-31,TX,192,393,5
2020-12-30,TX,188,397,5
2020-12-29,TX,187,395,5
2020-12-28,TX,182,400,5
2020-12-27,TX,182,403,5
2020-12-26,TX,178,407,5
2020-12-25,TX,179,406,5
2020-12-24,TX,181,404,5
2020-12-23,TX,184,401,5
2020-12-22,TX,178,350,61
2020-12-21,TX,179,403,5
2020-12-20,TX,182,403,5
2020-12-19,TX,180,405,5
2020-12-18,TX,181,404,5
2020-12-17,TX,178,407,5
2020-12-16,TX,182,403,5
2020-12-15,TX,180,399,5
2020-12-14,TX,193,386,5
2020-12-13,TX,191,391,5
2020-12-12,TX,190,392,5
2020-12-11,TX,193,389,5
2020-12-10,TX,196,387,5
2020-12-09,TX,194,389,5
2020-12-08,TX,182,398,5
2020-12-07,TX,181,396,5
2020-12-06,TX,182,397,5
2020-12-05,TX,178,401,5
2020-12-04,TX,190,389,5
2020-12-03,TX,187,392,5
2020-12-02,TX,181,398,5
2020-12-01,TX,179,397,5
2020-11-30,TX,178,398,5
2020-11-29,TX,176,403,5
2020-11-28,TX,178,401,5
2020-11-27,TX,182,397,5
2020-11-26,TX,179,400,5
2020-11-25,TX,184,395,5
2020-11-24,TX,187,389,5
2020-11-23,TX,183,394,5
2020-11-22,TX,175,405,5
2020-11-21,TX,178,402,5
2020-11-20,TX,170,410,5
2020-11-19,TX,171,409,5
2020-11-18,TX,173,407,5
2020-11-17,TX,171,410,5
2020-11-16,TX,165,415,5
2020-11-15,TX,160,424,5
2020-11-14,TX,161,423,5
2020-11-13,TX,166,418,5
2020-11-12,TX,162,418,5
2020-11-11,TX,155,425,5
2020-11-10,TX,151,424,5
2020-11-09,TX,145,430,5
2020-11-08,TX,149,430,5
2020-11-07,TX,152,427,5
2020-11-06,TX,158,421,5
2020-11-05,TX,151,428,5
2020-11-04,TX,147,432,5
2020-11-03,TX,145,430,5
2020-11-02,TX,143,432,5
2020-11-01,TX,143,436,5
2020-10-31,TX,146,432,5
2020-10-30,TX,144,434,5
2020-10-29,TX,148,430,5
2020-10-28,TX,149,431,5
2020-10-27,TX,139,438,5
2020-10-26,TX,139,438,5
2020-10-25,TX,130,450,5
2020-10-24,TX,129,451,5
2020-10-23,TX,135,445,5
2020-10-22,TX,133,447,5
2020-10-21,TX,128,452,5
2020-10-20,TX,135,441,5
2020-10-19,TX,139,437,5
2020-10-18,TX,129,447,5
2020-10-17,TX,124,451,5
2020-10-16,TX,129,446,5
2020-10-15,TX,132,443,5
2020-10-14,TX,131,441,5
2020-10-13,TX,127,444,5
2020-10-12,TX,125,447,5
2020-10-11,TX,121,445,11
2020-10-10,TX,119,447,11
2020-10-09,TX,121,452,5
2020-10-08,TX,127,446,5
2020-10-07,TX,126,445,6
2020-10-06,TX,119,446,12
2020-10-05,TX,126,443,6
2020-10-04,TX,114,438,12
2020-10-03,TX,115,436,13
2020-10-02,TX,124,433,7
2020-10-01,TX,120,437,7
2020-09-30,TX,122,435,7
2020-09-29,TX,116,436,13
2020-09-28,TX,116,436,13
2020-09-27,TX,117,435,12
2020-09-26,TX,115,436,13
2020-09-25,TX,112,439,13
2020-09-24,TX,113,438,13
2020-09-23,TX,119,431,13
2020-09-22,TX,118,431,14
2020-09-21,TX,116,426,15
2020-09-20,TX,112,433,14
2020-09-19,TX,113,432,15
2020-09-18,TX,115,430,15
2020-09-17,TX,193,348,19
2020-09-16,TX,194,342,20
2020-09-15,TX,198,338,20
2020-09-14,TX,203,329,23
2020-09-13,TX,198,336,22
2020-09-12,TX,195,339,22
2020-09-11,TX,200,334,22
2020-09-10,TX,197,335,22
2020-09-09,TX,198,335,21
2020-09-08,TX,204,329,21
2020-09-07,TX,204,328,21
2020-09-06,TX,199,334,20
2020-09-05,TX,121,337,96
2020-09-04,TX,122,334,98
2020-09-03,TX,124,331,99
2020-09-02,TX,122,328,103
2020-09-01,TX,119,332,98
2020-08-31,TX,115,334,99
2020-08-30,TX,123,328,98
2020-08-29,TX,122,330,97
2020-08-28,TX,119,329,101
2020-08-27,TX,118,329,100
2020-08-26,TX,119,327,99
2020-08-25,TX,129,321,106
2020-08-24,TX,126,324,105
2020-08-23,TX,128,323,99
2020-08-22,TX,130,325,96
2020-08-21,TX,131,309,117
2020-08-20,TX,133,315,98
2020-08-19,TX,128,319,99
2020-08-18,TX,125,317,104
2020-08-17,TX,126,322,101
2020-08-16,TX,133,310,102
2020-08-15,TX,127,309,109
2020-08-14,TX,131,303,117
2020-08-13,TX,137,310,106
2020-08-12,TX,131,308,113
2020-08-11,TX,146,293,113
2020-08-10,TX,146,299,106
2020-08-09,TX,138,290,118
2020-08-08,TX,143,290,113
2020-08-07,TX,141,290,116
2020-08-06,TX,143,293,114
2020-08-05,TX,145,291,114
2020-08-04,TX,141,297,112
2020-08-03,TX,138,297,118
2020-08-02,TX,143,289,98
2020-08-01,TX,141,292,99
2023-04-10,UT,1,34,8
2023-04-09,UT,1,36,8
2023-04-08,UT,1,36,8
2023-04-07,UT,1,37,8
2023-04-06,UT,1,37,9
2023-04-05,UT,1,37,9
2023-04-04,UT,1,39,9
2023-04-03,UT,1,39,9
2023-04-02,UT,1,41,9
2023-04-01,UT,1,42,9
2023-03-31,UT,1,42,9
2023-03-30,UT,1,42,9
2023-03-29,UT,1,42,9
2023-03-28,UT,1,41,9
2023-03-27,UT,1,41,9
2023-03-26,UT,1,42,9
2023-03-25,UT,1,42,9
2023-03-24,UT,1,42,9
2023-03-23,UT,1,42,9
2023-03-22,UT,1,42,9
2023-03-21,UT,1,41,9
2023-03-20,UT,1,41,9
2023-03-19,UT,1,42,9
2023-03-18,UT,1,42,9
2023-03-17,UT,1,42,9
2023-03-16,UT,1,42,9
2023-03-15,UT,1,42,9
2023-03-14,UT,1,41,9
2023-03-13,UT,1,41,9
2023-03-12,UT,1,42,9
2023-03-11,UT,1,42,9
2023-03-10,UT,1,42,9
2023-03-09,UT,1,42,9
2023-03-08,UT,1,42,9
2023-03-07,UT,1,41,9
2023-03-06,UT,1,41,9
2023-03-05,UT,1,42,9
2023-03-04,UT,1,42,9
2023-03-03,UT,1,42,9
2023-03-02,UT,1,42,9
2023-03-01,UT,1,42,9
2023-02-28,UT,1,41,9
2023-02-27,UT,1,41,9
2023-02-26,UT,1,42,9
2023-02-25,UT,1,42,9
2023-02-24,UT,1,42,9
2023-02-23,UT,1,42,9
2023-02-22,UT,1,42,9
2023-02-21,UT,1,41,9
2023-02-20,UT,1,41,9
2023-02-19,UT,1,42,9
2023-02-18,UT,1,42,9
2023-02-17,UT,1,42,9
2023-02-16,UT,1,42,9
2023-02-15,UT,1,42,9
2023-02-14,UT,1,41,9
2023-02-13,UT,1,41,9
2023-02-12,UT,1,42,9
2023-02-11,UT,1,42,9
2023-02-10,UT,1,42,9
2023-02-09,UT,1,42,9
2023-02-08,UT,1,42,9
2023-02-07,UT,1,41,9
2023-02-06,UT,1,41,9
2023-02-05,UT,1,42,9
2023-02-04,UT,1,42,9
2023-02-03,UT,1,42,9
2023-02-02,UT,1,42,9
2023-02-01,UT,1,42,9
2023-01-31,UT,1,40,9
2023-01-30,UT,1,40,9
2023-01-29,UT,1,41,9
2023-01-28,UT,1,41,9
2023-01-27,UT,1,41,9
2023-01-26,UT,1,41,9
2023-01-25,UT,1,41,9
2023-01-24,UT,1,40,9
2023-01-23,UT,1,40,9
2023-01-22,UT,1,41,9
2023-01-21,UT,1,41,9
2023-01-20,UT,1,42,9
2023-01-19,UT,1,42,9
2023-01-18,UT,1,42,9
2023-01-17,UT,1,41,9
2023-01-16,UT,1,41,9
2023-01-15,UT,1,41,9
2023-01-14,UT,1,41,9
2023-01-13,UT,1,41,9
2023-01-12,UT,1,41,9
2023-01-11,UT,1,41,9
2023-01-10,UT,1,40,9
2023-01-09,UT,1,40,9
2023-01-08,UT,1,41,9
2023-01-07,UT,1,41,9
2023-01-06,UT,1,41,9
2023-01-05,UT,1,41,9
2023-01-04,UT,1,41,9
2023-01-03,UT,1,41,9
2023-01-02,UT,1,41,9
2023-01-01,UT,1,42,9
2022-12-31,UT,1,41,9
2022-12-30,UT,1,41,9
2022-12-29,UT,1,40,9
2022-12-28,UT,1,40,9
2022-12-27,UT,1,39,9
2022-12-26,UT,1,39,9
2022-12-25,UT,1,40,9
2022-12-24,UT,1,40,9
2022-12-23,UT,1,40,9
2022-12-22,UT,1,40,9
2022-12-21,UT,1,40,9
2022-12-20,UT,1,39,9
2022-12-19,UT,1,40,9
2022-12-18,UT,1,43,9
2022-12-17,UT,1,43,9
2022-12-16,UT,1,43,9
2022-12-15,UT,1,43,9
2022-12-14,UT,1,41,9
2022-12-13,UT,1,40,9
2022-12-12,UT,1,40,9
2022-12-11,UT,1,42,9
2022-12-10,UT,1,42,9
2022-12-09,UT,1,42,9
2022-12-08,UT,1,42,9
2022-12-07,UT,1,42,9
2022-12-06,UT,1,41,9
2022-12-05,UT,1,41,9
2022-12-04,UT,1,42,9
2022-12-03,UT,1,42,9
2022-12-02,UT,1,42,9
2022-12-01,UT,1,42,9
2022-11-30,UT,1,42,9
2022-11-29,UT,1,41,9
2022-11-28,UT,1,41,9
2022-11-27,UT,1,42,9
2022-11-26,UT,1,42,9
2022-11-25,UT,1,42,9
2022-11-24,UT,1,42,9
2022-11-23,UT,1,42,9
2022-11-22,UT,1,41,9
2022-11-21,UT,1,41,9
2022-11-20,UT,1,42,9
2022-11-19,UT,1,42,9
2022-11-18,UT,1,42,9
2022-11-17,UT,1,41,9
2022-11-16,UT,1,41,9
2022-11-15,UT,1,40,9
2022-11-14,UT,1,40,9
2022-11-13,UT,1,41,9
2022-11-12,UT,1,41,9
2022-11-11,UT,1,41,9
2022-11-10,UT,1,41,9
2022-11-09,UT,1,41,9
2022-11-08,UT,1,40,9
2022-11-07,UT,1,40,9
2022-11-06,UT,1,41,9
2022-11-05,UT,1,42,9
2022-11-04,UT,2,42,9
2022-11-03,UT,2,42,9
2022-11-02,UT,1,43,9
2022-11-01,UT,1,42,9
2022-10-31,UT,1,42,9
2022-10-30,UT,1,42,9
2022-10-29,UT,1,42,9
2022-10-28,UT,1,42,9
2022-10-27,UT,1,42,9
2022-10-26,UT,1,42,9
2022-10-25,UT,1,41,9
2022-10-24,UT,1,41,9
2022-10-23,UT,1,42,9
2022-10-22,UT,1,42,9
2022-10-21,UT,1,42,9
2022-10-20,UT,1,42,9
2022-10-19,UT,1,42,9
2022-10-18,UT,1,41,9
2022-10-17,UT,1,41,9
2022-10-16,UT,1,43,9
2022-10-15,UT,1,43,9
2022-10-14,UT,1,43,9
2022-10-13,UT,1,43,9
2022-10-12,UT,1,43,9
2022-10-11,UT,1,41,9
2022-10-10,UT,1,41,9
2022-10-09,UT,1,42,9
2022-10-08,UT,1,42,9
2022-10-07,UT,1,42,9
2022-10-06,UT,1,42,9
2022-10-05,UT,1,42,9
2022-10-04,UT,1,41,9
2022-10-03,UT,1,41,9
2022-10-02,UT,1,42,9
2022-10-01,UT,1,42,9
2022-09-30,UT,1,42,9
2022-09-29,UT,1,42,9
2022-09-28,UT,1,42,9
2022-09-27,UT,1,41,9
2022-09-26,UT,1,41,9
2022-09-25,UT,1,42,9
2022-09-24,UT,1,42,9
2022-09-23,UT,1,42,9
2022-09-22,UT,1,42,9
2022-09-21,UT,1,42,9
2022-09-20,UT,1,41,9
2022-09-19,UT,1,41,9
2022-09-18,UT,1,42,9
2022-09-17,UT,1,42,9
2022-09-16,UT,1,42,9
2022-09-15,UT,1,42,9
2022-09-14,UT,1,42,9
2022-09-13,UT,1,41,9
2022-09-12,UT,1,41,9
2022-09-11,UT,1,42,9
2022-09-10,UT,1,42,9
2022-09-09,UT,1,43,9
2022-09-08,UT,1,43,9
2022-09-07,UT,1,43,9
2022-09-06,UT,1,42,9
2022-09-05,UT,1,42,9
2022-09-04,UT,1,43,9
2022-09-03,UT,1,43,9
2022-09-02,UT,1,43,9
2022-09-01,UT,1,43,9
2022-08-31,UT,1,43,9
2022-08-30,UT,1,42,9
2022-08-29,UT,1,42,9
2022-08-28,UT,1,43,9
2022-08-27,UT,1,43,9
2022-08-26,UT,1,43,9
2022-08-25,UT,1,43,9
2022-08-24,UT,1,43,9
2022-08-23,UT,1,42,9
2022-08-22,UT,1,42,9
2022-08-21,UT,1,46,9
2022-08-20,UT,1,46,9
2022-08-19,UT,1,46,9
2022-08-18,UT,1,46,9
2022-08-17,UT,1,46,9
2022-08-16,UT,2,41,9
2022-08-15,UT,1,42,9
2022-08-14,UT,1,48,9
2022-08-13,UT,1,48,9
2022-08-12,UT,1,48,9
2022-08-11,UT,1,48,9
2022-08-10,UT,1,48,9
2022-08-09,UT,1,42,9
2022-08-08,UT,1,42,9
2022-08-07,UT,1,48,9
2022-08-06,UT,1,48,9
2022-08-05,UT,1,48,9
2022-08-04,UT,1,48,9
2022-08-03,UT,1,48,9
2022-08-02,UT,1,42,9
2022-08-01,UT,1,42,9
2022-07-31,UT,1,48,9
2022-07-30,UT,1,48,9
2022-07-29,UT,1,48,9
2022-07-28,UT,1,48,9
2022-07-27,UT,1,48,9
2022-07-26,UT,1,42,9
2022-07-25,UT,1,42,9
2022-07-24,UT,1,48,9
2022-07-23,UT,1,48,9
2022-07-22,UT,1,48,9
2022-07-21,UT,1,48,9
2022-07-20,UT,1,48,9
2022-07-19,UT,1,42,9
2022-07-18,UT,1,42,9
2022-07-17,UT,1,48,9
2022-07-16,UT,1,48,9
2022-07-15,UT,1,48,9
2022-07-14,UT,1,48,9
2022-07-13,UT,1,48,9
2022-07-12,UT,1,42,9
2022-07-11,UT,1,42,9
2022-07-10,UT,1,48,9
2022-07-09,UT,1,48,9
2022-07-08,UT,1,48,9
2022-07-07,UT,1,48,9
2022-07-06,UT,1,48,9
2022-07-05,UT,1,42,9
2022-07-04,UT,1,42,9
2022-07-03,UT,1,49,9
2022-07-02,UT,1,49,9
2022-07-01,UT,1,49,9
2022-06-30,UT,1,49,9
2022-06-29,UT,1,49,9
2022-06-28,UT,1,42,9
2022-06-27,UT,1,42,9
2022-06-26,UT,1,49,9
2022-06-25,UT,1,49,9
2022-06-24,UT,1,49,9
2022-06-23,UT,1,49,9
2022-06-22,UT,1,49,9
2022-06-21,UT,1,42,9
2022-06-20,UT,1,42,9
2022-06-19,UT,1,49,9
2022-06-18,UT,1,49,9
2022-06-17,UT,1,49,9
2022-06-16,UT,1,49,9
2022-06-15,UT,1,49,9
2022-06-14,UT,1,42,9
2022-06-13,UT,1,42,9
2022-06-12,UT,1,49,9
2022-06-11,UT,1,49,9
2022-06-10,UT,1,49,9
2022-06-09,UT,1,49,9
2022-06-08,UT,1,49,9
2022-06-07,UT,1,43,9
2022-06-06,UT,1,43,9
2022-06-05,UT,1,49,9
2022-06-04,UT,1,49,9
2022-06-03,UT,1,49,9
2022-06-02,UT,1,49,9
2022-06-01,UT,1,49,9
2022-05-31,UT,1,43,9
2022-05-30,UT,1,43,9
2022-05-29,UT,1,49,9
2022-05-28,UT,1,49,9
2022-05-27,UT,1,49,9
2022-05-26,UT,1,49,9
2022-05-25,UT,1,49,9
2022-05-24,UT,1,43,9
2022-05-23,UT,1,43,9
2022-05-22,UT,2,48,9
2022-05-21,UT,2,48,9
2022-05-20,UT,2,48,9
2022-05-19,UT,2,48,9
2022-05-18,UT,2,48,9
2022-05-17,UT,1,43,9
2022-05-16,UT,1,42,9
2022-05-15,UT,1,48,9
2022-05-14,UT,1,48,9
2022-05-13,UT,1,49,9
2022-05-12,UT,1,49,9
2022-05-11,UT,1,49,9
2022-05-10,UT,1,43,9
2022-05-09,UT,1,43,9
2022-05-08,UT,1,49,9
2022-05-07,UT,1,49,9
2022-05-06,UT,1,49,9
2022-05-05,UT,1,49,9
2022-05-04,UT,1,49,9
2022-05-03,UT,1,43,9
2022-05-02,UT,1,43,9
2022-05-01,UT,1,49,9
2022-04-30,UT,1,49,9
2022-04-29,UT,1,49,9
2022-04-28,UT,1,49,9
2022-04-27,UT,1,49,9
2022-04-26,UT,1,43,9
2022-04-25,UT,2,42,9
2022-04-24,UT,2,48,9
2022-04-23,UT,2,48,9
2022-04-22,UT,2,48,9
2022-04-21,UT,2,48,9
2022-04-20,UT,2,48,9
2022-04-19,UT,2,42,9
2022-04-18,UT,2,42,9
2022-04-17,UT,2,48,9
2022-04-16,UT,2,48,9
2022-04-15,UT,2,48,9
2022-04-14,UT,2,48,9
2022-04-13,UT,2,48,9
2022-04-12,UT,2,42,9
2022-04-11,UT,2,42,9
2022-04-10,UT,2,48,9
2022-04-09,UT,2,48,9
2022-04-08,UT,2,48,9
2022-04-07,UT,2,48,9
2022-04-06,UT,2,48,9
2022-04-05,UT,2,42,9
2022-04-04,UT,2,42,9
2022-04-03,UT,2,48,9
2022-04-02,UT,2,48,9
2022-04-01,UT,2,48,9
2022-03-31,UT,1,49,9
2022-03-30,UT,2,48,9
2022-03-29,UT,2,42,9
2022-03-28,UT,2,42,9
2022-03-27,UT,2,48,9
2022-03-26,UT,2,48,9
2022-03-25,UT,2,48,9
2022-03-24,UT,2,48,9
2022-03-23,UT,2,48,9
2022-03-22,UT,2,42,9
2022-03-21,UT,2,42,9
2022-03-20,UT,2,48,9
2022-03-19,UT,2,48,9
2022-03-18,UT,2,48,9
2022-03-17,UT,2,48,9
2022-03-16,UT,2,48,9
2022-03-15,UT,2,42,9
2022-03-14,UT,2,42,9
2022-03-13,UT,2,48,9
2022-03-12,UT,2,48,9
2022-03-11,UT,2,48,9
2022-03-10,UT,2,48,9
2022-03-09,UT,2,48,9
2022-03-08,UT,2,42,9
2022-03-07,UT,2,42,9
2022-03-06,UT,2,48,9
2022-03-05,UT,2,48,9
2022-03-04,UT,2,48,9
2022-03-03,UT,2,48,9
2022-03-02,UT,2,48,9
2022-03-01,UT,2,42,9
2022-02-28,UT,2,42,9
2022-02-27,UT,2,48,9
2022-02-26,UT,3,47,9
2022-02-25,UT,2,48,9
2022-02-24,UT,2,48,9
2022-02-23,UT,2,48,9
2022-02-22,UT,2,42,9
2022-02-21,UT,2,42,9
2022-02-20,UT,2,48,9
2022-02-19,UT,2,48,9
2022-02-18,UT,2,48,9
2022-02-17,UT,2,48,9
2022-02-16,UT,2,48,9
2022-02-15,UT,3,41,9
2022-02-14,UT,2,42,9
2022-02-13,UT,2,48,9
2022-02-12,UT,3,47,9
2022-02-11,UT,2,48,9
2022-02-10,UT,3,47,9
2022-02-09,UT,2,48,9
2022-02-08,UT,2,42,9
2022-02-07,UT,2,41,9
2022-02-06,UT,3,47,9
2022-02-05,UT,3,47,9
2022-02-04,UT,2,48,9
2022-02-03,UT,2,48,9
2022-02-02,UT,3,47,9
2022-02-01,UT,2,42,9
2022-01-31,UT,3,41,9
2022-01-30,UT,4,46,9
2022-01-29,UT,4,46,9
2022-01-28,UT,4,46,9
2022-01-27,UT,4,46,9
2022-01-26,UT,2,48,9
2022-01-25,UT,2,42,9
2022-01-24,UT,3,40,10
2022-01-23,UT,3,46,10
2022-01-22,UT,3,46,10
2022-01-21,UT,3,46,10
2022-01-20,UT,1,48,10
2022-01-19,UT,4,45,10
2022-01-18,UT,3,40,10
2022-01-17,UT,3,40,10
2022-01-16,UT,4,45,10
2022-01-15,UT,4,45,10
2022-01-14,UT,5,45,9
2022-01-13,UT,4,46,9
2022-01-12,UT,5,45,9
2022-01-11,UT,3,41,9
2022-01-10,UT,3,41,9
2022-01-09,UT,4,46,9
2022-01-08,UT,3,47,9
2022-01-07,UT,3,47,9
2022-01-06,UT,3,47,9
2022-01-05,UT,3,47,9
2022-01-04,UT,1,43,9
2022-01-03,UT,1,43,9
2022-01-02,UT,1,49,9
2022-01-01,UT,1,49,9
2021-12-31,UT,1,49,9
2021-12-30,UT,1,49,9
2021-12-29,UT,1,49,9
2021-12-28,UT,1,43,9
2021-12-27,UT,1,43,9
2021-12-26,UT,1,49,9
2021-12-25,UT,1,49,9
2021-12-24,UT,1,49,9
2021-12-23,UT,1,49,9
2021-12-22,UT,1,49,9
2021-12-21,UT,1,43,9
2021-12-20,UT,1,43,9
2021-12-19,UT,1,49,9
2021-12-18,UT,1,49,9
2021-12-17,UT,1,49,9
2021-12-16,UT,1,49,9
2021-12-15,UT,1,49,9
2021-12-14,UT,1,43,9
2021-12-13,UT,1,43,9
2021-12-12,UT,1,49,9
2021-12-11,UT,1,49,9
2021-12-10,UT,1,49,9
2021-12-09,UT,1,49,9
2021-12-08,UT,1,49,9
2021-12-07,UT,1,43,9
2021-12-06,UT,1,43,9
2021-12-05,UT,1,49,9
2021-12-04,UT,1,49,9
2021-12-03,UT,1,49,9
2021-12-02,UT,1,49,9
2021-12-01,UT,1,49,9
2021-11-30,UT,1,44,9
2021-11-29,UT,1,43,9
2021-11-28,UT,1,49,9
2021-11-27,UT,1,49,9
2021-11-26,UT,1,49,9
2021-11-25,UT,1,49,9
2021-11-24,UT,1,49,9
2021-11-23,UT,1,43,9
2021-11-22,UT,1,43,9
2021-11-21,UT,1,49,9
2021-11-20,UT,1,49,9
2021-11-19,UT,1,49,9
2021-11-18,UT,1,49,9
2021-11-17,UT,1,49,9
2021-11-16,UT,1,43,9
2021-11-15,UT,1,43,9
2021-11-14,UT,1,49,9
2021-11-13,UT,1,49,9
2021-11-12,UT,1,49,9
2021-11-11,UT,1,49,9
2021-11-10,UT,0,50,9
2021-11-09,UT,1,43,9
2021-11-08,UT,1,43,9
2021-11-07,UT,1,49,9
2021-11-06,UT,1,49,9
2021-11-05,UT,1,49,9
2021-11-04,UT,1,49,9
2021-11-03,UT,1,49,9
2021-11-02,UT,1,43,9
2021-11-01,UT,1,43,9
2021-10-31,UT,1,49,9
2021-10-30,UT,1,49,9
2021-10-29,UT,0,50,9
2021-10-28,UT,1,49,9
2021-10-27,UT,1,49,9
2021-10-26,UT,1,43,9
2021-10-25,UT,1,44,9
2021-10-24,UT,1,49,9
2021-10-23,UT,1,49,9
2021-10-22,UT,1,49,9
2021-10-21,UT,1,49,9
2021-10-20,UT,1,49,9
2021-10-19,UT,1,43,9
2021-10-18,UT,1,43,9
2021-10-17,UT,2,48,9
2021-10-16,UT,2,48,9
2021-10-15,UT,2,48,9
2021-10-14,UT,2,48,9
2021-10-13,UT,2,48,9
2021-10-12,UT,1,43,9
2021-10-11,UT,1,43,9
2021-10-10,UT,1,49,9
2021-10-09,UT,1,49,9
2021-10-08,UT,1,49,9
2021-10-07,UT,1,49,9
2021-10-06,UT,1,49,9
2021-10-05,UT,1,43,9
2021-10-04,UT,1,43,9
2021-10-03,UT,1,49,9
2021-10-02,UT,1,49,9
2021-10-01,UT,1,49,9
2021-09-30,UT,1,49,9
2021-09-29,UT,1,49,9
2021-09-28,UT,1,43,9
2021-09-27,UT,1,43,9
2021-09-26,UT,1,49,9
2021-09-25,UT,1,49,9
2021-09-24,UT,1,49,9
2021-09-23,UT,1,49,9
2021-09-22,UT,1,49,9
2021-09-21,UT,1,43,9
2021-09-20,UT,1,43,9
2021-09-19,UT,1,49,9
2021-09-18,UT,1,49,9
2021-09-17,UT,1,49,9
2021-09-16,UT,1,49,9
2021-09-15,UT,1,49,9
2021-09-14,UT,2,42,9
2021-09-13,UT,2,42,9
2021-09-12,UT,2,48,9
2021-09-11,UT,2,48,9
2021-09-10,UT,2,48,9
2021-09-09,UT,2,48,9
2021-09-08,UT,2,48,9
2021-09-07,UT,1,43,9
2021-09-06,UT,1,43,9
2021-09-05,UT,1,49,9
2021-09-04,UT,1,50,9
2021-09-03,UT,1,50,9
2021-09-02,UT,1,50,9
2021-09-01,UT,1,50,9
2021-08-31,UT,1,44,9
2021-08-30,UT,1,44,9
2021-08-29,UT,1,50,9
2021-08-28,UT,1,50,9
2021-08-27,UT,1,50,9
2021-08-26,UT,1,50,9
2021-08-25,UT,1,50,9
2021-08-24,UT,1,44,9
2021-08-23,UT,1,44,9
2021-08-22,UT,2,49,9
2021-08-21,UT,1,50,9
2021-08-20,UT,1,50,9
2021-08-19,UT,1,50,9
2021-08-18,UT,1,50,9
2021-08-17,UT,1,44,9
2021-08-16,UT,1,44,9
2021-08-15,UT,1,50,9
2021-08-14,UT,1,50,9
2021-08-13,UT,1,50,9
2021-08-12,UT,1,50,9
2021-08-11,UT,1,50,9
2021-08-10,UT,0,45,9
2021-08-09,UT,0,45,9
2021-08-08,UT,1,50,9
2021-08-07,UT,1,50,9
2021-08-06,UT,1,50,9
2021-08-05,UT,1,50,9
2021-08-04,UT,1,50,9
2021-08-03,UT,1,44,9
2021-08-02,UT,1,44,9
2021-08-01,UT,1,50,9
2021-07-31,UT,1,50,9
2021-07-30,UT,1,50,9
2021-07-29,UT,0,51,9
2021-07-28,UT,1,50,9
2021-07-27,UT,1,44,9
2021-07-26,UT,1,44,9
2021-07-25,UT,1,50,9
2021-07-24,UT,1,50,9
2021-07-23,UT,1,50,9
2021-07-22,UT,1,50,9
2021-07-21,UT,1,50,9
2021-07-20,UT,1,43,9
2021-07-19,UT,1,43,9
2021-07-18,UT,1,50,9
2021-07-17,UT,1,50,9
2021-07-16,UT,1,50,9
2021-07-15,UT,1,50,9
2021-07-14,UT,1,50,9
2021-07-13,UT,1,43,9
2021-07-12,UT,1,43,9
2021-07-11,UT,1,50,9
2021-07-10,UT,1,50,9
2021-07-09,UT,1,50,9
2021-07-08,UT,1,50,9
2021-07-07,UT,1,50,9
2021-07-06,UT,1,43,9
2021-07-05,UT,1,43,9
2021-07-04,UT,1,50,9
2021-07-03,UT,1,50,9
2021-07-02,UT,1,50,9
2021-07-01,UT,1,50,9
2021-06-30,UT,1,50,9
2021-06-29,UT,1,43,9
2021-06-28,UT,1,43,9
2021-06-27,UT,1,50,9
2021-06-26,UT,1,50,9
2021-06-25,UT,1,50,9
2021-06-24,UT,1,50,9
2021-06-23,UT,1,50,9
2021-06-22,UT,1,43,9
2021-06-21,UT,1,43,9
2021-06-20,UT,1,50,9
2021-06-19,UT,1,50,9
2021-06-18,UT,1,50,9
2021-06-17,UT,1,50,9
2021-06-16,UT,1,50,9
2021-06-15,UT,1,43,9
2021-06-14,UT,1,51,1
2021-06-13,UT,1,58,1
2021-06-12,UT,1,58,1
2021-06-11,UT,1,58,1
2021-06-10,UT,1,58,1
2021-06-09,UT,4,55,1
2021-06-08,UT,4,49,1
2021-06-07,UT,4,49,1
2021-06-06,UT,4,55,1
2021-06-05,UT,4,55,1
2021-06-04,UT,4,55,1
2021-06-03,UT,4,55,1
2021-06-02,UT,4,55,1
2021-06-01,UT,4,49,1
2021-05-31,UT,4,49,1
2021-05-30,UT,4,55,1
2021-05-29,UT,4,55,1
2021-05-28,UT,4,55,1
2021-05-27,UT,4,55,1
2021-05-26,UT,4,55,1
2021-05-25,UT,4,49,1
2021-05-24,UT,4,49,1
2021-05-23,UT,4,55,1
2021-05-22,UT,4,55,1
2021-05-21,UT,4,55,1
2021-05-20,UT,4,55,1
2021-05-19,UT,4,55,1
2021-05-18,UT,1,52,1
2021-05-17,UT,1,52,1
2021-05-16,UT,1,58,1
2021-05-15,UT,1,58,1
2021-05-14,UT,1,58,1
2021-05-13,UT,1,58,1
2021-05-12,UT,1,58,1
2021-05-11,UT,1,52,1
2021-05-10,UT,1,52,1
2021-05-09,UT,1,58,1
2021-05-08,UT,1,58,1
2021-05-07,UT,1,58,1
2021-05-06,UT,1,58,1
2021-05-05,UT,1,58,1
2021-05-04,UT,1,52,1
2021-05-03,UT,1,52,1
2021-05-02,UT,1,58,1
2021-05-01,UT,1,58,1
2021-04-30,UT,1,58,1
2021-04-29,UT,1,57,1
2021-04-28,UT,1,57,1
2021-04-27,UT,1,51,1
2021-04-26,UT,1,51,1
2021-04-25,UT,0,58,1
2021-04-24,UT,0,58,1
2021-04-23,UT,0,58,1
2021-04-22,UT,1,57,1
2021-04-21,UT,1,57,1
2021-04-20,UT,1,51,1
2021-04-19,UT,1,51,1
2021-04-18,UT,0,58,1
2021-04-17,UT,0,58,1
2021-04-16,UT,0,58,1
2021-04-15,UT,1,57,1
2021-04-14,UT,0,58,1
2021-04-13,UT,0,52,1
2021-04-12,UT,0,52,1
2021-04-11,UT,0,58,1
2021-04-10,UT,0,58,1
2021-04-09,UT,0,58,1
2021-04-08,UT,0,58,1
2021-04-07,UT,0,58,1
2021-04-06,UT,0,53,1
2021-04-05,UT,0,53,1
2021-04-04,UT,0,58,1
2021-04-03,UT,0,58,1
2021-04-02,UT,0,58,1
2021-04-01,UT,0,58,1
2021-03-31,UT,0,58,1
2021-03-30,UT,0,52,1
2021-03-29,UT,0,53,1
2021-03-28,UT,0,58,1
2021-03-27,UT,0,58,1
2021-03-26,UT,0,58,1
2021-03-25,UT,0,58,1
2021-03-24,UT,0,58,1
2021-03-23,UT,0,52,1
2021-03-22,UT,0,52,1
2021-03-21,UT,0,58,1
2021-03-20,UT,0,58,1
2021-03-19,UT,0,58,1
2021-03-18,UT,0,58,1
2021-03-17,UT,0,58,1
2021-03-16,UT,0,52,1
2021-03-15,UT,0,52,1
2021-03-14,UT,0,58,1
2021-03-13,UT,0,58,1
2021-03-12,UT,0,58,1
2021-03-11,UT,0,58,1
2021-03-10,UT,0,58,1
2021-03-09,UT,0,52,1
2021-03-08,UT,0,52,1
2021-03-07,UT,0,58,1
2021-03-06,UT,0,58,1
2021-03-05,UT,0,58,1
2021-03-04,UT,0,58,1
2021-03-03,UT,0,58,1
2021-03-02,UT,0,52,1
2021-03-01,UT,0,52,1
2021-02-28,UT,0,58,1
2021-02-27,UT,0,58,1
2021-02-26,UT,0,58,1
2021-02-25,UT,0,58,1
2021-02-24,UT,0,58,1
2021-02-23,UT,0,52,1
2021-02-22,UT,0,52,1
2021-02-21,UT,0,58,1
2021-02-20,UT,0,58,1
2021-02-19,UT,0,58,1
2021-02-18,UT,0,58,1
2021-02-17,UT,0,58,1
2021-02-16,UT,0,52,1
2021-02-15,UT,0,52,1
2021-02-14,UT,0,58,1
2021-02-13,UT,0,58,1
2021-02-12,UT,0,58,1
2021-02-11,UT,0,58,1
2021-02-10,UT,0,58,1
2021-02-09,UT,0,52,1
2021-02-08,UT,0,52,1
2021-02-07,UT,0,58,1
2021-02-06,UT,0,58,1
2021-02-05,UT,0,58,1
2021-02-04,UT,0,58,1
2021-02-03,UT,0,58,1
2021-02-02,UT,1,51,1
2021-02-01,UT,1,51,1
2021-01-31,UT,2,56,1
2021-01-30,UT,2,56,1
2021-01-29,UT,2,56,1
2021-01-28,UT,1,57,1
2021-01-27,UT,2,56,1
2021-01-26,UT,1,51,1
2021-01-25,UT,0,52,1
2021-01-24,UT,1,57,1
2021-01-23,UT,0,58,1
2021-01-22,UT,2,56,1
2021-01-21,UT,1,57,1
2021-01-20,UT,1,57,1
2021-01-19,UT,0,52,1
2021-01-18,UT,1,51,1
2021-01-17,UT,1,57,1
2021-01-16,UT,1,57,1
2021-01-15,UT,2,56,1
2021-01-14,UT,1,57,1
2021-01-13,UT,1,57,1
2021-01-12,UT,1,51,1
2021-01-11,UT,3,49,1
2021-01-10,UT,3,55,1
2021-01-09,UT,3,55,1
2021-01-08,UT,3,55,1
2021-01-07,UT,2,56,1
2021-01-06,UT,2,56,1
2021-01-05,UT,2,50,1
2021-01-04,UT,2,50,1
2021-01-03,UT,3,55,1
2021-01-02,UT,2,56,1
2021-01-01,UT,2,56,1
2020-12-31,UT,2,56,1
2020-12-30,UT,3,55,1
2020-12-29,UT,3,50,1
2020-12-28,UT,5,47,1
2020-12-27,UT,7,51,1
2020-12-26,UT,7,51,1
2020-12-25,UT,7,51,1
2020-12-24,UT,7,51,1
2020-12-23,UT,7,51,1
2020-12-22,UT,6,47,1
2020-12-21,UT,6,46,1
2020-12-20,UT,7,51,1
2020-12-19,UT,7,51,1
2020-12-18,UT,7,51,1
2020-12-17,UT,7,51,1
2020-12-16,UT,7,51,1
2020-12-15,UT,6,46,1
2020-12-14,UT,6,46,1
2020-12-13,UT,7,51,1
2020-12-12,UT,7,51,1
2020-12-11,UT,7,51,1
2020-12-10,UT,7,51,1
2020-12-09,UT,7,51,1
2020-12-08,UT,6,46,1
2020-12-07,UT,6,46,1
2020-12-06,UT,7,51,1
2020-12-05,UT,7,51,1
2020-12-04,UT,7,51,1
2020-12-03,UT,7,51,1
2020-12-02,UT,7,51,1
2020-12-01,UT,6,47,1
2020-11-30,UT,6,47,1
2020-11-29,UT,7,51,1
2020-11-28,UT,7,51,1
2020-11-27,UT,7,51,1
2020-11-26,UT,7,51,1
2020-11-25,UT,7,51,1
2020-11-24,UT,5,47,1
2020-11-23,UT,5,47,1
2020-11-22,UT,7,51,1
2020-11-21,UT,7,51,1
2020-11-20,UT,7,51,1
2020-11-19,UT,8,50,1
2020-11-18,UT,8,50,1
2020-11-17,UT,5,46,1
2020-11-16,UT,6,46,1
2020-11-15,UT,7,51,1
2020-11-14,UT,7,51,1
2020-11-13,UT,7,51,1
2020-11-12,UT,7,51,1
2020-11-11,UT,6,51,1
2020-11-10,UT,7,46,1
2020-11-09,UT,7,45,1
2020-11-08,UT,8,50,1
2020-11-07,UT,8,50,1
2020-11-06,UT,8,50,1
2020-11-05,UT,6,51,1
2020-11-04,UT,5,52,1
2020-11-03,UT,6,48,1
2020-11-02,UT,6,47,1
2020-11-01,UT,7,50,1
2020-10-31,UT,6,51,1
2020-10-30,UT,6,50,3
2020-10-29,UT,5,50,3
2020-10-28,UT,6,49,3
2020-10-27,UT,8,44,3
2020-10-26,UT,8,45,3
2020-10-25,UT,7,48,3
2020-10-24,UT,7,49,3
2020-10-23,UT,6,50,3
2020-10-22,UT,3,52,3
2020-10-21,UT,4,50,3
2020-10-20,UT,4,49,3
2020-10-19,UT,5,50,3
2020-10-18,UT,6,50,3
2020-10-17,UT,6,50,3
2020-10-16,UT,6,50,3
2020-10-15,UT,4,49,4
2020-10-14,UT,5,48,4
2020-10-13,UT,5,48,4
2020-10-12,UT,6,45,4
2020-10-11,UT,7,46,3
2020-10-10,UT,7,47,3
2020-10-09,UT,7,47,3
2020-10-08,UT,6,47,3
2020-10-07,UT,6,47,3
2020-10-06,UT,6,47,3
2020-10-05,UT,4,49,3
2020-10-04,UT,4,48,3
2020-10-03,UT,5,47,3
2020-10-02,UT,4,48,3
2020-10-01,UT,4,48,3
2020-09-30,UT,5,47,3
2020-09-29,UT,6,46,3
2020-09-28,UT,5,47,3
2020-09-27,UT,5,47,3
2020-09-26,UT,5,47,3
2020-09-25,UT,5,48,3
2020-09-24,UT,5,48,3
2020-09-23,UT,5,48,3
2020-09-22,UT,5,48,3
2020-09-21,UT,5,47,3
2020-09-20,UT,4,48,3
2020-09-19,UT,4,50,3
2020-09-18,UT,5,49,3
2020-09-17,UT,4,50,3
2020-09-16,UT,4,50,3
2020-09-15,UT,5,49,3
2020-09-14,UT,5,47,3
2020-09-13,UT,4,48,2
2020-09-12,UT,4,49,2
2020-09-11,UT,4,49,3
2020-09-10,UT,5,48,3
2020-09-09,UT,4,49,3
2020-09-08,UT,4,48,3
2020-09-07,UT,5,47,3
2020-09-06,UT,5,47,3
2020-09-05,UT,4,48,3
2020-09-04,UT,5,48,3
2020-09-03,UT,5,48,3
2020-09-02,UT,5,48,3
2020-09-01,UT,5,48,3
2020-08-31,UT,6,45,3
2020-08-30,UT,5,46,3
2020-08-29,UT,4,47,3
2020-08-28,UT,5,46,3
2020-08-27,UT,6,45,3
2020-08-26,UT,5,45,4
2020-08-25,UT,6,44,4
2020-08-24,UT,6,44,4
2020-08-23,UT,6,44,4
2020-08-22,UT,5,45,4
2020-08-21,UT,6,44,4
2020-08-20,UT,7,42,4
2020-08-19,UT,7,42,4
2020-08-18,UT,7,42,4
2020-08-17,UT,7,43,3
2020-08-16,UT,7,43,3
2020-08-15,UT,7,43,3
2020-08-14,UT,6,36,11
2020-08-13,UT,6,35,11
2020-08-12,UT,7,34,11
2020-08-11,UT,7,34,11
2020-08-10,UT,7,34,11
2020-08-09,UT,7,34,11
2020-08-08,UT,7,35,11
2020-08-07,UT,7,35,11
2020-08-06,UT,6,36,11
2020-08-05,UT,6,34,11
2020-08-04,UT,7,34,11
2020-08-03,UT,7,34,11
2020-08-02,UT,7,34,11
2020-08-01,UT,7,33,12
2023-04-10,VA,19,38,29
2023-04-09,VA,19,40,29
2023-04-08,VA,19,40,29
2023-04-07,VA,19,40,29
2023-04-06,VA,18,41,32
2023-04-05,VA,18,45,28
2023-04-04,VA,18,40,32
2023-04-03,VA,18,41,32
2023-04-02,VA,18,42,32
2023-04-01,VA,18,42,32
2023-03-31,VA,18,42,32
2023-03-30,VA,18,42,32
2023-03-29,VA,18,46,28
2023-03-28,VA,18,42,31
2023-03-27,VA,18,42,31
2023-03-26,VA,18,43,31
2023-03-25,VA,18,44,30
2023-03-24,VA,18,44,30
2023-03-23,VA,18,44,30
2023-03-22,VA,17,48,27
2023-03-21,VA,19,41,31
2023-03-20,VA,18,42,31
2023-03-19,VA,17,44,31
2023-03-18,VA,18,43,31
2023-03-17,VA,18,43,31
2023-03-16,VA,19,43,30
2023-03-15,VA,18,48,26
2023-03-14,VA,18,43,30
2023-03-13,VA,18,43,30
2023-03-12,VA,18,44,31
2023-03-11,VA,18,45,30
2023-03-10,VA,18,45,30
2023-03-09,VA,19,44,30
2023-03-08,VA,19,48,26
2023-03-07,VA,19,42,30
2023-03-06,VA,18,43,30
2023-03-05,VA,18,43,31
2023-03-04,VA,19,43,30
2023-03-03,VA,19,43,30
2023-03-02,VA,19,43,30
2023-03-01,VA,19,47,26
2023-02-28,VA,19,42,30
2023-02-27,VA,18,43,30
2023-02-26,VA,18,44,30
2023-02-25,VA,19,43,30
2023-02-24,VA,19,43,30
2023-02-23,VA,19,43,30
2023-02-22,VA,19,47,26
2023-02-21,VA,19,42,30
2023-02-20,VA,18,42,31
2023-02-19,VA,19,44,30
2023-02-18,VA,19,44,30
2023-02-17,VA,19,48,26
2023-02-16,VA,19,48,26
2023-02-15,VA,19,48,26
2023-02-14,VA,19,42,30
2023-02-13,VA,19,42,30
2023-02-12,VA,19,43,30
2023-02-11,VA,18,44,30
2023-02-10,VA,19,43,30
2023-02-09,VA,19,43,30
2023-02-08,VA,19,47,26
2023-02-07,VA,19,42,30
2023-02-06,VA,19,42,30
2023-02-05,VA,18,44,30
2023-02-04,VA,19,43,30
2023-02-03,VA,19,43,30
2023-02-02,VA,20,42,30
2023-02-01,VA,19,46,27
2023-01-31,VA,19,42,30
2023-01-30,VA,19,42,30
2023-01-29,VA,19,43,30
2023-01-28,VA,19,43,30
2023-01-27,VA,18,44,30
2023-01-26,VA,19,43,30
2023-01-25,VA,18,48,26
2023-01-24,VA,19,42,30
2023-01-23,VA,19,42,30
2023-01-22,VA,19,44,30
2023-01-21,VA,19,44,30
2023-01-20,VA,19,44,30
2023-01-19,VA,19,44,30
2023-01-18,VA,19,48,26
2023-01-17,VA,18,43,30
2023-01-16,VA,19,42,30
2023-01-15,VA,19,43,30
2023-01-14,VA,19,43,30
2023-01-13,VA,19,43,30
2023-01-12,VA,19,43,30
2023-01-11,VA,19,47,26
2023-01-10,VA,19,43,30
2023-01-09,VA,19,43,30
2023-01-08,VA,17,46,30
2023-01-07,VA,19,44,30
2023-01-06,VA,19,44,30
2023-01-05,VA,19,43,30
2023-01-04,VA,19,47,26
2023-01-03,VA,19,46,26
2023-01-02,VA,19,42,30
2023-01-01,VA,19,47,26
2022-12-31,VA,19,47,25
2022-12-30,VA,19,47,25
2022-12-29,VA,19,47,26
2022-12-28,VA,19,47,26
2022-12-27,VA,19,46,26
2022-12-26,VA,19,46,26
2022-12-25,VA,19,47,26
2022-12-24,VA,18,48,26
2022-12-23,VA,19,47,26
2022-12-22,VA,19,47,26
2022-12-21,VA,19,46,27
2022-12-20,VA,19,46,26
2022-12-19,VA,19,47,26
2022-12-18,VA,19,47,28
2022-12-17,VA,19,48,27
2022-12-16,VA,19,48,27
2022-12-15,VA,18,49,27
2022-12-14,VA,18,52,22
2022-12-13,VA,18,51,23
2022-12-12,VA,18,51,23
2022-12-11,VA,18,53,23
2022-12-10,VA,18,53,23
2022-12-09,VA,18,53,23
2022-12-08,VA,18,53,23
2022-12-07,VA,18,53,23
2022-12-06,VA,18,51,23
2022-12-05,VA,18,51,23
2022-12-04,VA,17,54,23
2022-12-03,VA,17,54,23
2022-12-02,VA,18,53,23
2022-12-01,VA,17,54,23
2022-11-30,VA,17,54,23
2022-11-29,VA,17,52,23
2022-11-28,VA,17,52,23
2022-11-27,VA,16,55,23
2022-11-26,VA,16,55,23
2022-11-25,VA,16,55,23
2022-11-24,VA,17,54,23
2022-11-23,VA,17,54,23
2022-11-22,VA,16,53,23
2022-11-21,VA,16,53,23
2022-11-20,VA,17,53,23
2022-11-19,VA,17,53,23
2022-11-18,VA,17,53,23
2022-11-17,VA,17,53,23
2022-11-16,VA,17,53,23
2022-11-15,VA,17,52,23
2022-11-14,VA,16,53,23
2022-11-13,VA,17,53,23
2022-11-12,VA,17,53,23
2022-11-11,VA,17,53,23
2022-11-10,VA,18,52,23
2022-11-09,VA,17,53,23
2022-11-08,VA,17,52,23
2022-11-07,VA,17,53,23
2022-11-06,VA,17,54,23
2022-11-05,VA,17,54,23
2022-11-04,VA,17,54,23
2022-11-03,VA,17,54,23
2022-11-02,VA,17,55,22
2022-11-01,VA,17,53,23
2022-10-31,VA,17,53,23
2022-10-30,VA,17,53,23
2022-10-29,VA,17,53,23
2022-10-28,VA,17,53,23
2022-10-27,VA,18,52,23
2022-10-26,VA,18,52,23
2022-10-25,VA,17,52,23
2022-10-24,VA,17,52,23
2022-10-23,VA,17,54,23
2022-10-22,VA,17,54,23
2022-10-21,VA,17,54,23
2022-10-20,VA,17,54,23
2022-10-19,VA,17,54,23
2022-10-18,VA,17,52,23
2022-10-17,VA,17,53,23
2022-10-16,VA,17,53,23
2022-10-15,VA,17,53,23
2022-10-14,VA,17,53,23
2022-10-13,VA,17,53,23
2022-10-12,VA,17,52,23
2022-10-11,VA,17,52,23
2022-10-10,VA,17,52,23
2022-10-09,VA,17,52,23
2022-10-08,VA,17,52,23
2022-10-07,VA,17,53,23
2022-10-06,VA,16,57,20
2022-10-05,VA,17,56,20
2022-10-04,VA,17,56,20
2022-10-03,VA,17,56,20
2022-10-02,VA,17,55,20
2022-10-01,VA,17,55,20
2022-09-30,VA,17,55,20
2022-09-29,VA,17,55,20
2022-09-28,VA,16,56,20
2022-09-27,VA,16,56,20
2022-09-26,VA,17,55,20
2022-09-25,VA,17,55,20
2022-09-24,VA,17,55,20
2022-09-23,VA,17,55,20
2022-09-22,VA,17,55,20
2022-09-21,VA,17,55,20
2022-09-20,VA,17,55,20
2022-09-19,VA,17,55,20
2022-09-18,VA,17,55,20
2022-09-17,VA,17,55,20
2022-09-16,VA,17,55,20
2022-09-15,VA,17,55,20
2022-09-14,VA,17,55,20
2022-09-13,VA,17,55,20
2022-09-12,VA,17,55,20
2022-09-11,VA,17,55,20
2022-09-10,VA,17,55,20
2022-09-09,VA,16,62,20
2022-09-08,VA,17,61,20
2022-09-07,VA,17,61,20
2022-09-06,VA,17,61,20
2022-09-05,VA,17,61,20
2022-09-04,VA,17,62,20
2022-09-03,VA,17,62,20
2022-09-02,VA,17,62,20
2022-09-01,VA,17,62,20
2022-08-31,VA,17,62,20
2022-08-30,VA,17,62,20
2022-08-29,VA,17,62,20
2022-08-28,VA,17,63,20
2022-08-27,VA,17,63,20
2022-08-26,VA,17,61,22
2022-08-25,VA,17,62,21
2022-08-24,VA,17,63,20
2022-08-23,VA,17,62,20
2022-08-22,VA,18,61,20
2022-08-21,VA,18,66,20
2022-08-20,VA,18,64,22
2022-08-19,VA,18,64,22
2022-08-18,VA,18,64,22
2022-08-17,VA,19,65,20
2022-08-16,VA,18,61,20
2022-08-15,VA,17,63,20
2022-08-14,VA,17,69,20
2022-08-13,VA,17,69,20
2022-08-12,VA,18,68,20
2022-08-11,VA,18,68,20
2022-08-10,VA,18,68,20
2022-08-09,VA,18,61,20
2022-08-08,VA,17,62,20
2022-08-07,VA,16,71,20
2022-08-06,VA,17,70,20
2022-08-05,VA,18,69,20
2022-08-04,VA,18,69,20
2022-08-03,VA,17,70,20
2022-08-02,VA,17,62,20
2022-08-01,VA,17,62,20
2022-07-31,VA,16,71,20
2022-07-30,VA,17,70,20
2022-07-29,VA,17,70,20
2022-07-28,VA,18,69,20
2022-07-27,VA,17,70,20
2022-07-26,VA,18,61,20
2022-07-25,VA,18,61,20
2022-07-24,VA,18,69,20
2022-07-23,VA,18,69,20
2022-07-22,VA,19,68,20
2022-07-21,VA,19,68,20
2022-07-20,VA,19,68,20
2022-07-19,VA,17,62,20
2022-07-18,VA,18,61,20
2022-07-17,VA,19,68,20
2022-07-16,VA,17,70,20
2022-07-15,VA,19,68,20
2022-07-14,VA,19,68,20
2022-07-13,VA,19,68,20
2022-07-12,VA,18,61,20
2022-07-11,VA,17,62,20
2022-07-10,VA,17,70,20
2022-07-09,VA,17,70,20
2022-07-08,VA,18,69,20
2022-07-07,VA,18,69,20
2022-07-06,VA,18,69,20
2022-07-05,VA,17,62,20
2022-07-04,VA,17,62,20
2022-07-03,VA,17,70,20
2022-07-02,VA,17,70,20
2022-07-01,VA,18,69,20
2022-06-30,VA,18,69,20
2022-06-29,VA,17,70,20
2022-06-28,VA,18,61,20
2022-06-27,VA,17,62,20
2022-06-26,VA,17,70,20
2022-06-25,VA,17,70,20
2022-06-24,VA,19,68,20
2022-06-23,VA,19,68,20
2022-06-22,VA,19,68,20
2022-06-21,VA,18,61,20
2022-06-20,VA,18,61,20
2022-06-19,VA,18,69,20
2022-06-18,VA,18,69,20
2022-06-17,VA,19,68,20
2022-06-16,VA,19,68,20
2022-06-15,VA,19,68,20
2022-06-14,VA,18,61,20
2022-06-13,VA,18,61,20
2022-06-12,VA,18,69,20
2022-06-11,VA,17,70,20
2022-06-10,VA,19,68,20
2022-06-09,VA,19,68,20
2022-06-08,VA,18,69,20
2022-06-07,VA,18,61,20
2022-06-06,VA,17,62,20
2022-06-05,VA,18,69,20
2022-06-04,VA,18,69,20
2022-06-03,VA,19,68,20
2022-06-02,VA,20,67,20
2022-06-01,VA,20,67,20
2022-05-31,VA,18,61,20
2022-05-30,VA,18,61,20
2022-05-29,VA,18,69,20
2022-05-28,VA,18,69,20
2022-05-27,VA,19,68,20
2022-05-26,VA,19,68,20
2022-05-25,VA,19,68,20
2022-05-24,VA,18,61,20
2022-05-23,VA,18,61,20
2022-05-22,VA,17,70,20
2022-05-21,VA,17,70,20
2022-05-20,VA,16,71,20
2022-05-19,VA,18,69,20
2022-05-18,VA,18,69,20
2022-05-17,VA,18,62,20
2022-05-16,VA,16,64,20
2022-05-15,VA,18,69,20
2022-05-14,VA,18,69,20
2022-05-13,VA,19,68,20
2022-05-12,VA,18,69,20
2022-05-11,VA,17,70,20
2022-05-10,VA,16,63,20
2022-05-09,VA,17,62,20
2022-05-08,VA,18,69,20
2022-05-07,VA,18,69,20
2022-05-06,VA,17,70,20
2022-05-05,VA,17,70,20
2022-05-04,VA,17,70,20
2022-05-03,VA,17,62,20
2022-05-02,VA,18,61,20
2022-05-01,VA,17,69,20
2022-04-30,VA,17,69,20
2022-04-29,VA,17,69,20
2022-04-28,VA,17,69,20
2022-04-27,VA,18,68,20
2022-04-26,VA,18,61,20
2022-04-25,VA,16,63,20
2022-04-24,VA,17,70,20
2022-04-23,VA,17,70,20
2022-04-22,VA,17,70,20
2022-04-21,VA,17,70,20
2022-04-20,VA,18,69,20
2022-04-19,VA,18,61,20
2022-04-18,VA,17,62,20
2022-04-17,VA,17,70,20
2022-04-16,VA,17,70,20
2022-04-15,VA,16,71,20
2022-04-14,VA,18,69,20
2022-04-13,VA,17,70,20
2022-04-12,VA,18,61,20
2022-04-11,VA,16,63,20
2022-04-10,VA,17,70,20
2022-04-09,VA,17,70,20
2022-04-08,VA,16,71,20
2022-04-07,VA,17,70,20
2022-04-06,VA,18,69,20
2022-04-05,VA,18,61,20
2022-04-04,VA,18,62,20
2022-04-03,VA,18,69,20
2022-04-02,VA,18,69,20
2022-04-01,VA,16,71,20
2022-03-31,VA,18,69,20
2022-03-30,VA,18,69,20
2022-03-29,VA,17,62,20
2022-03-28,VA,16,63,20
2022-03-27,VA,18,69,20
2022-03-26,VA,18,69,20
2022-03-25,VA,18,69,20
2022-03-24,VA,17,70,20
2022-03-23,VA,17,70,20
2022-03-22,VA,18,61,20
2022-03-21,VA,17,65,19
2022-03-20,VA,17,71,19
2022-03-19,VA,18,70,19
2022-03-18,VA,17,71,19
2022-03-17,VA,18,70,19
2022-03-16,VA,18,70,19
2022-03-15,VA,19,64,19
2022-03-14,VA,18,64,19
2022-03-13,VA,20,67,19
2022-03-12,VA,19,68,19
2022-03-11,VA,19,68,19
2022-03-10,VA,18,69,19
2022-03-09,VA,19,68,19
2022-03-08,VA,19,63,19
2022-03-07,VA,19,63,19
2022-03-06,VA,19,69,19
2022-03-05,VA,20,68,19
2022-03-04,VA,19,68,20
2022-03-03,VA,21,66,20
2022-03-02,VA,21,66,20
2022-03-01,VA,21,60,20
2022-02-28,VA,19,62,20
2022-02-27,VA,20,67,20
2022-02-26,VA,20,67,20
2022-02-25,VA,19,68,20
2022-02-24,VA,19,68,20
2022-02-23,VA,18,69,20
2022-02-22,VA,21,60,20
2022-02-21,VA,20,61,20
2022-02-20,VA,21,66,20
2022-02-19,VA,21,66,20
2022-02-18,VA,20,67,20
2022-02-17,VA,21,66,20
2022-02-16,VA,21,66,20
2022-02-15,VA,21,60,20
2022-02-14,VA,20,62,20
2022-02-13,VA,22,65,20
2022-02-12,VA,22,65,20
2022-02-11,VA,22,65,20
2022-02-10,VA,20,67,20
2022-02-09,VA,21,66,20
2022-02-08,VA,23,58,20
2022-02-07,VA,22,59,20
2022-02-06,VA,23,64,20
2022-02-05,VA,23,64,20
2022-02-04,VA,23,64,20
2022-02-03,VA,23,64,20
2022-02-02,VA,23,64,20
2022-02-01,VA,23,59,20
2022-01-31,VA,25,57,20
2022-01-30,VA,25,62,20
2022-01-29,VA,25,62,20
2022-01-28,VA,25,62,20
2022-01-27,VA,25,62,20
2022-01-26,VA,26,61,20
2022-01-25,VA,24,57,20
2022-01-24,VA,24,57,20
2022-01-23,VA,26,61,20
2022-01-22,VA,26,61,20
2022-01-21,VA,25,62,20
2022-01-20,VA,26,61,20
2022-01-19,VA,26,61,20
2022-01-18,VA,24,57,20
2022-01-17,VA,23,58,20
2022-01-16,VA,26,61,20
2022-01-15,VA,26,61,20
2022-01-14,VA,26,61,20
2022-01-13,VA,27,60,20
2022-01-12,VA,26,61,20
2022-01-11,VA,22,60,20
2022-01-10,VA,24,59,20
2022-01-09,VA,24,63,20
2022-01-08,VA,21,66,20
2022-01-07,VA,22,65,20
2022-01-06,VA,24,63,20
2022-01-05,VA,23,64,20
2022-01-04,VA,21,60,20
2022-01-03,VA,22,59,20
2022-01-02,VA,22,65,20
2022-01-01,VA,22,65,20
2021-12-31,VA,22,65,20
2021-12-30,VA,21,66,20
2021-12-29,VA,23,64,20
2021-12-28,VA,21,60,20
2021-12-27,VA,20,61,20
2021-12-26,VA,20,67,20
2021-12-25,VA,19,68,20
2021-12-24,VA,20,67,20
2021-12-23,VA,20,67,20
2021-12-22,VA,20,67,20
2021-12-21,VA,20,61,20
2021-12-20,VA,19,62,20
2021-12-19,VA,21,66,20
2021-12-18,VA,21,66,20
2021-12-17,VA,20,67,20
2021-12-16,VA,21,66,20
2021-12-15,VA,21,66,20
2021-12-14,VA,19,62,20
2021-12-13,VA,20,61,20
2021-12-12,VA,20,67,20
2021-12-11,VA,20,67,20
2021-12-10,VA,21,66,20
2021-12-09,VA,21,66,20
2021-12-08,VA,20,67,20
2021-12-07,VA,21,60,20
2021-12-06,VA,19,62,20
2021-12-05,VA,21,66,20
2021-12-04,VA,20,67,20
2021-12-03,VA,21,66,20
2021-12-02,VA,21,66,20
2021-12-01,VA,21,66,20
2021-11-30,VA,20,61,20
2021-11-29,VA,20,61,20
2021-11-28,VA,20,67,20
2021-11-27,VA,20,67,20
2021-11-26,VA,19,68,20
2021-11-25,VA,20,67,20
2021-11-24,VA,19,68,20
2021-11-23,VA,19,62,20
2021-11-22,VA,20,61,20
2021-11-21,VA,20,67,20
2021-11-20,VA,20,67,20
2021-11-19,VA,19,68,20
2021-11-18,VA,18,69,20
2021-11-17,VA,18,69,20
2021-11-16,VA,21,61,20
2021-11-15,VA,21,60,20
2021-11-14,VA,22,65,20
2021-11-13,VA,22,65,20
2021-11-12,VA,22,65,20
2021-11-11,VA,21,66,20
2021-11-10,VA,21,66,20
2021-11-09,VA,21,61,20
2021-11-08,VA,20,61,20
2021-11-07,VA,20,67,20
2021-11-06,VA,22,65,20
2021-11-05,VA,21,66,20
2021-11-04,VA,22,65,20
2021-11-03,VA,18,69,20
2021-11-02,VA,20,61,20
2021-11-01,VA,21,60,20
2021-10-31,VA,22,65,20
2021-10-30,VA,22,65,20
2021-10-29,VA,21,66,20
2021-10-28,VA,22,65,20
2021-10-27,VA,22,65,20
2021-10-26,VA,19,62,20
2021-10-25,VA,20,61,20
2021-10-24,VA,21,66,20
2021-10-23,VA,21,66,20
2021-10-22,VA,20,67,20
2021-10-21,VA,19,68,20
2021-10-20,VA,21,66,20
2021-10-19,VA,21,60,20
2021-10-18,VA,21,60,20
2021-10-17,VA,22,65,20
2021-10-16,VA,22,65,20
2021-10-15,VA,21,66,20
2021-10-14,VA,19,68,20
2021-10-13,VA,22,65,20
2021-10-12,VA,22,59,20
2021-10-11,VA,21,60,20
2021-10-10,VA,20,67,20
2021-10-09,VA,20,67,20
2021-10-08,VA,22,65,20
2021-10-07,VA,22,65,20
2021-10-06,VA,20,67,20
2021-10-05,VA,21,60,20
2021-10-04,VA,19,62,20
2021-10-03,VA,21,66,20
2021-10-02,VA,22,66,19
2021-10-01,VA,21,66,20
2021-09-30,VA,21,66,20
2021-09-29,VA,21,66,20
2021-09-28,VA,21,60,20
2021-09-27,VA,22,60,20
2021-09-26,VA,22,66,20
2021-09-25,VA,23,65,20
2021-09-24,VA,23,65,20
2021-09-23,VA,23,65,20
2021-09-22,VA,23,65,20
2021-09-21,VA,21,60,20
2021-09-20,VA,20,61,20
2021-09-19,VA,23,64,20
2021-09-18,VA,23,64,20
2021-09-17,VA,21,66,20
2021-09-16,VA,21,66,20
2021-09-15,VA,21,66,20
2021-09-14,VA,21,60,20
2021-09-13,VA,22,59,20
2021-09-12,VA,22,65,20
2021-09-11,VA,23,64,20
2021-09-10,VA,23,64,20
2021-09-09,VA,23,64,20
2021-09-08,VA,24,63,20
2021-09-07,VA,22,59,20
2021-09-06,VA,22,59,20
2021-09-05,VA,21,66,20
2021-09-04,VA,22,65,20
2021-09-03,VA,22,65,20
2021-09-02,VA,21,65,20
2021-09-01,VA,22,64,20
2021-08-31,VA,20,60,20
2021-08-30,VA,20,60,20
2021-08-29,VA,21,65,20
2021-08-28,VA,20,66,20
2021-08-27,VA,20,66,20
2021-08-26,VA,20,66,20
2021-08-25,VA,21,65,20
2021-08-24,VA,19,61,20
2021-08-23,VA,19,61,20
2021-08-22,VA,19,66,20
2021-08-21,VA,19,66,20
2021-08-20,VA,19,66,20
2021-08-19,VA,18,67,20
2021-08-18,VA,18,67,20
2021-08-17,VA,17,64,20
2021-08-16,VA,17,64,20
2021-08-15,VA,18,68,20
2021-08-14,VA,18,68,20
2021-08-13,VA,19,67,20
2021-08-12,VA,17,69,20
2021-08-11,VA,17,69,20
2021-08-10,VA,17,64,20
2021-08-09,VA,17,64,20
2021-08-08,VA,18,68,20
2021-08-07,VA,18,68,20
2021-08-06,VA,17,69,20
2021-08-05,VA,17,69,20
2021-08-04,VA,16,70,20
2021-08-03,VA,18,63,20
2021-08-02,VA,19,64,20
2021-08-01,VA,19,67,20
2021-07-31,VA,19,67,20
2021-07-30,VA,18,68,20
2021-07-29,VA,19,67,20
2021-07-28,VA,17,68,20
2021-07-27,VA,17,64,20
2021-07-26,VA,17,64,20
2021-07-25,VA,18,68,20
2021-07-24,VA,19,67,20
2021-07-23,VA,17,69,20
2021-07-22,VA,17,69,20
2021-07-21,VA,18,68,20
2021-07-20,VA,17,58,20
2021-07-19,VA,17,58,20
2021-07-18,VA,16,69,20
2021-07-17,VA,16,69,20
2021-07-16,VA,17,68,20
2021-07-15,VA,17,68,20
2021-07-14,VA,17,68,20
2021-07-13,VA,17,57,20
2021-07-12,VA,17,57,20
2021-07-11,VA,19,67,20
2021-07-10,VA,19,68,19
2021-07-09,VA,19,67,20
2021-07-08,VA,18,68,20
2021-07-07,VA,18,68,20
2021-07-06,VA,16,58,20
2021-07-05,VA,18,57,20
2021-07-04,VA,18,68,20
2021-07-03,VA,18,68,20
2021-07-02,VA,17,69,20
2021-07-01,VA,17,69,20
2021-06-30,VA,17,68,20
2021-06-29,VA,17,57,20
2021-06-28,VA,17,57,20
2021-06-27,VA,17,69,20
2021-06-26,VA,18,68,20
2021-06-25,VA,17,69,20
2021-06-24,VA,17,69,20
2021-06-23,VA,17,69,20
2021-06-22,VA,17,57,20
2021-06-21,VA,17,57,20
2021-06-20,VA,18,68,20
2021-06-19,VA,18,68,20
2021-06-18,VA,18,68,20
2021-06-17,VA,16,70,20
2021-06-16,VA,17,69,20
2021-06-15,VA,17,57,20
2021-06-14,VA,24,61,9
2021-06-13,VA,26,71,9
2021-06-12,VA,26,71,9
2021-06-11,VA,25,72,9
2021-06-10,VA,25,72,9
2021-06-09,VA,23,74,9
2021-06-08,VA,22,63,9
2021-06-07,VA,22,63,9
2021-06-06,VA,23,74,9
2021-06-05,VA,24,73,9
2021-06-04,VA,23,74,9
2021-06-03,VA,22,75,9
2021-06-02,VA,23,74,9
2021-06-01,VA,21,64,9
2021-05-31,VA,20,65,9
2021-05-30,VA,21,76,9
2021-05-29,VA,20,77,9
2021-05-28,VA,21,76,9
2021-05-27,VA,21,76,9
2021-05-26,VA,22,75,9
2021-05-25,VA,22,63,9
2021-05-24,VA,22,63,9
2021-05-23,VA,21,76,9
2021-05-22,VA,21,76,9
2021-05-21,VA,22,75,9
2021-05-20,VA,22,75,9
2021-05-19,VA,23,74,9
2021-05-18,VA,22,63,9
2021-05-17,VA,21,64,9
2021-05-16,VA,21,76,9
2021-05-15,VA,21,76,9
2021-05-14,VA,22,75,9
2021-05-13,VA,21,76,9
2021-05-12,VA,22,75,9
2021-05-11,VA,21,64,9
2021-05-10,VA,21,64,9
2021-05-09,VA,21,76,9
2021-05-08,VA,21,76,9
2021-05-07,VA,22,75,9
2021-05-06,VA,22,75,9
2021-05-05,VA,22,75,9
2021-05-04,VA,21,64,9
2021-05-03,VA,20,65,9
2021-05-02,VA,20,77,9
2021-05-01,VA,20,77,9
2021-04-30,VA,20,77,9
2021-04-29,VA,21,76,9
2021-04-28,VA,22,75,9
2021-04-27,VA,23,62,9
2021-04-26,VA,23,62,9
2021-04-25,VA,23,74,9
2021-04-24,VA,23,74,9
2021-04-23,VA,23,74,9
2021-04-22,VA,24,73,9
2021-04-21,VA,24,73,9
2021-04-20,VA,23,62,9
2021-04-19,VA,23,62,9
2021-04-18,VA,24,73,9
2021-04-17,VA,24,73,9
2021-04-16,VA,23,74,9
2021-04-15,VA,22,75,9
2021-04-14,VA,22,75,9
2021-04-13,VA,19,66,9
2021-04-12,VA,19,66,9
2021-04-11,VA,19,78,9
2021-04-10,VA,20,77,9
2021-04-09,VA,19,78,9
2021-04-08,VA,20,77,9
2021-04-07,VA,19,78,9
2021-04-06,VA,20,71,9
2021-04-05,VA,21,70,9
2021-04-04,VA,21,76,9
2021-04-03,VA,21,77,9
2021-04-02,VA,21,77,9
2021-04-01,VA,21,77,9
2021-03-31,VA,23,75,9
2021-03-30,VA,22,64,9
2021-03-29,VA,23,63,9
2021-03-28,VA,23,74,9
2021-03-27,VA,22,75,9
2021-03-26,VA,23,74,9
2021-03-25,VA,23,74,9
2021-03-24,VA,24,73,9
2021-03-23,VA,24,62,9
2021-03-22,VA,24,62,9
2021-03-21,VA,22,75,9
2021-03-20,VA,22,75,9
2021-03-19,VA,23,74,9
2021-03-18,VA,23,74,9
2021-03-17,VA,23,74,9
2021-03-16,VA,23,64,9
2021-03-15,VA,23,64,9
2021-03-14,VA,22,75,9
2021-03-13,VA,23,74,9
2021-03-12,VA,23,74,9
2021-03-11,VA,22,75,9
2021-03-10,VA,22,75,9
2021-03-09,VA,22,64,9
2021-03-08,VA,22,64,9
2021-03-07,VA,23,74,9
2021-03-06,VA,23,74,9
2021-03-05,VA,23,74,9
2021-03-04,VA,20,77,9
2021-03-03,VA,20,77,9
2021-03-02,VA,20,66,9
2021-03-01,VA,20,66,9
2021-02-28,VA,20,77,9
2021-02-27,VA,20,77,9
2021-02-26,VA,20,77,9
2021-02-25,VA,20,77,9
2021-02-24,VA,20,77,9
2021-02-23,VA,20,66,9
2021-02-22,VA,20,66,9
2021-02-21,VA,21,77,9
2021-02-20,VA,21,77,9
2021-02-19,VA,21,77,9
2021-02-18,VA,23,75,9
2021-02-17,VA,22,75,10
2021-02-16,VA,24,62,9
2021-02-15,VA,23,63,9
2021-02-14,VA,22,75,9
2021-02-13,VA,23,74,9
2021-02-12,VA,22,75,9
2021-02-11,VA,22,75,9
2021-02-10,VA,23,74,9
2021-02-09,VA,21,65,9
2021-02-08,VA,23,65,8
2021-02-07,VA,23,75,8
2021-02-06,VA,24,74,8
2021-02-05,VA,22,75,9
2021-02-04,VA,22,75,9
2021-02-03,VA,22,75,9
2021-02-02,VA,22,65,8
2021-02-01,VA,22,65,8
2021-01-31,VA,22,77,8
2021-01-30,VA,22,77,8
2021-01-29,VA,22,77,8
2021-01-28,VA,24,75,8
2021-01-27,VA,22,82,3
2021-01-26,VA,24,64,8
2021-01-25,VA,23,64,8
2021-01-24,VA,26,72,8
2021-01-23,VA,27,71,8
2021-01-22,VA,28,70,8
2021-01-21,VA,31,67,8
2021-01-20,VA,31,72,3
2021-01-19,VA,32,55,8
2021-01-18,VA,38,48,8
2021-01-17,VA,36,63,8
2021-01-16,VA,37,62,8
2021-01-15,VA,36,63,8
2021-01-14,VA,36,63,8
2021-01-13,VA,35,69,3
2021-01-12,VA,37,50,8
2021-01-11,VA,33,55,8
2021-01-10,VA,34,66,8
2021-01-09,VA,35,65,8
2021-01-08,VA,34,66,8
2021-01-07,VA,34,66,8
2021-01-06,VA,31,69,8
2021-01-05,VA,33,56,8
2021-01-04,VA,32,56,8
2021-01-03,VA,34,67,7
2021-01-02,VA,33,68,7
2021-01-01,VA,33,68,7
2020-12-31,VA,31,70,7
2020-12-30,VA,31,69,8
2020-12-29,VA,32,58,8
2020-12-28,VA,33,56,8
2020-12-27,VA,34,65,8
2020-12-26,VA,34,65,8
2020-12-25,VA,34,65,8
2020-12-24,VA,34,65,8
2020-12-23,VA,34,65,8
2020-12-22,VA,34,62,8
2020-12-21,VA,34,55,8
2020-12-20,VA,36,64,8
2020-12-19,VA,36,64,8
2020-12-18,VA,36,64,8
2020-12-17,VA,36,64,8
2020-12-16,VA,36,64,8
2020-12-15,VA,35,54,8
2020-12-14,VA,37,52,8
2020-12-13,VA,39,61,8
2020-12-12,VA,39,61,8
2020-12-11,VA,39,61,8
2020-12-10,VA,40,64,4
2020-12-09,VA,40,65,3
2020-12-08,VA,38,57,3
2020-12-07,VA,38,57,3
2020-12-06,VA,36,69,3
2020-12-05,VA,36,69,3
2020-12-04,VA,36,69,3
2020-12-03,VA,36,69,3
2020-12-02,VA,36,69,3
2020-12-01,VA,37,57,3
2020-11-30,VA,36,58,3
2020-11-29,VA,37,68,3
2020-11-28,VA,37,68,3
2020-11-27,VA,37,68,3
2020-11-26,VA,37,68,3
2020-11-25,VA,37,68,3
2020-11-24,VA,37,57,3
2020-11-23,VA,38,56,3
2020-11-22,VA,41,64,3
2020-11-21,VA,41,64,3
2020-11-20,VA,41,64,3
2020-11-19,VA,41,64,3
2020-11-18,VA,41,64,3
2020-11-17,VA,39,55,3
2020-11-16,VA,40,54,3
2020-11-15,VA,41,64,3
2020-11-14,VA,41,64,3
2020-11-13,VA,42,63,3
2020-11-12,VA,42,63,3
2020-11-11,VA,42,63,3
2020-11-10,VA,40,54,3
2020-11-09,VA,38,57,3
2020-11-08,VA,39,67,3
2020-11-07,VA,39,67,3
2020-11-06,VA,39,67,3
2020-11-05,VA,37,69,3
2020-11-04,VA,38,67,3
2020-11-03,VA,40,55,4
2020-11-02,VA,38,57,4
2020-11-01,VA,37,67,4
2020-10-31,VA,39,66,4
2020-10-30,VA,40,65,4
2020-10-29,VA,39,64,3
2020-10-28,VA,39,64,3
2020-10-27,VA,39,56,3
2020-10-26,VA,39,56,3
2020-10-25,VA,42,61,4
2020-10-24,VA,40,64,4
2020-10-23,VA,40,64,4
2020-10-22,VA,39,65,4
2020-10-21,VA,39,65,4
2020-10-20,VA,40,62,3
2020-10-19,VA,41,62,3
2020-10-18,VA,37,66,3
2020-10-17,VA,37,66,3
2020-10-16,VA,37,66,3
2020-10-15,VA,38,64,3
2020-10-14,VA,37,63,3
2020-10-13,VA,39,62,3
2020-10-12,VA,38,63,3
2020-10-11,VA,38,62,3
2020-10-10,VA,38,62,3
2020-10-09,VA,38,62,3
2020-10-08,VA,38,61,3
2020-10-07,VA,36,60,3
2020-10-06,VA,31,59,9
2020-10-05,VA,22,57,20
2020-10-04,VA,22,57,20
2020-10-03,VA,22,57,20
2020-10-02,VA,22,57,20
2020-10-01,VA,22,56,20
2020-09-30,VA,22,58,20
2020-09-29,VA,22,58,20
2020-09-28,VA,22,60,20
2020-09-27,VA,21,60,21
2020-09-26,VA,21,60,21
2020-09-25,VA,22,59,20
2020-09-24,VA,22,56,23
2020-09-23,VA,21,55,24
2020-09-22,VA,21,55,24
2020-09-21,VA,20,56,24
2020-09-20,VA,19,57,24
2020-09-19,VA,20,56,24
2020-09-18,VA,20,56,24
2020-09-17,VA,20,56,24
2020-09-16,VA,20,55,25
2020-09-15,VA,21,54,25
2020-09-14,VA,21,54,26
2020-09-13,VA,20,54,27
2020-09-12,VA,19,54,28
2020-09-11,VA,20,53,27
2020-09-10,VA,19,53,28
2020-09-09,VA,18,53,28
2020-09-08,VA,18,53,28
2020-09-07,VA,17,52,29
2020-09-06,VA,17,52,30
2020-09-05,VA,17,52,30
2020-09-04,VA,17,52,30
2020-09-03,VA,18,52,26
2020-09-02,VA,16,52,27
2020-09-01,VA,16,52,27
2020-08-31,VA,16,52,27
2020-08-30,VA,15,47,28
2020-08-29,VA,15,47,28
2020-08-28,VA,16,47,27
2020-08-27,VA,15,47,27
2020-08-26,VA,15,41,31
2020-08-25,VA,15,41,31
2020-08-24,VA,15,40,32
2020-08-23,VA,15,40,32
2020-08-22,VA,15,40,32
2020-08-21,VA,12,44,31
2020-08-20,VA,12,44,31
2020-08-19,VA,12,44,32
2020-08-18,VA,12,45,32
2020-08-17,VA,13,44,29
2020-08-16,VA,12,50,29
2020-08-15,VA,12,50,30
2020-08-14,VA,13,39,39
2020-08-13,VA,14,39,39
2020-08-12,VA,14,39,39
2020-08-11,VA,14,39,39
2020-08-10,VA,14,39,38
2020-08-09,VA,14,34,39
2020-08-08,VA,13,40,39
2020-08-07,VA,14,39,39
2020-08-06,VA,14,38,39
2020-08-05,VA,14,38,39
2020-08-04,VA,13,38,40
2020-08-03,VA,13,39,40
2020-08-02,VA,12,39,41
2020-08-01,VA,12,39,41
2023-04-08,VI,1,0,0
2023-04-07,VI,1,0,0
2023-04-06,VI,2,0,0
2023-04-05,VI,2,0,0
2023-04-04,VI,2,0,0
2023-04-03,VI,2,0,0
2023-04-02,VI,2,0,0
2023-04-01,VI,2,0,0
2023-03-31,VI,2,0,0
2023-03-30,VI,2,0,0
2023-03-29,VI,2,0,0
2023-03-28,VI,2,0,0
2023-03-27,VI,2,0,0
2023-03-26,VI,2,0,0
2023-03-25,VI,2,0,0
2023-03-24,VI,2,0,0
2023-03-23,VI,2,0,0
2023-03-22,VI,2,0,0
2023-03-21,VI,2,0,0
2023-03-20,VI,2,0,0
2023-03-19,VI,2,0,0
2023-03-18,VI,2,0,0
2023-03-17,VI,2,0,0
2023-03-16,VI,2,0,0
2023-03-15,VI,2,0,0
2023-03-14,VI,2,0,0
2023-03-13,VI,2,0,0
2023-03-12,VI,2,0,0
2023-03-11,VI,2,0,0
2023-03-10,VI,1,1,0
2023-03-09,VI,2,0,0
2023-03-08,VI,2,0,0
2023-03-07,VI,2,0,0
2023-03-06,VI,2,0,0
2023-03-05,VI,2,0,0
2023-03-04,VI,2,0,0
2023-03-03,VI,2,0,0
2023-03-02,VI,2,0,0
2023-03-01,VI,2,0,0
2023-02-28,VI,2,0,0
2023-02-27,VI,2,0,0
2023-02-26,VI,2,0,0
2023-02-25,VI,2,0,0
2023-02-24,VI,2,0,0
2023-02-23,VI,2,0,0
2023-02-22,VI,2,0,0
2023-02-21,VI,2,0,0
2023-02-20,VI,2,0,0
2023-02-19,VI,2,0,0
2023-02-18,VI,2,0,0
2023-02-17,VI,2,0,0
2023-02-16,VI,2,0,0
2023-02-15,VI,2,0,0
2023-02-14,VI,2,0,0
2023-02-13,VI,2,0,0
2023-02-12,VI,2,0,0
2023-02-11,VI,2,0,0
2023-02-10,VI,2,0,0
2023-02-09,VI,2,0,0
2023-02-08,VI,2,0,0
2023-02-07,VI,2,0,0
2023-02-06,VI,2,0,0
2023-02-05,VI,2,0,0
2023-02-04,VI,2,0,0
2023-02-03,VI,2,0,0
2023-02-02,VI,2,0,0
2023-02-01,VI,2,0,0
2023-01-31,VI,2,0,0
2023-01-30,VI,2,0,0
2023-01-29,VI,2,0,0
2023-01-28,VI,2,0,0
2023-01-27,VI,2,0,0
2023-01-26,VI,2,0,0
2023-01-25,VI,2,0,0
2023-01-24,VI,2,0,0
2023-01-23,VI,2,0,0
2023-01-22,VI,2,0,0
2023-01-21,VI,2,0,0
2023-01-20,VI,2,0,0
2023-01-19,VI,2,0,0
2023-01-18,VI,2,0,0
2023-01-17,VI,1,1,0
2023-01-16,VI,2,0,0
2023-01-15,VI,2,0,0
2023-01-14,VI,2,0,0
2023-01-13,VI,2,0,0
2023-01-12,VI,2,0,0
2023-01-11,VI,2,0,0
2023-01-10,VI,2,0,0
2023-01-09,VI,2,0,0
2023-01-08,VI,2,0,0
2023-01-07,VI,2,0,0
2023-01-06,VI,2,0,0
2023-01-05,VI,2,0,0
2023-01-04,VI,2,0,0
2023-01-03,VI,2,0,0
2023-01-02,VI,2,0,0
2023-01-01,VI,2,0,0
2022-12-31,VI,2,0,0
2022-12-30,VI,2,0,0
2022-12-29,VI,2,0,0
2022-12-28,VI,2,0,0
2022-12-27,VI,2,0,0
2022-12-26,VI,1,1,0
2022-12-25,VI,1,1,0
2022-12-24,VI,2,0,0
2022-12-23,VI,2,0,0
2022-12-22,VI,2,0,0
2022-12-21,VI,2,0,0
2022-12-20,VI,2,0,0
2022-12-19,VI,2,0,0
2022-12-18,VI,2,0,0
2022-12-17,VI,2,0,0
2022-12-16,VI,1,1,0
2022-12-15,VI,1,1,0
2022-12-14,VI,1,1,0
2022-12-13,VI,2,0,0
2022-12-12,VI,2,0,0
2022-12-11,VI,2,0,0
2022-12-10,VI,2,0,0
2022-12-09,VI,2,0,0
2022-12-08,VI,2,0,0
2022-12-07,VI,2,0,0
2022-12-06,VI,2,0,0
2022-12-05,VI,2,0,0
2022-12-04,VI,2,0,0
2022-12-03,VI,2,0,0
2022-12-02,VI,2,0,0
2022-12-01,VI,2,0,0
2022-11-30,VI,2,0,0
2022-11-29,VI,2,0,0
2022-11-28,VI,2,0,0
2022-11-27,VI,2,0,0
2022-11-26,VI,1,1,0
2022-11-25,VI,2,0,0
2022-11-24,VI,2,0,0
2022-11-23,VI,2,0,0
2022-11-22,VI,2,0,0
2022-11-21,VI,2,0,0
2022-11-20,VI,2,0,0
2022-11-19,VI,2,0,0
2022-11-18,VI,2,0,0
2022-11-17,VI,2,0,0
2022-11-16,VI,2,0,0
2022-11-15,VI,2,0,0
2022-11-14,VI,2,0,0
2022-11-13,VI,2,0,0
2022-11-12,VI,2,0,0
2022-11-11,VI,2,0,0
2022-11-10,VI,2,0,0
2022-11-09,VI,2,0,0
2022-11-08,VI,2,0,0
2022-11-07,VI,2,0,0
2022-11-06,VI,2,0,0
2022-11-05,VI,2,0,0
2022-11-04,VI,1,1,0
2022-11-03,VI,2,0,0
2022-11-02,VI,2,0,0
2022-11-01,VI,2,0,0
2022-10-31,VI,2,0,0
2022-10-30,VI,2,0,0
2022-10-29,VI,2,0,0
2022-10-28,VI,2,0,0
2022-10-27,VI,2,0,0
2022-10-26,VI,2,0,0
2022-10-25,VI,2,0,0
2022-10-24,VI,2,0,0
2022-10-23,VI,2,0,0
2022-10-22,VI,2,0,0
2022-10-21,VI,2,0,0
2022-10-20,VI,2,0,0
2022-10-19,VI,2,0,0
2022-10-18,VI,2,0,0
2022-10-17,VI,2,0,0
2022-10-16,VI,1,1,0
2022-10-15,VI,2,0,0
2022-10-14,VI,2,0,0
2022-10-13,VI,1,1,0
2022-10-12,VI,1,1,0
2022-10-11,VI,2,0,0
2022-10-10,VI,2,0,0
2022-10-09,VI,2,0,0
2022-10-08,VI,2,0,0
2022-10-07,VI,2,0,0
2022-10-06,VI,2,0,0
2022-10-05,VI,2,0,0
2022-10-04,VI,2,0,0
2022-10-03,VI,2,0,0
2022-10-02,VI,2,0,0
2022-10-01,VI,2,0,0
2022-09-30,VI,2,0,0
2022-09-29,VI,1,1,0
2022-09-28,VI,2,0,0
2022-09-27,VI,2,0,0
2022-09-26,VI,2,0,0
2022-09-25,VI,2,0,0
2022-09-24,VI,2,0,0
2022-09-23,VI,2,0,0
2022-09-22,VI,2,0,0
2022-09-21,VI,2,0,0
2022-09-20,VI,1,1,0
2022-09-19,VI,2,0,0
2022-09-18,VI,2,0,0
2022-09-17,VI,2,0,0
2022-09-16,VI,2,0,0
2022-09-15,VI,2,0,0
2022-09-14,VI,2,0,0
2022-09-13,VI,2,0,0
2022-09-12,VI,2,0,0
2022-09-11,VI,2,0,0
2022-09-10,VI,2,0,0
2022-09-09,VI,2,0,0
2022-09-08,VI,2,0,0
2022-09-07,VI,2,0,0
2022-09-06,VI,1,1,0
2022-09-05,VI,2,0,0
2022-09-04,VI,2,0,0
2022-09-03,VI,2,0,0
2022-09-02,VI,2,0,0
2022-09-01,VI,2,0,0
2022-08-31,VI,2,0,0
2022-08-30,VI,2,0,0
2022-08-29,VI,2,0,0
2022-08-28,VI,2,0,0
2022-08-27,VI,2,0,0
2022-08-26,VI,2,0,0
2022-08-25,VI,2,0,0
2022-08-24,VI,2,0,0
2022-08-23,VI,1,1,0
2022-08-22,VI,2,0,0
2022-08-21,VI,2,0,0
2022-08-20,VI,2,0,0
2022-08-19,VI,2,0,0
2022-08-18,VI,2,0,0
2022-08-17,VI,2,0,0
2022-08-16,VI,2,0,0
2022-08-15,VI,2,0,0
2022-08-14,VI,2,0,0
2022-08-13,VI,2,0,0
2022-08-12,VI,2,0,0
2022-08-11,VI,1,1,0
2022-08-10,VI,2,0,0
2022-08-09,VI,2,0,0
2022-08-08,VI,2,0,0
2022-08-07,VI,2,0,0
2022-08-06,VI,2,0,0
2022-08-05,VI,2,0,0
2022-08-04,VI,2,0,0
2022-08-03,VI,2,0,0
2022-08-02,VI,2,0,0
2022-08-01,VI,2,0,0
2022-07-31,VI,2,0,0
2022-07-30,VI,2,0,0
2022-07-29,VI,2,0,0
2022-07-28,VI,2,0,0
2022-07-27,VI,1,1,0
2022-07-26,VI,1,1,0
2022-07-25,VI,2,0,0
2022-07-24,VI,2,0,0
2022-07-23,VI,2,0,0
2022-07-22,VI,2,0,0
2022-07-21,VI,2,0,0
2022-07-20,VI,2,0,0
2022-07-19,VI,1,1,0
2022-07-18,VI,2,0,0
2022-07-17,VI,1,1,0
2022-07-16,VI,2,0,0
2022-07-15,VI,2,0,0
2022-07-14,VI,2,0,0
2022-07-13,VI,1,1,0
2022-07-12,VI,2,0,0
2022-07-11,VI,2,0,0
2022-07-10,VI,2,0,0
2022-07-09,VI,1,1,0
2022-07-08,VI,2,0,0
2022-07-07,VI,2,0,0
2022-07-06,VI,2,0,0
2022-07-05,VI,2,0,0
2022-07-04,VI,2,0,0
2022-07-03,VI,2,0,0
2022-07-02,VI,1,1,0
2022-07-01,VI,2,0,0
2022-06-30,VI,2,0,0
2022-06-29,VI,0,2,0
2022-06-28,VI,2,0,0
2022-06-27,VI,2,0,0
2022-06-26,VI,2,0,0
2022-06-25,VI,2,0,0
2022-06-24,VI,2,0,0
2022-06-23,VI,2,0,0
2022-06-22,VI,2,0,0
2022-06-21,VI,0,2,0
2022-06-20,VI,2,0,0
2022-06-19,VI,2,0,0
2022-06-18,VI,2,0,0
2022-06-17,VI,2,0,0
2022-06-16,VI,2,0,0
2022-06-15,VI,2,0,0
2022-06-14,VI,1,1,0
2022-06-13,VI,2,0,0
2022-06-12,VI,2,0,0
2022-06-11,VI,2,0,0
2022-06-10,VI,2,0,0
2022-06-09,VI,2,0,0
2022-06-08,VI,2,0,0
2022-06-07,VI,2,0,0
2022-06-06,VI,2,0,0
2022-06-05,VI,2,0,0
2022-06-04,VI,2,0,0
2022-06-03,VI,2,0,0
2022-06-02,VI,2,0,0
2022-06-01,VI,2,0,0
2022-05-31,VI,2,0,0
2022-05-30,VI,2,0,0
2022-05-29,VI,1,1,0
2022-05-28,VI,2,0,0
2022-05-27,VI,2,0,0
2022-05-26,VI,2,0,0
2022-05-25,VI,2,0,0
2022-05-24,VI,2,0,0
2022-05-23,VI,1,1,0
2022-05-22,VI,1,1,0
2022-05-21,VI,2,0,0
2022-05-20,VI,2,0,0
2022-05-19,VI,2,0,0
2022-05-18,VI,2,0,0
2022-05-17,VI,2,0,0
2022-05-16,VI,2,0,0
2022-05-15,VI,2,0,0
2022-05-14,VI,2,0,0
2022-05-13,VI,2,0,0
2022-05-12,VI,2,0,0
2022-05-11,VI,2,0,0
2022-05-10,VI,2,0,0
2022-05-09,VI,2,0,0
2022-05-08,VI,1,1,0
2022-05-07,VI,2,0,0
2022-05-06,VI,2,0,0
2022-05-05,VI,2,0,0
2022-05-04,VI,2,0,0
2022-05-03,VI,2,0,0
2022-05-02,VI,2,0,0
2022-05-01,VI,2,0,0
2022-04-30,VI,2,0,0
2022-04-29,VI,2,0,0
2022-04-28,VI,1,1,0
2022-04-27,VI,2,0,0
2022-04-26,VI,2,0,0
2022-04-25,VI,2,0,0
2022-04-24,VI,2,0,0
2022-04-23,VI,2,0,0
2022-04-22,VI,2,0,0
2022-04-21,VI,2,0,0
2022-04-20,VI,2,0,0
2022-04-19,VI,2,0,0
2022-04-18,VI,2,0,0
2022-04-17,VI,2,0,0
2022-04-16,VI,2,0,0
2022-04-15,VI,2,0,0
2022-04-14,VI,2,0,0
2022-04-13,VI,2,0,0
2022-04-12,VI,2,0,0
2022-04-11,VI,2,0,0
2022-04-10,VI,2,0,0
2022-04-09,VI,2,0,0
2022-04-08,VI,2,0,0
2022-04-07,VI,2,0,0
2022-04-06,VI,2,0,0
2022-04-05,VI,2,0,0
2022-04-04,VI,2,0,0
2022-04-03,VI,2,0,0
2022-04-02,VI,2,0,0
2022-04-01,VI,2,0,0
2022-03-31,VI,2,0,0
2022-03-30,VI,2,0,0
2022-03-29,VI,1,1,0
2022-03-28,VI,1,1,0
2022-03-27,VI,1,1,0
2022-03-26,VI,1,1,0
2022-03-25,VI,2,0,0
2022-03-24,VI,2,0,0
2022-03-23,VI,2,0,0
2022-03-22,VI,2,0,0
2022-03-21,VI,1,1,0
2022-03-20,VI,2,0,0
2022-03-19,VI,2,0,0
2022-03-18,VI,2,0,0
2022-03-17,VI,2,0,0
2022-03-16,VI,2,0,0
2022-03-15,VI,2,0,0
2022-03-14,VI,2,0,0
2022-03-13,VI,2,0,0
2022-03-12,VI,2,0,0
2022-03-11,VI,2,0,0
2022-03-10,VI,2,0,0
2022-03-09,VI,2,0,0
2022-03-08,VI,2,0,0
2022-03-07,VI,2,0,0
2022-03-06,VI,2,0,0
2022-03-05,VI,2,0,0
2022-03-04,VI,2,0,0
2022-03-03,VI,1,1,0
2022-03-02,VI,2,0,0
2022-03-01,VI,2,0,0
2022-02-28,VI,2,0,0
2022-02-27,VI,2,0,0
2022-02-26,VI,2,0,0
2022-02-25,VI,2,0,0
2022-02-24,VI,2,0,0
2022-02-23,VI,2,0,0
2022-02-22,VI,2,0,0
2022-02-21,VI,2,0,0
2022-02-20,VI,2,0,0
2022-02-19,VI,2,0,0
2022-02-18,VI,2,0,0
2022-02-17,VI,2,0,0
2022-02-16,VI,2,0,0
2022-02-15,VI,2,0,0
2022-02-14,VI,2,0,0
2022-02-13,VI,2,0,0
2022-02-12,VI,2,0,0
2022-02-11,VI,2,0,0
2022-02-10,VI,2,0,0
2022-02-09,VI,2,0,0
2022-02-08,VI,2,0,0
2022-02-07,VI,2,0,0
2022-02-06,VI,2,0,0
2022-02-05,VI,2,0,0
2022-02-04,VI,2,0,0
2022-02-03,VI,2,0,0
2022-02-02,VI,2,0,0
2022-02-01,VI,2,0,0
2022-01-31,VI,2,0,0
2022-01-30,VI,2,0,0
2022-01-29,VI,2,0,0
2022-01-28,VI,2,0,0
2022-01-27,VI,2,0,0
2022-01-26,VI,2,0,0
2022-01-25,VI,2,0,0
2022-01-24,VI,2,0,0
2022-01-23,VI,2,0,0
2022-01-22,VI,2,0,0
2022-01-21,VI,2,0,0
2022-01-20,VI,2,0,0
2022-01-19,VI,1,1,0
2022-01-18,VI,2,0,0
2022-01-17,VI,2,0,0
2022-01-16,VI,2,0,0
2022-01-15,VI,2,0,0
2022-01-14,VI,2,0,0
2022-01-13,VI,2,0,0
2022-01-12,VI,2,0,0
2022-01-11,VI,2,0,0
2022-01-10,VI,2,0,0
2022-01-09,VI,1,1,0
2022-01-08,VI,2,0,0
2022-01-07,VI,2,0,0
2022-01-06,VI,2,0,0
2022-01-05,VI,2,0,0
2022-01-04,VI,2,0,0
2022-01-03,VI,2,0,0
2022-01-02,VI,2,0,0
2022-01-01,VI,2,0,0
2021-12-31,VI,2,0,0
2021-12-30,VI,2,0,0
2021-12-29,VI,2,0,0
2021-12-28,VI,2,0,0
2021-12-27,VI,2,0,0
2021-12-26,VI,2,0,0
2021-12-25,VI,2,0,0
2021-12-24,VI,2,0,0
2021-12-23,VI,2,0,0
2021-12-22,VI,2,0,0
2021-12-21,VI,2,0,0
2021-12-20,VI,2,0,0
2021-12-19,VI,2,0,0
2021-12-18,VI,2,0,0
2021-12-17,VI,2,0,0
2021-12-16,VI,1,1,0
2021-12-15,VI,2,0,0
2021-12-14,VI,2,0,0
2021-12-13,VI,2,0,0
2021-12-12,VI,2,0,0
2021-12-11,VI,2,0,0
2021-12-10,VI,2,0,0
2021-12-09,VI,2,0,0
2021-12-08,VI,2,0,0
2021-12-07,VI,2,0,0
2021-12-06,VI,2,0,0
2021-12-05,VI,2,0,0
2021-12-04,VI,2,0,0
2021-12-03,VI,2,0,0
2021-12-02,VI,2,0,0
2021-12-01,VI,2,0,0
2021-11-30,VI,2,0,0
2021-11-29,VI,2,0,0
2021-11-28,VI,2,0,0
2021-11-27,VI,2,0,0
2021-11-26,VI,2,0,0
2021-11-25,VI,1,1,0
2021-11-24,VI,2,0,0
2021-11-23,VI,2,0,0
2021-11-22,VI,2,0,0
2021-11-21,VI,2,0,0
2021-11-20,VI,2,0,0
2021-11-19,VI,2,0,0
2021-11-18,VI,2,0,0
2021-11-17,VI,2,0,0
2021-11-16,VI,2,0,0
2021-11-15,VI,1,1,0
2021-11-14,VI,1,1,0
2021-11-13,VI,2,0,0
2021-11-12,VI,2,0,0
2021-11-11,VI,2,0,0
2021-11-10,VI,2,0,0
2021-11-09,VI,2,0,0
2021-11-08,VI,2,0,0
2021-11-07,VI,2,0,0
2021-11-06,VI,2,0,0
2021-11-05,VI,2,0,0
2021-11-04,VI,2,0,0
2021-11-03,VI,2,0,0
2021-11-02,VI,2,0,0
2021-11-01,VI,2,0,0
2021-10-31,VI,2,0,0
2021-10-30,VI,1,1,0
2021-10-29,VI,2,0,0
2021-10-28,VI,1,1,0
2021-10-27,VI,2,0,0
2021-10-26,VI,2,0,0
2021-10-25,VI,2,0,0
2021-10-24,VI,2,0,0
2021-10-23,VI,2,0,0
2021-10-22,VI,2,0,0
2021-10-21,VI,2,0,0
2021-10-20,VI,2,0,0
2021-10-19,VI,1,1,0
2021-10-18,VI,2,0,0
2021-10-17,VI,2,0,0
2021-10-16,VI,2,0,0
2021-10-15,VI,2,0,0
2021-10-14,VI,2,0,0
2021-10-13,VI,2,0,0
2021-10-12,VI,2,0,0
2021-10-11,VI,1,1,0
2021-10-10,VI,2,0,0
2021-10-09,VI,2,0,0
2021-10-08,VI,2,0,0
2021-10-07,VI,2,0,0
2021-10-06,VI,2,0,0
2021-10-05,VI,2,0,0
2021-10-04,VI,2,0,0
2021-10-03,VI,2,0,0
2021-10-02,VI,2,0,0
2021-10-01,VI,2,0,0
2021-09-30,VI,2,0,0
2021-09-29,VI,2,0,0
2021-09-28,VI,2,0,0
2021-09-27,VI,2,0,0
2021-09-26,VI,2,0,0
2021-09-25,VI,2,0,0
2021-09-24,VI,2,0,0
2021-09-23,VI,2,0,0
2021-09-22,VI,2,0,0
2021-09-21,VI,2,0,0
2021-09-20,VI,2,0,0
2021-09-19,VI,2,0,0
2021-09-18,VI,2,0,0
2021-09-17,VI,2,0,0
2021-09-16,VI,2,0,0
2021-09-15,VI,2,0,0
2021-09-14,VI,2,0,0
2021-09-13,VI,2,0,0
2021-09-12,VI,2,0,0
2021-09-11,VI,2,0,0
2021-09-10,VI,2,0,0
2021-09-09,VI,2,0,0
2021-09-08,VI,2,0,0
2021-09-07,VI,2,0,0
2021-09-06,VI,2,0,0
2021-09-05,VI,2,0,0
2021-09-04,VI,2,0,0
2021-09-03,VI,2,0,0
2021-09-02,VI,2,0,0
2021-09-01,VI,2,0,0
2021-08-31,VI,2,0,0
2021-08-30,VI,2,0,0
2021-08-29,VI,2,0,0
2021-08-28,VI,2,0,0
2021-08-27,VI,2,0,0
2021-08-26,VI,1,1,0
2021-08-25,VI,2,0,0
2021-08-24,VI,2,0,0
2021-08-23,VI,1,1,0
2021-08-22,VI,2,0,0
2021-08-21,VI,2,0,0
2021-08-20,VI,2,0,0
2021-08-19,VI,2,0,0
2021-08-18,VI,2,0,0
2021-08-17,VI,2,0,0
2021-08-16,VI,2,0,0
2021-08-15,VI,2,0,0
2021-08-14,VI,2,0,0
2021-08-13,VI,2,0,0
2021-08-12,VI,2,0,0
2021-08-11,VI,2,0,0
2021-08-10,VI,2,0,0
2021-08-09,VI,2,0,0
2021-08-08,VI,2,0,0
2021-08-07,VI,2,0,0
2021-08-06,VI,2,0,0
2021-08-05,VI,2,0,0
2021-08-04,VI,2,0,0
2021-08-03,VI,2,0,0
2021-08-02,VI,2,0,0
2021-08-01,VI,2,0,0
2021-07-31,VI,2,0,0
2021-07-30,VI,2,0,0
2021-07-29,VI,1,1,0
2021-07-28,VI,1,1,0
2021-07-27,VI,1,1,0
2021-07-26,VI,2,0,0
2021-07-25,VI,1,1,0
2021-07-24,VI,2,0,0
2021-07-23,VI,2,0,0
2021-07-22,VI,2,0,0
2021-07-21,VI,2,0,0
2021-07-20,VI,1,1,0
2021-07-19,VI,2,0,0
2021-07-18,VI,2,0,0
2021-07-17,VI,2,0,0
2021-07-16,VI,2,0,0
2021-07-15,VI,2,0,0
2021-07-14,VI,2,0,0
2021-07-13,VI,2,0,0
2021-07-12,VI,2,0,0
2021-07-11,VI,2,0,0
2021-07-10,VI,2,0,0
2021-07-09,VI,2,0,0
2021-07-08,VI,2,0,0
2021-07-07,VI,2,0,0
2021-07-06,VI,2,0,0
2021-07-05,VI,2,0,0
2021-07-04,VI,2,0,0
2021-07-03,VI,2,0,0
2021-07-02,VI,2,0,0
2021-07-01,VI,2,0,0
2021-06-30,VI,2,0,0
2021-06-29,VI,1,1,0
2021-06-28,VI,2,0,0
2021-06-27,VI,2,0,0
2021-06-26,VI,2,0,0
2021-06-25,VI,2,0,0
2021-06-24,VI,2,0,0
2021-06-23,VI,2,0,0
2021-06-22,VI,2,0,0
2021-06-21,VI,2,0,0
2021-06-20,VI,2,0,0
2021-06-19,VI,2,0,0
2021-06-18,VI,2,0,0
2021-06-17,VI,2,0,0
2021-06-16,VI,2,0,0
2021-06-15,VI,2,0,0
2021-06-14,VI,2,0,0
2021-06-13,VI,2,0,0
2021-06-12,VI,2,0,0
2021-06-11,VI,2,0,0
2021-06-10,VI,2,0,0
2021-06-09,VI,2,0,0
2021-06-08,VI,2,0,0
2021-06-07,VI,2,0,0
2021-06-06,VI,2,0,0
2021-06-05,VI,1,1,0
2021-06-04,VI,2,0,0
2021-06-03,VI,2,0,0
2021-06-02,VI,2,0,0
2021-06-01,VI,2,0,0
2021-05-31,VI,2,0,0
2021-05-30,VI,2,0,0
2021-05-29,VI,2,0,0
2021-05-28,VI,2,0,0
2021-05-27,VI,2,0,0
2021-05-26,VI,2,0,0
2021-05-25,VI,2,0,0
2021-05-24,VI,2,0,0
2021-05-23,VI,2,0,0
2021-05-22,VI,2,0,0
2021-05-21,VI,2,0,0
2021-05-20,VI,2,0,0
2021-05-19,VI,2,0,0
2021-05-18,VI,2,0,0
2021-05-17,VI,2,0,0
2021-05-16,VI,2,0,0
2021-05-15,VI,2,0,0
2021-05-14,VI,2,0,0
2021-05-13,VI,2,0,0
2021-05-12,VI,2,0,0
2021-05-11,VI,2,0,0
2021-05-10,VI,2,0,0
2021-05-09,VI,2,0,0
2021-05-08,VI,2,0,0
2021-05-07,VI,1,1,0
2021-05-06,VI,2,0,0
2021-05-05,VI,2,0,0
2021-05-04,VI,2,0,0
2021-05-03,VI,2,0,0
2021-05-02,VI,2,0,0
2021-05-01,VI,2,0,0
2021-04-30,VI,2,0,0
2021-04-29,VI,2,0,0
2021-04-28,VI,2,0,0
2021-04-27,VI,2,0,0
2021-04-26,VI,2,0,0
2021-04-25,VI,2,0,0
2021-04-24,VI,2,0,0
2021-04-23,VI,2,0,0
2021-04-22,VI,2,0,0
2021-04-21,VI,2,0,0
2021-04-20,VI,1,1,0
2021-04-19,VI,2,0,0
2021-04-18,VI,2,0,0
2021-04-17,VI,2,0,0
2021-04-16,VI,2,0,0
2021-04-15,VI,2,0,0
2021-04-14,VI,2,0,0
2021-04-13,VI,2,0,0
2021-04-12,VI,2,0,0
2021-04-11,VI,2,0,0
2021-04-10,VI,1,1,0
2021-04-09,VI,2,0,0
2021-04-08,VI,2,0,0
2021-04-07,VI,2,0,0
2021-04-06,VI,2,0,0
2021-04-05,VI,2,0,0
2021-04-04,VI,2,0,0
2021-04-03,VI,2,0,0
2021-04-02,VI,1,1,0
2021-04-01,VI,1,1,0
2021-03-31,VI,2,0,0
2021-03-30,VI,1,1,0
2021-03-29,VI,2,0,0
2021-03-28,VI,2,0,0
2021-03-27,VI,2,0,0
2021-03-26,VI,2,0,0
2021-03-25,VI,2,0,0
2021-03-24,VI,2,0,0
2021-03-23,VI,2,0,0
2021-03-22,VI,2,0,0
2021-03-21,VI,2,0,0
2021-03-20,VI,2,0,0
2021-03-19,VI,2,0,0
2021-03-18,VI,2,0,0
2021-03-17,VI,2,0,0
2021-03-16,VI,2,0,0
2021-03-15,VI,2,0,0
2021-03-14,VI,2,0,0
2021-03-13,VI,2,0,0
2021-03-12,VI,2,0,0
2021-03-11,VI,2,0,0
2021-03-10,VI,2,0,0
2021-03-09,VI,2,0,0
2021-03-08,VI,2,0,0
2021-03-07,VI,2,0,0
2021-03-06,VI,2,0,0
2021-03-05,VI,2,0,0
2021-03-04,VI,2,0,0
2021-03-03,VI,2,0,0
2021-03-02,VI,2,0,0
2021-03-01,VI,2,0,0
2021-02-28,VI,2,0,0
2021-02-27,VI,2,0,0
2021-02-26,VI,2,0,0
2021-02-25,VI,2,0,0
2021-02-24,VI,2,0,0
2021-02-23,VI,2,0,0
2021-02-22,VI,2,0,0
2021-02-21,VI,2,0,0
2021-02-20,VI,2,0,0
2021-02-19,VI,2,0,0
2021-02-18,VI,2,0,0
2021-02-17,VI,2,0,0
2021-02-16,VI,2,0,0
2021-02-15,VI,2,0,0
2021-02-14,VI,2,0,0
2021-02-13,VI,2,0,0
2021-02-12,VI,2,0,0
2021-02-11,VI,2,0,0
2021-02-10,VI,2,0,0
2021-02-09,VI,2,0,0
2021-02-08,VI,2,0,0
2021-02-07,VI,2,0,0
2021-02-06,VI,2,0,0
2021-02-05,VI,2,0,0
2021-02-04,VI,2,0,0
2021-02-03,VI,2,0,0
2021-02-02,VI,2,0,0
2021-02-01,VI,2,0,0
2021-01-31,VI,2,0,0
2021-01-30,VI,2,0,0
2021-01-29,VI,2,0,0
2021-01-28,VI,2,0,0
2021-01-27,VI,2,0,0
2021-01-26,VI,2,0,0
2021-01-25,VI,2,0,0
2021-01-24,VI,2,0,0
2021-01-23,VI,2,0,0
2021-01-22,VI,2,0,0
2021-01-21,VI,2,0,0
2021-01-20,VI,2,0,0
2021-01-19,VI,2,0,0
2021-01-18,VI,2,0,0
2021-01-17,VI,2,0,0
2021-01-16,VI,2,0,0
2021-01-15,VI,2,0,0
2021-01-14,VI,2,0,0
2021-01-13,VI,2,0,0
2021-01-12,VI,2,0,0
2021-01-11,VI,2,0,0
2021-01-10,VI,2,0,0
2021-01-09,VI,2,0,0
2021-01-08,VI,2,0,0
2021-01-07,VI,2,0,0
2021-01-06,VI,2,0,0
2021-01-05,VI,2,0,0
2021-01-04,VI,2,0,0
2021-01-03,VI,2,0,0
2021-01-02,VI,2,0,0
2021-01-01,VI,2,0,0
2020-12-31,VI,2,0,0
2020-12-30,VI,2,0,0
2020-12-29,VI,2,0,0
2020-12-28,VI,2,0,0
2020-12-27,VI,2,0,0
2020-12-26,VI,2,0,0
2020-12-25,VI,2,0,0
2020-12-24,VI,2,0,0
2020-12-23,VI,2,0,0
2020-12-22,VI,2,0,0
2020-12-21,VI,2,0,0
2020-12-20,VI,2,0,0
2020-12-19,VI,2,0,0
2020-12-18,VI,2,0,0
2020-12-17,VI,2,0,0
2020-12-16,VI,2,0,0
2020-12-15,VI,2,0,0
2020-12-14,VI,2,0,0
2020-12-13,VI,2,0,0
2020-12-12,VI,2,0,0
2020-12-11,VI,2,0,0
2020-12-10,VI,2,0,0
2020-12-09,VI,2,0,0
2020-12-08,VI,2,0,0
2020-12-07,VI,2,0,0
2020-12-06,VI,2,0,0
2020-12-05,VI,2,0,0
2020-12-04,VI,2,0,0
2020-12-03,VI,2,0,0
2020-12-02,VI,2,0,0
2020-12-01,VI,2,0,0
2020-11-30,VI,2,0,0
2020-11-29,VI,2,0,0
2020-11-28,VI,2,0,0
2020-11-27,VI,2,0,0
2020-11-26,VI,2,0,0
2020-11-25,VI,2,0,0
2020-11-24,VI,2,0,0
2020-11-23,VI,2,0,0
2020-11-22,VI,2,0,0
2020-11-21,VI,2,0,0
2020-11-20,VI,2,0,0
2020-11-19,VI,2,0,0
2020-11-18,VI,2,0,0
2020-11-17,VI,2,0,0
2020-11-16,VI,2,0,0
2020-11-15,VI,2,0,0
2020-11-14,VI,2,0,0
2020-11-13,VI,2,0,0
2020-11-12,VI,2,0,0
2020-11-11,VI,2,0,0
2020-11-10,VI,2,0,0
2020-11-09,VI,2,0,0
2020-11-08,VI,2,0,0
2020-11-07,VI,2,0,0
2020-11-06,VI,2,0,0
2020-11-05,VI,2,0,0
2020-11-04,VI,2,0,0
2020-11-03,VI,2,0,0
2020-11-02,VI,2,0,0
2020-11-01,VI,2,0,0
2020-10-31,VI,2,0,0
2020-10-30,VI,2,0,0
2020-10-29,VI,2,0,0
2020-10-28,VI,2,0,0
2020-10-27,VI,2,0,0
2020-10-26,VI,2,0,0
2020-10-25,VI,2,0,0
2020-10-24,VI,2,0,0
2020-10-23,VI,2,0,0
2020-10-22,VI,2,0,0
2020-10-21,VI,2,0,0
2020-10-20,VI,2,0,0
2020-10-19,VI,2,0,0
2020-10-18,VI,2,0,0
2020-10-17,VI,2,0,0
2020-10-16,VI,2,0,0
2020-10-15,VI,2,0,0
2020-10-14,VI,2,0,0
2020-10-13,VI,2,0,0
2020-10-12,VI,2,0,0
2020-10-11,VI,2,0,0
2020-10-10,VI,2,0,0
2020-10-09,VI,2,0,0
2020-10-08,VI,2,0,0
2020-10-07,VI,2,0,0
2020-10-06,VI,2,0,0
2020-10-05,VI,2,0,0
2020-10-04,VI,2,0,0
2020-10-03,VI,2,0,0
2020-10-02,VI,2,0,0
2020-10-01,VI,2,0,0
2020-09-30,VI,2,0,0
2020-09-29,VI,2,0,0
2020-09-28,VI,2,0,0
2020-09-27,VI,2,0,0
2020-09-26,VI,2,0,0
2020-09-25,VI,2,0,0
2020-09-24,VI,2,0,0
2020-09-23,VI,2,0,0
2020-09-22,VI,2,0,0
2020-09-21,VI,2,0,0
2020-09-20,VI,2,0,0
2020-09-19,VI,2,0,0
2020-09-18,VI,2,0,0
2020-09-17,VI,2,0,0
2020-09-16,VI,1,1,0
2020-09-15,VI,1,1,0
2020-09-14,VI,1,1,0
2020-09-13,VI,1,1,0
2020-09-12,VI,1,1,0
2020-09-11,VI,1,1,0
2020-09-10,VI,1,1,0
2020-09-09,VI,1,1,0
2020-09-08,VI,1,1,0
2020-09-07,VI,1,1,0
2020-09-06,VI,1,1,0
2020-09-05,VI,1,1,0
2020-09-04,VI,1,1,0
2020-09-03,VI,1,1,0
2020-09-02,VI,1,1,0
2020-09-01,VI,1,1,0
2020-08-31,VI,1,1,0
2020-08-30,VI,1,1,0
2020-08-29,VI,1,1,0
2020-08-28,VI,1,1,0
2020-08-27,VI,1,1,0
2020-08-26,VI,1,1,0
2020-08-25,VI,1,1,0
2020-08-24,VI,1,1,0
2020-08-23,VI,1,1,0
2020-08-22,VI,1,1,0
2020-08-21,VI,1,1,0
2020-08-20,VI,1,1,0
2020-08-19,VI,1,1,0
2020-08-18,VI,1,1,0
2020-08-17,VI,1,1,0
2020-08-16,VI,1,1,0
2020-08-15,VI,1,1,0
2020-08-14,VI,1,1,0
2020-08-13,VI,1,1,0
2020-08-12,VI,1,1,0
2020-08-11,VI,1,1,0
2020-08-10,VI,1,1,0
2020-08-09,VI,1,1,0
2020-08-08,VI,1,1,0
2020-08-07,VI,1,1,0
2020-08-06,VI,1,1,0
2020-08-05,VI,1,1,0
2020-08-04,VI,1,1,0
2020-08-03,VI,1,1,0
2020-08-02,VI,1,1,0
2020-08-01,VI,1,1,0
2023-04-10,VT,3,8,0
2023-04-09,VT,3,10,0
2023-04-08,VT,3,10,0
2023-04-07,VT,3,10,0
2023-04-06,VT,3,10,1
2023-04-05,VT,3,10,1
2023-04-04,VT,3,10,1
2023-04-03,VT,2,11,1
2023-04-02,VT,3,11,1
2023-04-01,VT,3,11,1
2023-03-31,VT,3,11,1
2023-03-30,VT,3,11,1
2023-03-29,VT,3,10,2
2023-03-28,VT,4,10,1
2023-03-27,VT,5,9,1
2023-03-26,VT,5,9,1
2023-03-25,VT,4,10,1
2023-03-24,VT,3,11,1
2023-03-23,VT,3,11,1
2023-03-22,VT,3,11,1
2023-03-21,VT,2,12,1
2023-03-20,VT,3,11,1
2023-03-19,VT,3,11,1
2023-03-18,VT,3,11,1
2023-03-17,VT,3,11,1
2023-03-16,VT,3,10,2
2023-03-15,VT,4,10,1
2023-03-14,VT,3,11,1
2023-03-13,VT,3,11,1
2023-03-12,VT,3,11,1
2023-03-11,VT,3,11,1
2023-03-10,VT,3,11,1
2023-03-09,VT,3,11,1
2023-03-08,VT,3,11,1
2023-03-07,VT,3,11,1
2023-03-06,VT,4,10,1
2023-03-05,VT,4,10,1
2023-03-04,VT,4,10,1
2023-03-03,VT,4,10,1
2023-03-02,VT,4,10,1
2023-03-01,VT,4,10,1
2023-02-28,VT,4,10,1
2023-02-27,VT,4,10,1
2023-02-26,VT,4,10,1
2023-02-25,VT,4,10,1
2023-02-24,VT,3,11,1
2023-02-23,VT,4,10,1
2023-02-22,VT,4,10,1
2023-02-21,VT,4,10,1
2023-02-20,VT,4,10,1
2023-02-19,VT,4,10,1
2023-02-18,VT,4,10,1
2023-02-17,VT,5,9,1
2023-02-16,VT,6,8,1
2023-02-15,VT,6,8,1
2023-02-14,VT,4,10,1
2023-02-13,VT,4,10,1
2023-02-12,VT,3,11,1
2023-02-11,VT,4,10,1
2023-02-10,VT,4,10,1
2023-02-09,VT,4,10,1
2023-02-08,VT,4,10,1
2023-02-07,VT,4,10,1
2023-02-06,VT,4,10,1
2023-02-05,VT,4,10,1
2023-02-04,VT,4,10,1
2023-02-03,VT,4,10,1
2023-02-02,VT,4,10,1
2023-02-01,VT,4,10,1
2023-01-31,VT,4,10,1
2023-01-30,VT,4,10,1
2023-01-29,VT,3,11,1
2023-01-28,VT,3,11,1
2023-01-27,VT,3,11,1
2023-01-26,VT,4,10,1
2023-01-25,VT,5,9,1
2023-01-24,VT,5,9,1
2023-01-23,VT,4,10,1
2023-01-22,VT,5,9,1
2023-01-21,VT,5,9,1
2023-01-20,VT,5,9,1
2023-01-19,VT,5,9,1
2023-01-18,VT,4,9,2
2023-01-17,VT,5,9,1
2023-01-16,VT,4,10,1
2023-01-15,VT,5,9,1
2023-01-14,VT,5,9,1
2023-01-13,VT,5,9,1
2023-01-12,VT,5,9,1
2023-01-11,VT,5,9,1
2023-01-10,VT,5,9,1
2023-01-09,VT,5,9,1
2023-01-08,VT,6,8,1
2023-01-07,VT,4,10,1
2023-01-06,VT,4,10,1
2023-01-05,VT,4,10,1
2023-01-04,VT,5,9,1
2023-01-03,VT,6,8,1
2023-01-02,VT,6,8,1
2023-01-01,VT,5,9,1
2022-12-31,VT,6,8,0
2022-12-30,VT,5,9,0
2022-12-29,VT,6,8,1
2022-12-28,VT,6,7,2
2022-12-27,VT,6,8,1
2022-12-26,VT,5,9,1
2022-12-25,VT,4,10,1
2022-12-24,VT,6,8,1
2022-12-23,VT,5,8,2
2022-12-22,VT,5,9,1
2022-12-21,VT,4,9,2
2022-12-20,VT,3,10,2
2022-12-19,VT,4,9,2
2022-12-18,VT,4,9,2
2022-12-17,VT,4,9,2
2022-12-16,VT,4,9,2
2022-12-15,VT,4,8,3
2022-12-14,VT,3,11,1
2022-12-13,VT,4,10,1
2022-12-12,VT,4,10,1
2022-12-11,VT,3,11,1
2022-12-10,VT,3,11,1
2022-12-09,VT,3,11,1
2022-12-08,VT,3,11,1
2022-12-07,VT,3,11,1
2022-12-06,VT,3,11,1
2022-12-05,VT,4,10,1
2022-12-04,VT,4,10,1
2022-12-03,VT,3,11,1
2022-12-02,VT,3,11,1
2022-12-01,VT,4,10,1
2022-11-30,VT,4,10,1
2022-11-29,VT,4,10,1
2022-11-28,VT,4,10,1
2022-11-27,VT,3,11,1
2022-11-26,VT,3,11,1
2022-11-25,VT,4,10,1
2022-11-24,VT,3,11,1
2022-11-23,VT,3,11,1
2022-11-22,VT,4,10,1
2022-11-21,VT,4,10,1
2022-11-20,VT,4,10,1
2022-11-19,VT,4,10,1
2022-11-18,VT,4,10,1
2022-11-17,VT,4,10,1
2022-11-16,VT,4,10,1
2022-11-15,VT,4,10,1
2022-11-14,VT,4,10,1
2022-11-13,VT,5,10,1
2022-11-12,VT,5,10,1
2022-11-11,VT,4,11,1
2022-11-10,VT,5,10,1
2022-11-09,VT,4,11,1
2022-11-08,VT,3,11,1
2022-11-07,VT,2,12,1
2022-11-06,VT,3,11,1
2022-11-05,VT,2,12,1
2022-11-04,VT,3,11,1
2022-11-03,VT,2,12,1
2022-11-02,VT,3,11,1
2022-11-01,VT,2,12,1
2022-10-31,VT,4,10,1
2022-10-30,VT,4,10,1
2022-10-29,VT,4,10,1
2022-10-28,VT,3,11,1
2022-10-27,VT,3,11,1
2022-10-26,VT,3,11,1
2022-10-25,VT,4,11,1
2022-10-24,VT,3,12,1
2022-10-23,VT,3,12,1
2022-10-22,VT,4,11,1
2022-10-21,VT,3,12,1
2022-10-20,VT,5,10,1
2022-10-19,VT,6,9,1
2022-10-18,VT,4,11,1
2022-10-17,VT,3,12,1
2022-10-16,VT,4,12,1
2022-10-15,VT,4,12,1
2022-10-14,VT,4,12,1
2022-10-13,VT,4,12,1
2022-10-12,VT,4,12,1
2022-10-11,VT,5,10,1
2022-10-10,VT,5,10,1
2022-10-09,VT,4,12,1
2022-10-08,VT,4,12,1
2022-10-07,VT,3,13,1
2022-10-06,VT,3,13,1
2022-10-05,VT,4,12,1
2022-10-04,VT,4,11,1
2022-10-03,VT,4,11,1
2022-10-02,VT,4,12,1
2022-10-01,VT,3,13,1
2022-09-30,VT,5,11,1
2022-09-29,VT,5,11,1
2022-09-28,VT,5,11,1
2022-09-27,VT,5,10,1
2022-09-26,VT,3,12,1
2022-09-25,VT,3,13,1
2022-09-24,VT,3,13,1
2022-09-23,VT,4,12,1
2022-09-22,VT,4,12,1
2022-09-21,VT,3,13,1
2022-09-20,VT,5,10,1
2022-09-19,VT,5,10,1
2022-09-18,VT,5,11,1
2022-09-17,VT,5,11,1
2022-09-16,VT,4,12,1
2022-09-15,VT,4,12,1
2022-09-14,VT,5,11,1
2022-09-13,VT,3,12,1
2022-09-12,VT,3,12,1
2022-09-11,VT,3,13,1
2022-09-10,VT,3,13,1
2022-09-09,VT,4,12,1
2022-09-08,VT,4,12,1
2022-09-07,VT,5,11,1
2022-09-06,VT,4,11,1
2022-09-05,VT,4,11,1
2022-09-04,VT,4,12,1
2022-09-03,VT,4,12,1
2022-09-02,VT,6,10,1
2022-09-01,VT,5,11,1
2022-08-31,VT,5,11,1
2022-08-30,VT,5,10,1
2022-08-29,VT,3,12,1
2022-08-28,VT,4,12,1
2022-08-27,VT,5,11,1
2022-08-26,VT,3,13,1
2022-08-25,VT,4,12,1
2022-08-24,VT,5,11,1
2022-08-23,VT,4,11,1
2022-08-22,VT,5,10,1
2022-08-21,VT,5,11,1
2022-08-20,VT,5,11,1
2022-08-19,VT,5,11,1
2022-08-18,VT,5,11,1
2022-08-17,VT,6,10,1
2022-08-16,VT,5,10,1
2022-08-15,VT,5,11,1
2022-08-14,VT,4,12,1
2022-08-13,VT,5,11,1
2022-08-12,VT,6,10,1
2022-08-11,VT,5,11,1
2022-08-10,VT,5,11,1
2022-08-09,VT,5,11,1
2022-08-08,VT,5,11,1
2022-08-07,VT,5,11,1
2022-08-06,VT,6,10,1
2022-08-05,VT,5,11,1
2022-08-04,VT,4,12,1
2022-08-03,VT,5,11,1
2022-08-02,VT,4,12,1
2022-08-01,VT,6,10,1
2022-07-31,VT,6,10,1
2022-07-30,VT,6,10,1
2022-07-29,VT,5,11,1
2022-07-28,VT,5,11,1
2022-07-27,VT,6,10,1
2022-07-26,VT,5,11,1
2022-07-25,VT,4,12,1
2022-07-24,VT,5,11,1
2022-07-23,VT,5,11,1
2022-07-22,VT,7,9,1
2022-07-21,VT,5,11,1
2022-07-20,VT,4,12,1
2022-07-19,VT,4,12,1
2022-07-18,VT,4,12,1
2022-07-17,VT,5,11,1
2022-07-16,VT,5,11,1
2022-07-15,VT,4,12,1
2022-07-14,VT,5,11,1
2022-07-13,VT,5,11,1
2022-07-12,VT,5,11,1
2022-07-11,VT,5,11,1
2022-07-10,VT,4,12,1
2022-07-09,VT,5,11,1
2022-07-08,VT,5,11,1
2022-07-07,VT,6,10,1
2022-07-06,VT,6,10,1
2022-07-05,VT,6,10,1
2022-07-04,VT,4,12,1
2022-07-03,VT,5,11,1
2022-07-02,VT,5,11,1
2022-07-01,VT,6,10,1
2022-06-30,VT,6,10,1
2022-06-29,VT,6,10,1
2022-06-28,VT,5,11,1
2022-06-27,VT,8,8,1
2022-06-26,VT,6,9,2
2022-06-25,VT,7,8,2
2022-06-24,VT,5,11,1
2022-06-23,VT,6,10,1
2022-06-22,VT,8,8,1
2022-06-21,VT,8,8,1
2022-06-20,VT,8,8,1
2022-06-19,VT,8,8,1
2022-06-18,VT,8,8,1
2022-06-17,VT,8,8,1
2022-06-16,VT,8,8,1
2022-06-15,VT,10,6,1
2022-06-14,VT,11,5,1
2022-06-13,VT,10,6,1
2022-06-12,VT,10,6,1
2022-06-11,VT,10,6,1
2022-06-10,VT,10,6,1
2022-06-09,VT,8,8,1
2022-06-08,VT,8,8,1
2022-06-07,VT,10,6,1
2022-06-06,VT,10,6,1
2022-06-05,VT,10,6,1
2022-06-04,VT,10,6,1
2022-06-03,VT,10,6,1
2022-06-02,VT,10,6,1
2022-06-01,VT,10,6,1
2022-05-31,VT,10,6,1
2022-05-30,VT,10,6,1
2022-05-29,VT,10,6,1
2022-05-28,VT,10,6,1
2022-05-27,VT,10,6,1
2022-05-26,VT,10,6,1
2022-05-25,VT,9,7,1
2022-05-24,VT,9,7,1
2022-05-23,VT,10,6,1
2022-05-22,VT,10,6,1
2022-05-21,VT,10,6,1
2022-05-20,VT,10,6,1
2022-05-19,VT,9,7,1
2022-05-18,VT,9,7,1
2022-05-17,VT,10,6,1
2022-05-16,VT,10,6,1
2022-05-15,VT,10,6,1
2022-05-14,VT,11,5,1
2022-05-13,VT,11,5,1
2022-05-12,VT,11,5,1
2022-05-11,VT,11,5,1
2022-05-10,VT,11,5,1
2022-05-09,VT,11,5,1
2022-05-08,VT,10,6,1
2022-05-07,VT,10,6,1
2022-05-06,VT,10,6,1
2022-05-05,VT,10,6,1
2022-05-04,VT,10,6,1
2022-05-03,VT,10,6,1
2022-05-02,VT,10,6,1
2022-05-01,VT,10,6,1
2022-04-30,VT,10,6,1
2022-04-29,VT,10,6,1
2022-04-28,VT,10,6,1
2022-04-27,VT,10,6,1
2022-04-26,VT,10,6,1
2022-04-25,VT,10,6,1
2022-04-24,VT,10,6,1
2022-04-23,VT,10,6,1
2022-04-22,VT,10,6,1
2022-04-21,VT,10,6,1
2022-04-20,VT,10,6,1
2022-04-19,VT,10,6,1
2022-04-18,VT,10,6,1
2022-04-17,VT,10,6,1
2022-04-16,VT,10,6,1
2022-04-15,VT,10,6,1
2022-04-14,VT,10,6,1
2022-04-13,VT,10,6,1
2022-04-12,VT,9,7,1
2022-04-11,VT,9,7,1
2022-04-10,VT,9,7,1
2022-04-09,VT,9,7,1
2022-04-08,VT,9,7,1
2022-04-07,VT,10,6,1
2022-04-06,VT,10,6,1
2022-04-05,VT,9,7,1
2022-04-04,VT,8,8,1
2022-04-03,VT,8,8,1
2022-04-02,VT,8,8,1
2022-04-01,VT,8,8,1
2022-03-31,VT,9,7,1
2022-03-30,VT,9,7,1
2022-03-29,VT,9,7,1
2022-03-28,VT,9,7,1
2022-03-27,VT,9,7,1
2022-03-26,VT,9,7,1
2022-03-25,VT,9,7,1
2022-03-24,VT,10,6,1
2022-03-23,VT,10,6,1
2022-03-22,VT,10,6,1
2022-03-21,VT,9,7,1
2022-03-20,VT,8,8,1
2022-03-19,VT,8,8,1
2022-03-18,VT,8,8,1
2022-03-17,VT,8,8,1
2022-03-16,VT,8,8,1
2022-03-15,VT,9,7,1
2022-03-14,VT,9,7,1
2022-03-13,VT,9,7,1
2022-03-12,VT,9,7,1
2022-03-11,VT,9,7,1
2022-03-10,VT,9,7,1
2022-03-09,VT,9,7,1
2022-03-08,VT,9,7,1
2022-03-07,VT,10,6,1
2022-03-06,VT,10,6,1
2022-03-05,VT,10,6,1
2022-03-04,VT,10,6,1
2022-03-03,VT,10,6,1
2022-03-02,VT,10,6,1
2022-03-01,VT,10,6,1
2022-02-28,VT,10,6,1
2022-02-27,VT,10,6,1
2022-02-26,VT,10,6,1
2022-02-25,VT,10,6,1
2022-02-24,VT,10,6,1
2022-02-23,VT,11,5,1
2022-02-22,VT,11,5,1
2022-02-21,VT,11,5,1
2022-02-20,VT,11,5,1
2022-02-19,VT,11,5,1
2022-02-18,VT,11,5,1
2022-02-17,VT,11,5,1
2022-02-16,VT,11,5,1
2022-02-15,VT,11,5,1
2022-02-14,VT,11,5,1
2022-02-13,VT,11,5,1
2022-02-12,VT,11,5,1
2022-02-11,VT,11,5,1
2022-02-10,VT,11,5,1
2022-02-09,VT,11,5,1
2022-02-08,VT,11,5,1
2022-02-07,VT,11,5,1
2022-02-06,VT,11,5,1
2022-02-05,VT,12,4,1
2022-02-04,VT,12,4,1
2022-02-03,VT,12,4,1
2022-02-02,VT,13,3,1
2022-02-01,VT,13,3,1
2022-01-31,VT,13,3,1
2022-01-30,VT,11,5,1
2022-01-29,VT,11,5,1
2022-01-28,VT,12,4,1
2022-01-27,VT,12,4,1
2022-01-26,VT,12,4,1
2022-01-25,VT,12,4,1
2022-01-24,VT,12,4,1
2022-01-23,VT,12,4,1
2022-01-22,VT,12,4,1
2022-01-21,VT,12,4,1
2022-01-20,VT,13,3,1
2022-01-19,VT,12,4,1
2022-01-18,VT,12,4,1
2022-01-17,VT,13,3,1
2022-01-16,VT,13,3,1
2022-01-15,VT,13,3,1
2022-01-14,VT,13,3,1
2022-01-13,VT,13,3,1
2022-01-12,VT,11,5,1
2022-01-11,VT,11,5,1
2022-01-10,VT,11,5,1
2022-01-09,VT,11,5,1
2022-01-08,VT,11,5,1
2022-01-07,VT,10,6,1
2022-01-06,VT,10,6,1
2022-01-05,VT,11,5,1
2022-01-04,VT,11,5,1
2022-01-03,VT,12,4,1
2022-01-02,VT,10,6,1
2022-01-01,VT,10,6,1
2021-12-31,VT,10,6,1
2021-12-30,VT,10,6,1
2021-12-29,VT,10,6,1
2021-12-28,VT,10,6,1
2021-12-27,VT,10,6,1
2021-12-26,VT,9,7,1
2021-12-25,VT,9,7,1
2021-12-24,VT,10,6,1
2021-12-23,VT,10,6,1
2021-12-22,VT,10,6,1
2021-12-21,VT,10,6,1
2021-12-20,VT,10,6,1
2021-12-19,VT,10,6,1
2021-12-18,VT,10,6,1
2021-12-17,VT,10,6,1
2021-12-16,VT,10,6,1
2021-12-15,VT,9,7,1
2021-12-14,VT,9,7,1
2021-12-13,VT,9,7,1
2021-12-12,VT,9,7,1
2021-12-11,VT,10,6,1
2021-12-10,VT,9,7,1
2021-12-09,VT,9,7,1
2021-12-08,VT,9,7,1
2021-12-07,VT,9,7,1
2021-12-06,VT,9,7,1
2021-12-05,VT,8,8,1
2021-12-04,VT,8,8,1
2021-12-03,VT,8,8,1
2021-12-02,VT,8,8,1
2021-12-01,VT,8,8,1
2021-11-30,VT,8,8,1
2021-11-29,VT,8,8,1
2021-11-28,VT,8,8,1
2021-11-27,VT,8,8,1
2021-11-26,VT,8,8,1
2021-11-25,VT,8,8,1
2021-11-24,VT,8,8,1
2021-11-23,VT,8,8,1
2021-11-22,VT,8,8,1
2021-11-21,VT,8,8,1
2021-11-20,VT,8,8,1
2021-11-19,VT,8,8,1
2021-11-18,VT,8,8,1
2021-11-17,VT,8,8,1
2021-11-16,VT,8,8,1
2021-11-15,VT,8,8,1
2021-11-14,VT,8,8,1
2021-11-13,VT,8,8,1
2021-11-12,VT,8,8,1
2021-11-11,VT,8,8,1
2021-11-10,VT,7,9,1
2021-11-09,VT,8,8,1
2021-11-08,VT,8,8,1
2021-11-07,VT,7,9,1
2021-11-06,VT,7,9,1
2021-11-05,VT,7,9,1
2021-11-04,VT,7,9,1
2021-11-03,VT,8,8,1
2021-11-02,VT,8,8,1
2021-11-01,VT,8,8,1
2021-10-31,VT,8,8,1
2021-10-30,VT,8,8,1
2021-10-29,VT,8,8,1
2021-10-28,VT,8,8,1
2021-10-27,VT,8,8,1
2021-10-26,VT,8,8,1
2021-10-25,VT,7,9,1
2021-10-24,VT,7,9,1
2021-10-23,VT,7,9,1
2021-10-22,VT,7,9,1
2021-10-21,VT,6,10,1
2021-10-20,VT,6,10,1
2021-10-19,VT,6,10,1
2021-10-18,VT,6,10,1
2021-10-17,VT,5,11,1
2021-10-16,VT,5,11,1
2021-10-15,VT,5,11,1
2021-10-14,VT,5,11,1
2021-10-13,VT,5,11,1
2021-10-12,VT,5,11,1
2021-10-11,VT,4,12,1
2021-10-10,VT,4,12,1
2021-10-09,VT,4,12,1
2021-10-08,VT,3,13,1
2021-10-07,VT,4,12,1
2021-10-06,VT,4,12,1
2021-10-05,VT,4,12,1
2021-10-04,VT,3,13,1
2021-10-03,VT,3,13,1
2021-10-02,VT,3,13,1
2021-10-01,VT,3,13,1
2021-09-30,VT,3,13,1
2021-09-29,VT,3,13,1
2021-09-28,VT,3,13,1
2021-09-27,VT,3,13,1
2021-09-26,VT,2,14,1
2021-09-25,VT,2,14,1
2021-09-24,VT,2,14,1
2021-09-23,VT,2,14,1
2021-09-22,VT,2,14,1
2021-09-21,VT,2,14,1
2021-09-20,VT,2,14,1
2021-09-19,VT,2,14,1
2021-09-18,VT,2,14,1
2021-09-17,VT,1,15,1
2021-09-16,VT,1,15,1
2021-09-15,VT,1,15,1
2021-09-14,VT,1,15,1
2021-09-13,VT,1,15,1
2021-09-12,VT,2,14,1
2021-09-11,VT,2,14,1
2021-09-10,VT,2,14,1
2021-09-09,VT,2,14,1
2021-09-08,VT,2,14,1
2021-09-07,VT,2,14,1
2021-09-06,VT,1,15,1
2021-09-05,VT,1,15,1
2021-09-04,VT,2,14,1
2021-09-03,VT,2,14,1
2021-09-02,VT,2,14,1
2021-09-01,VT,2,14,1
2021-08-31,VT,2,14,1
2021-08-30,VT,2,14,1
2021-08-29,VT,2,14,1
2021-08-28,VT,2,14,1
2021-08-27,VT,1,15,1
2021-08-26,VT,1,15,1
2021-08-25,VT,1,15,1
2021-08-24,VT,1,15,1
2021-08-23,VT,1,15,1
2021-08-22,VT,1,15,1
2021-08-21,VT,1,15,1
2021-08-20,VT,1,15,1
2021-08-19,VT,1,15,1
2021-08-18,VT,1,15,1
2021-08-17,VT,1,15,1
2021-08-16,VT,1,15,1
2021-08-15,VT,1,15,1
2021-08-14,VT,1,15,1
2021-08-13,VT,1,15,1
2021-08-12,VT,1,15,1
2021-08-11,VT,1,15,1
2021-08-10,VT,1,15,1
2021-08-09,VT,1,15,1
2021-08-08,VT,1,15,1
2021-08-07,VT,1,15,1
2021-08-06,VT,1,15,1
2021-08-05,VT,1,15,1
2021-08-04,VT,1,15,1
2021-08-03,VT,1,15,1
2021-08-02,VT,1,15,1
2021-08-01,VT,1,15,1
2021-07-31,VT,1,15,1
2021-07-30,VT,1,15,1
2021-07-29,VT,1,15,1
2021-07-28,VT,1,15,1
2021-07-27,VT,1,15,1
2021-07-26,VT,1,15,1
2021-07-25,VT,1,15,1
2021-07-24,VT,1,15,1
2021-07-23,VT,1,15,1
2021-07-22,VT,1,15,1
2021-07-21,VT,1,15,1
2021-07-20,VT,1,15,1
2021-07-19,VT,1,15,1
2021-07-18,VT,1,15,1
2021-07-17,VT,1,15,1
2021-07-16,VT,1,15,1
2021-07-15,VT,1,15,1
2021-07-14,VT,1,15,1
2021-07-13,VT,1,15,1
2021-07-12,VT,1,15,1
2021-07-11,VT,1,15,1
2021-07-10,VT,1,15,1
2021-07-09,VT,1,15,1
2021-07-08,VT,1,15,1
2021-07-07,VT,1,15,1
2021-07-06,VT,1,15,1
2021-07-05,VT,1,15,1
2021-07-04,VT,1,15,1
2021-07-03,VT,1,15,1
2021-07-02,VT,1,15,1
2021-07-01,VT,1,15,1
2021-06-30,VT,1,15,1
2021-06-29,VT,1,15,1
2021-06-28,VT,1,15,1
2021-06-27,VT,1,15,1
2021-06-26,VT,1,15,1
2021-06-25,VT,1,15,1
2021-06-24,VT,1,15,1
2021-06-23,VT,1,15,1
2021-06-22,VT,1,15,1
2021-06-21,VT,1,15,1
2021-06-20,VT,1,15,1
2021-06-19,VT,1,15,1
2021-06-18,VT,1,15,1
2021-06-17,VT,1,15,1
2021-06-16,VT,1,15,1
2021-06-15,VT,1,15,1
2021-06-14,VT,1,15,1
2021-06-13,VT,1,15,1
2021-06-12,VT,1,15,1
2021-06-11,VT,1,15,1
2021-06-10,VT,1,15,1
2021-06-09,VT,1,15,1
2021-06-08,VT,1,15,1
2021-06-07,VT,1,15,1
2021-06-06,VT,1,15,1
2021-06-05,VT,1,15,1
2021-06-04,VT,1,15,1
2021-06-03,VT,1,15,1
2021-06-02,VT,1,15,1
2021-06-01,VT,1,15,1
2021-05-31,VT,1,15,1
2021-05-30,VT,1,15,1
2021-05-29,VT,1,15,1
2021-05-28,VT,1,15,1
2021-05-27,VT,1,15,1
2021-05-26,VT,1,15,1
2021-05-25,VT,1,15,1
2021-05-24,VT,1,15,1
2021-05-23,VT,1,15,1
2021-05-22,VT,1,15,1
2021-05-21,VT,1,15,1
2021-05-20,VT,1,15,1
2021-05-19,VT,1,15,1
2021-05-18,VT,1,15,1
2021-05-17,VT,1,15,1
2021-05-16,VT,1,15,1
2021-05-15,VT,1,15,1
2021-05-14,VT,1,15,1
2021-05-13,VT,1,15,1
2021-05-12,VT,1,15,1
2021-05-11,VT,1,15,1
2021-05-10,VT,1,15,1
2021-05-09,VT,1,15,1
2021-05-08,VT,1,15,1
2021-05-07,VT,1,15,1
2021-05-06,VT,1,15,1
2021-05-05,VT,1,15,1
2021-05-04,VT,1,15,1
2021-05-03,VT,1,15,1
2021-05-02,VT,1,15,1
2021-05-01,VT,1,15,1
2021-04-30,VT,1,15,1
2021-04-29,VT,1,15,1
2021-04-28,VT,1,15,1
2021-04-27,VT,1,15,1
2021-04-26,VT,1,15,1
2021-04-25,VT,1,15,1
2021-04-24,VT,1,15,1
2021-04-23,VT,1,15,1
2021-04-22,VT,1,15,1
2021-04-21,VT,1,15,1
2021-04-20,VT,1,15,1
2021-04-19,VT,1,15,1
2021-04-18,VT,1,15,1
2021-04-17,VT,1,15,1
2021-04-16,VT,1,15,1
2021-04-15,VT,1,15,1
2021-04-14,VT,1,15,1
2021-04-13,VT,1,15,1
2021-04-12,VT,1,15,1
2021-04-11,VT,1,15,1
2021-04-10,VT,1,15,1
2021-04-09,VT,1,15,1
2021-04-08,VT,1,15,1
2021-04-07,VT,1,15,1
2021-04-06,VT,1,15,1
2021-04-05,VT,1,15,1
2021-04-04,VT,1,15,1
2021-04-03,VT,1,15,1
2021-04-02,VT,1,15,1
2021-04-01,VT,1,15,1
2021-03-31,VT,1,15,1
2021-03-30,VT,1,15,1
2021-03-29,VT,1,15,1
2021-03-28,VT,1,15,1
2021-03-27,VT,1,15,1
2021-03-26,VT,1,15,1
2021-03-25,VT,1,15,1
2021-03-24,VT,1,15,1
2021-03-23,VT,1,15,1
2021-03-22,VT,1,15,1
2021-03-21,VT,1,15,1
2021-03-20,VT,1,15,1
2021-03-19,VT,1,15,1
2021-03-18,VT,1,15,1
2021-03-17,VT,1,15,1
2021-03-16,VT,1,15,1
2021-03-15,VT,1,15,1
2021-03-14,VT,1,15,1
2021-03-13,VT,1,15,1
2021-03-12,VT,1,15,1
2021-03-11,VT,1,15,1
2021-03-10,VT,1,15,1
2021-03-09,VT,1,15,1
2021-03-08,VT,2,14,1
2021-03-07,VT,2,14,1
2021-03-06,VT,2,14,1
2021-03-05,VT,2,14,1
2021-03-04,VT,2,14,1
2021-03-03,VT,2,14,1
2021-03-02,VT,2,14,1
2021-03-01,VT,2,14,1
2021-02-28,VT,2,14,1
2021-02-27,VT,2,14,1
2021-02-26,VT,2,14,1
2021-02-25,VT,2,14,1
2021-02-24,VT,2,14,1
2021-02-23,VT,2,14,1
2021-02-22,VT,2,14,1
2021-02-21,VT,2,14,1
2021-02-20,VT,2,14,1
2021-02-19,VT,2,14,1
2021-02-18,VT,2,14,1
2021-02-17,VT,2,14,1
2021-02-16,VT,2,14,1
2021-02-15,VT,2,14,1
2021-02-14,VT,2,14,1
2021-02-13,VT,2,14,1
2021-02-12,VT,2,14,1
2021-02-11,VT,2,14,1
2021-02-10,VT,2,14,1
2021-02-09,VT,2,14,1
2021-02-08,VT,2,14,1
2021-02-07,VT,2,14,1
2021-02-06,VT,2,14,1
2021-02-05,VT,2,14,1
2021-02-04,VT,2,14,1
2021-02-03,VT,2,14,1
2021-02-02,VT,2,14,1
2021-02-01,VT,2,14,1
2021-01-31,VT,2,14,1
2021-01-30,VT,2,14,1
2021-01-29,VT,2,14,1
2021-01-28,VT,2,14,1
2021-01-27,VT,1,15,1
2021-01-26,VT,1,15,1
2021-01-25,VT,1,15,1
2021-01-24,VT,1,15,1
2021-01-23,VT,1,15,1
2021-01-22,VT,1,15,1
2021-01-21,VT,1,15,1
2021-01-20,VT,1,15,1
2021-01-19,VT,1,15,1
2021-01-18,VT,1,15,1
2021-01-17,VT,1,15,1
2021-01-16,VT,1,15,1
2021-01-15,VT,1,15,1
2021-01-14,VT,1,15,1
2021-01-13,VT,1,15,1
2021-01-12,VT,1,15,1
2021-01-11,VT,1,15,1
2021-01-10,VT,1,15,1
2021-01-09,VT,1,15,1
2021-01-08,VT,1,15,1
2021-01-07,VT,1,15,1
2021-01-06,VT,1,15,1
2021-01-05,VT,1,15,1
2021-01-04,VT,1,15,1
2021-01-03,VT,1,15,1
2021-01-02,VT,1,15,1
2021-01-01,VT,1,15,1
2020-12-31,VT,1,15,1
2020-12-30,VT,1,15,1
2020-12-29,VT,1,15,1
2020-12-28,VT,1,15,1
2020-12-27,VT,1,15,1
2020-12-26,VT,1,15,1
2020-12-25,VT,1,15,1
2020-12-24,VT,1,15,1
2020-12-23,VT,1,15,1
2020-12-22,VT,1,15,1
2020-12-21,VT,1,15,1
2020-12-20,VT,1,15,1
2020-12-19,VT,1,15,1
2020-12-18,VT,0,16,1
2020-12-17,VT,0,16,1
2020-12-16,VT,0,16,1
2020-12-15,VT,1,15,1
2020-12-14,VT,1,15,1
2020-12-13,VT,1,15,1
2020-12-12,VT,1,15,1
2020-12-11,VT,1,15,1
2020-12-10,VT,1,15,1
2020-12-09,VT,1,15,1
2020-12-08,VT,1,15,1
2020-12-07,VT,1,15,1
2020-12-06,VT,1,15,1
2020-12-05,VT,1,15,1
2020-12-04,VT,1,15,1
2020-12-03,VT,0,16,1
2020-12-02,VT,0,16,1
2020-12-01,VT,1,15,1
2020-11-30,VT,1,15,1
2020-11-29,VT,1,15,1
2020-11-28,VT,1,15,1
2020-11-27,VT,1,15,1
2020-11-26,VT,1,15,1
2020-11-25,VT,1,15,1
2020-11-24,VT,1,15,1
2020-11-23,VT,1,14,1
2020-11-22,VT,1,14,1
2020-11-21,VT,1,14,1
2020-11-20,VT,1,14,1
2020-11-19,VT,1,14,1
2020-11-18,VT,1,14,1
2020-11-17,VT,1,14,1
2020-11-16,VT,1,14,1
2020-11-15,VT,1,14,1
2020-11-14,VT,1,14,1
2020-11-13,VT,1,14,1
2020-11-12,VT,1,14,1
2020-11-11,VT,1,14,1
2020-11-10,VT,1,14,1
2020-11-09,VT,1,14,1
2020-11-08,VT,1,14,1
2020-11-07,VT,1,14,1
2020-11-06,VT,1,14,1
2020-11-05,VT,1,14,1
2020-11-04,VT,1,14,1
2020-11-03,VT,1,14,1
2020-11-02,VT,1,14,1
2020-11-01,VT,1,15,1
2020-10-31,VT,1,15,1
2020-10-30,VT,1,15,1
2020-10-29,VT,1,15,1
2020-10-28,VT,1,15,1
2020-10-27,VT,1,15,1
2020-10-26,VT,1,15,1
2020-10-25,VT,1,15,1
2020-10-24,VT,1,15,1
2020-10-23,VT,1,15,1
2020-10-22,VT,2,14,1
2020-10-21,VT,2,14,1
2020-10-20,VT,1,15,1
2020-10-19,VT,1,15,1
2020-10-18,VT,1,15,1
2020-10-17,VT,1,15,1
2020-10-16,VT,1,15,1
2020-10-15,VT,1,15,1
2020-10-14,VT,1,15,1
2020-10-13,VT,1,15,1
2020-10-12,VT,1,15,1
2020-10-11,VT,1,15,1
2020-10-10,VT,1,15,1
2020-10-09,VT,1,15,1
2020-10-08,VT,1,15,1
2020-10-07,VT,1,15,1
2020-10-06,VT,1,15,1
2020-10-05,VT,1,15,1
2020-10-04,VT,1,15,1
2020-10-03,VT,1,15,1
2020-10-02,VT,1,15,1
2020-10-01,VT,1,15,1
2020-09-30,VT,1,15,1
2020-09-29,VT,1,15,1
2020-09-28,VT,1,15,1
2020-09-27,VT,1,15,1
2020-09-26,VT,1,15,1
2020-09-25,VT,1,15,1
2020-09-24,VT,1,15,1
2020-09-23,VT,1,15,1
2020-09-22,VT,1,15,1
2020-09-21,VT,1,15,1
2020-09-20,VT,1,15,1
2020-09-19,VT,1,15,1
2020-09-18,VT,1,15,1
2020-09-17,VT,1,15,1
2020-09-16,VT,1,15,1
2020-09-15,VT,1,15,1
2020-09-14,VT,1,15,1
2020-09-13,VT,1,15,1
2020-09-12,VT,1,15,1
2020-09-11,VT,1,15,1
2020-09-10,VT,1,15,1
2020-09-09,VT,1,15,1
2020-09-08,VT,1,15,1
2020-09-07,VT,1,15,1
2020-09-06,VT,1,15,1
2020-09-05,VT,1,15,1
2020-09-04,VT,1,15,1
2020-09-03,VT,1,15,1
2020-09-02,VT,1,15,1
2020-09-01,VT,1,11,4
2020-08-31,VT,1,11,3
2020-08-30,VT,1,10,3
2020-08-29,VT,1,10,3
2020-08-28,VT,1,11,3
2020-08-27,VT,1,11,3
2020-08-26,VT,1,11,3
2020-08-25,VT,1,11,3
2020-08-24,VT,1,12,3
2020-08-23,VT,1,12,3
2020-08-22,VT,1,12,3
2020-08-21,VT,1,12,3
2020-08-20,VT,1,12,3
2020-08-19,VT,1,12,3
2020-08-18,VT,1,12,3
2020-08-17,VT,1,12,2
2020-08-16,VT,1,12,2
2020-08-15,VT,1,12,2
2020-08-14,VT,1,12,2
2020-08-13,VT,1,12,2
2020-08-12,VT,1,12,2
2020-08-11,VT,1,12,2
2020-08-10,VT,1,12,2
2020-08-09,VT,1,11,3
2020-08-08,VT,1,11,3
2020-08-07,VT,1,11,3
2020-08-06,VT,1,11,3
2020-08-05,VT,1,11,3
2020-08-04,VT,1,11,3
2020-08-03,VT,1,11,3
2020-08-02,VT,1,11,3
2020-08-01,VT,1,11,3
2023-04-10,WA,1,36,40
2023-04-09,WA,1,37,53
2023-04-08,WA,1,37,53
2023-04-07,WA,1,38,53
2023-04-06,WA,0,38,56
2023-04-05,WA,1,37,57
2023-04-04,WA,1,36,57
2023-04-03,WA,1,36,57
2023-04-02,WA,1,37,57
2023-04-01,WA,1,38,56
2023-03-31,WA,0,40,55
2023-03-30,WA,1,37,57
2023-03-29,WA,1,37,57
2023-03-28,WA,0,37,57
2023-03-27,WA,0,38,56
2023-03-26,WA,0,38,57
2023-03-25,WA,1,37,57
2023-03-24,WA,1,38,56
2023-03-23,WA,1,38,56
2023-03-22,WA,1,37,57
2023-03-21,WA,1,36,57
2023-03-20,WA,1,37,56
2023-03-19,WA,1,37,57
2023-03-18,WA,1,38,56
2023-03-17,WA,1,39,55
2023-03-16,WA,1,38,56
2023-03-15,WA,1,37,57
2023-03-14,WA,1,36,57
2023-03-13,WA,1,37,56
2023-03-12,WA,1,37,57
2023-03-11,WA,1,37,57
2023-03-10,WA,1,39,55
2023-03-09,WA,0,38,57
2023-03-08,WA,1,38,56
2023-03-07,WA,1,37,56
2023-03-06,WA,1,37,56
2023-03-05,WA,1,37,57
2023-03-04,WA,1,37,57
2023-03-03,WA,2,38,55
2023-03-02,WA,2,38,55
2023-03-01,WA,2,36,57
2023-02-28,WA,1,36,57
2023-02-27,WA,1,38,55
2023-02-26,WA,1,37,57
2023-02-25,WA,2,36,57
2023-02-24,WA,2,37,56
2023-02-23,WA,2,37,56
2023-02-22,WA,2,37,56
2023-02-21,WA,2,36,56
2023-02-20,WA,2,38,54
2023-02-19,WA,2,38,55
2023-02-18,WA,2,37,56
2023-02-17,WA,2,38,55
2023-02-16,WA,2,36,57
2023-02-15,WA,2,36,57
2023-02-14,WA,2,35,57
2023-02-13,WA,2,37,55
2023-02-12,WA,2,36,57
2023-02-11,WA,1,36,58
2023-02-10,WA,2,38,55
2023-02-09,WA,2,36,57
2023-02-08,WA,2,36,57
2023-02-07,WA,2,35,57
2023-02-06,WA,2,36,56
2023-02-05,WA,2,38,57
2023-02-04,WA,2,39,56
2023-02-03,WA,2,41,54
2023-02-02,WA,2,39,56
2023-02-01,WA,2,38,57
2023-01-31,WA,2,35,57
2023-01-30,WA,2,37,55
2023-01-29,WA,2,37,56
2023-01-28,WA,2,37,56
2023-01-27,WA,2,38,55
2023-01-26,WA,2,36,57
2023-01-25,WA,2,38,55
2023-01-24,WA,1,35,57
2023-01-23,WA,2,35,56
2023-01-22,WA,2,35,57
2023-01-21,WA,2,35,57
2023-01-20,WA,2,37,55
2023-01-19,WA,2,35,57
2023-01-18,WA,2,36,57
2023-01-17,WA,3,34,57
2023-01-16,WA,2,36,56
2023-01-15,WA,2,36,57
2023-01-14,WA,2,36,57
2023-01-13,WA,2,37,56
2023-01-12,WA,2,36,57
2023-01-11,WA,2,36,57
2023-01-10,WA,2,35,57
2023-01-09,WA,2,35,57
2023-01-08,WA,2,36,57
2023-01-07,WA,2,37,56
2023-01-06,WA,2,37,56
2023-01-05,WA,2,36,57
2023-01-04,WA,2,36,57
2023-01-03,WA,2,35,57
2023-01-02,WA,2,37,56
2023-01-01,WA,2,36,57
2022-12-31,WA,2,36,56
2022-12-30,WA,2,37,55
2022-12-29,WA,2,36,57
2022-12-28,WA,2,35,57
2022-12-27,WA,2,35,57
2022-12-26,WA,2,37,56
2022-12-25,WA,2,37,57
2022-12-24,WA,2,38,56
2022-12-23,WA,2,39,55
2022-12-22,WA,2,38,56
2022-12-21,WA,2,37,56
2022-12-20,WA,2,35,57
2022-12-19,WA,2,38,55
2022-12-18,WA,1,40,56
2022-12-17,WA,1,39,57
2022-12-16,WA,2,41,54
2022-12-15,WA,2,40,55
2022-12-14,WA,2,40,52
2022-12-13,WA,2,40,54
2022-12-12,WA,2,41,53
2022-12-11,WA,2,41,52
2022-12-10,WA,2,42,52
2022-12-09,WA,2,41,53
2022-12-08,WA,2,43,50
2022-12-07,WA,2,41,52
2022-12-06,WA,3,40,52
2022-12-05,WA,3,41,52
2022-12-04,WA,3,40,53
2022-12-03,WA,3,42,51
2022-12-02,WA,3,44,49
2022-12-01,WA,3,43,50
2022-11-30,WA,3,43,50
2022-11-29,WA,3,44,49
2022-11-28,WA,3,43,50
2022-11-27,WA,3,42,50
2022-11-26,WA,3,43,49
2022-11-25,WA,2,43,50
2022-11-24,WA,2,45,48
2022-11-23,WA,2,41,51
2022-11-22,WA,2,42,51
2022-11-21,WA,2,45,49
2022-11-20,WA,2,43,51
2022-11-19,WA,2,43,51
2022-11-18,WA,2,45,49
2022-11-17,WA,2,47,47
2022-11-16,WA,2,44,49
2022-11-15,WA,2,44,49
2022-11-14,WA,2,44,50
2022-11-13,WA,2,44,50
2022-11-12,WA,2,45,49
2022-11-11,WA,3,43,50
2022-11-10,WA,3,44,49
2022-11-09,WA,3,42,50
2022-11-08,WA,3,43,49
2022-11-07,WA,2,44,49
2022-11-06,WA,2,45,49
2022-11-05,WA,2,46,48
2022-11-04,WA,3,44,49
2022-11-03,WA,3,44,49
2022-11-02,WA,2,46,48
2022-11-01,WA,2,44,49
2022-10-31,WA,3,44,48
2022-10-30,WA,3,45,49
2022-10-29,WA,3,45,49
2022-10-28,WA,3,45,49
2022-10-27,WA,3,47,47
2022-10-26,WA,3,45,49
2022-10-25,WA,3,43,50
2022-10-24,WA,3,43,50
2022-10-23,WA,3,43,50
2022-10-22,WA,3,43,50
2022-10-21,WA,2,44,50
2022-10-20,WA,3,43,49
2022-10-19,WA,3,44,48
2022-10-18,WA,3,44,49
2022-10-17,WA,2,45,50
2022-10-16,WA,2,45,50
2022-10-15,WA,2,45,50
2022-10-14,WA,3,46,49
2022-10-13,WA,3,44,50
2022-10-12,WA,3,43,50
2022-10-11,WA,3,44,50
2022-10-10,WA,3,46,49
2022-10-09,WA,3,46,50
2022-10-08,WA,3,47,49
2022-10-07,WA,3,46,50
2022-10-06,WA,3,48,47
2022-10-05,WA,3,44,50
2022-10-04,WA,3,42,50
2022-10-03,WA,2,43,50
2022-10-02,WA,2,44,50
2022-10-01,WA,2,44,50
2022-09-30,WA,3,45,48
2022-09-29,WA,3,44,49
2022-09-28,WA,2,44,50
2022-09-27,WA,2,43,50
2022-09-26,WA,2,44,49
2022-09-25,WA,2,45,50
2022-09-24,WA,2,45,50
2022-09-23,WA,2,47,48
2022-09-22,WA,2,48,47
2022-09-21,WA,2,46,49
2022-09-20,WA,2,44,49
2022-09-19,WA,2,44,49
2022-09-18,WA,2,47,48
2022-09-17,WA,2,46,49
2022-09-16,WA,2,47,48
2022-09-15,WA,2,48,47
2022-09-14,WA,2,46,49
2022-09-13,WA,1,43,50
2022-09-12,WA,2,43,50
2022-09-11,WA,2,47,48
2022-09-10,WA,2,47,48
2022-09-09,WA,2,46,49
2022-09-08,WA,2,49,46
2022-09-07,WA,2,47,48
2022-09-06,WA,2,43,50
2022-09-05,WA,2,45,48
2022-09-04,WA,2,47,48
2022-09-03,WA,2,49,46
2022-09-02,WA,2,48,47
2022-09-01,WA,2,48,47
2022-08-31,WA,2,46,49
2022-08-30,WA,2,43,50
2022-08-29,WA,2,44,49
2022-08-28,WA,2,48,47
2022-08-27,WA,2,47,48
2022-08-26,WA,2,48,48
2022-08-25,WA,2,50,46
2022-08-24,WA,2,57,39
2022-08-23,WA,2,45,49
2022-08-22,WA,2,45,49
2022-08-21,WA,2,56,46
2022-08-20,WA,2,55,47
2022-08-19,WA,2,53,49
2022-08-18,WA,3,55,46
2022-08-17,WA,3,52,49
2022-08-16,WA,3,43,49
2022-08-15,WA,3,43,49
2022-08-14,WA,2,56,47
2022-08-13,WA,2,56,47
2022-08-12,WA,2,55,48
2022-08-11,WA,2,56,47
2022-08-10,WA,3,54,48
2022-08-09,WA,3,44,48
2022-08-08,WA,3,44,48
2022-08-07,WA,3,56,46
2022-08-06,WA,3,57,45
2022-08-05,WA,4,54,47
2022-08-04,WA,4,55,46
2022-08-03,WA,3,65,37
2022-08-02,WA,4,45,46
2022-08-01,WA,3,45,47
2022-07-31,WA,3,57,45
2022-07-30,WA,3,57,45
2022-07-29,WA,3,56,46
2022-07-28,WA,3,56,46
2022-07-27,WA,3,63,39
2022-07-26,WA,3,44,48
2022-07-25,WA,3,76,16
2022-07-24,WA,3,98,4
2022-07-23,WA,3,99,3
2022-07-22,WA,3,100,2
2022-07-21,WA,3,100,2
2022-07-20,WA,3,100,2
2022-07-19,WA,3,90,2
2022-07-18,WA,3,90,2
2022-07-17,WA,3,100,2
2022-07-16,WA,3,100,2
2022-07-15,WA,3,100,2
2022-07-14,WA,3,100,2
2022-07-13,WA,2,101,2
2022-07-12,WA,2,91,2
2022-07-11,WA,2,91,2
2022-07-10,WA,2,101,2
2022-07-09,WA,2,101,2
2022-07-08,WA,2,101,2
2022-07-07,WA,2,101,2
2022-07-06,WA,2,101,2
2022-07-05,WA,2,91,2
2022-07-04,WA,3,91,2
2022-07-03,WA,2,101,2
2022-07-02,WA,2,101,2
2022-07-01,WA,2,101,2
2022-06-30,WA,1,101,3
2022-06-29,WA,1,102,2
2022-06-28,WA,1,92,2
2022-06-27,WA,1,92,2
2022-06-26,WA,1,102,2
2022-06-25,WA,1,102,2
2022-06-24,WA,1,102,2
2022-06-23,WA,1,102,2
2022-06-22,WA,1,102,2
2022-06-21,WA,2,91,2
2022-06-20,WA,1,92,2
2022-06-19,WA,1,101,2
2022-06-18,WA,1,101,2
2022-06-17,WA,1,101,2
2022-06-16,WA,1,101,2
2022-06-15,WA,1,101,2
2022-06-14,WA,1,92,2
2022-06-13,WA,1,92,2
2022-06-12,WA,1,102,2
2022-06-11,WA,1,102,2
2022-06-10,WA,2,101,2
2022-06-09,WA,2,101,2
2022-06-08,WA,3,100,2
2022-06-07,WA,1,92,2
2022-06-06,WA,0,93,2
2022-06-05,WA,1,102,2
2022-06-04,WA,1,102,2
2022-06-03,WA,1,102,2
2022-06-02,WA,1,101,3
2022-06-01,WA,2,101,2
2022-05-31,WA,1,92,2
2022-05-30,WA,1,92,2
2022-05-29,WA,1,102,2
2022-05-28,WA,1,102,2
2022-05-27,WA,1,102,2
2022-05-26,WA,1,102,2
2022-05-25,WA,2,101,2
2022-05-24,WA,2,91,2
2022-05-23,WA,2,91,2
2022-05-22,WA,2,101,2
2022-05-21,WA,2,101,2
2022-05-20,WA,2,101,2
2022-05-19,WA,2,101,2
2022-05-18,WA,2,101,2
2022-05-17,WA,7,86,2
2022-05-16,WA,3,90,2
2022-05-15,WA,9,94,2
2022-05-14,WA,4,99,2
2022-05-13,WA,4,99,2
2022-05-12,WA,9,94,2
2022-05-11,WA,9,94,2
2022-05-10,WA,9,84,2
2022-05-09,WA,8,85,2
2022-05-08,WA,10,93,2
2022-05-07,WA,9,94,2
2022-05-06,WA,9,94,2
2022-05-05,WA,9,94,2
2022-05-04,WA,9,94,2
2022-05-03,WA,6,87,2
2022-05-02,WA,9,84,2
2022-05-01,WA,8,95,2
2022-04-30,WA,6,97,2
2022-04-29,WA,8,95,2
2022-04-28,WA,9,94,2
2022-04-27,WA,7,96,2
2022-04-26,WA,7,86,2
2022-04-25,WA,10,83,2
2022-04-24,WA,9,94,2
2022-04-23,WA,10,93,2
2022-04-22,WA,9,94,2
2022-04-21,WA,9,94,2
2022-04-20,WA,10,93,2
2022-04-19,WA,10,83,2
2022-04-18,WA,10,83,2
2022-04-17,WA,7,96,2
2022-04-16,WA,8,95,2
2022-04-15,WA,7,96,2
2022-04-14,WA,7,96,2
2022-04-13,WA,8,95,2
2022-04-12,WA,6,87,2
2022-04-11,WA,7,86,2
2022-04-10,WA,8,95,2
2022-04-09,WA,5,98,2
2022-04-08,WA,11,92,2
2022-04-07,WA,10,93,2
2022-04-06,WA,12,91,2
2022-04-05,WA,10,83,2
2022-04-04,WA,11,81,3
2022-04-03,WA,8,94,2
2022-04-02,WA,9,92,3
2022-04-01,WA,8,94,2
2022-03-31,WA,6,96,2
2022-03-30,WA,10,92,2
2022-03-29,WA,9,84,2
2022-03-28,WA,9,84,2
2022-03-27,WA,9,93,2
2022-03-26,WA,9,93,2
2022-03-25,WA,10,91,3
2022-03-24,WA,11,90,3
2022-03-23,WA,9,92,3
2022-03-22,WA,12,80,3
2022-03-21,WA,6,86,3
2022-03-20,WA,8,93,3
2022-03-19,WA,7,94,3
2022-03-18,WA,9,92,3
2022-03-17,WA,9,92,3
2022-03-16,WA,11,90,3
2022-03-15,WA,10,82,3
2022-03-14,WA,9,83,3
2022-03-13,WA,11,91,3
2022-03-12,WA,12,90,3
2022-03-11,WA,12,89,4
2022-03-10,WA,8,94,3
2022-03-09,WA,13,89,3
2022-03-08,WA,14,78,3
2022-03-07,WA,14,78,3
2022-03-06,WA,14,88,3
2022-03-05,WA,13,89,3
2022-03-04,WA,12,90,3
2022-03-03,WA,15,87,3
2022-03-02,WA,15,87,3
2022-03-01,WA,15,78,2
2022-02-28,WA,15,77,3
2022-02-27,WA,17,85,3
2022-02-26,WA,17,85,3
2022-02-25,WA,20,82,3
2022-02-24,WA,19,83,3
2022-02-23,WA,19,84,2
2022-02-22,WA,19,74,2
2022-02-21,WA,17,76,2
2022-02-20,WA,17,86,2
2022-02-19,WA,17,86,2
2022-02-18,WA,21,82,2
2022-02-17,WA,19,84,2
2022-02-16,WA,19,84,2
2022-02-15,WA,20,73,2
2022-02-14,WA,20,73,2
2022-02-13,WA,21,82,2
2022-02-12,WA,20,82,3
2022-02-11,WA,20,82,3
2022-02-10,WA,20,83,2
2022-02-09,WA,22,81,2
2022-02-08,WA,21,72,2
2022-02-07,WA,20,73,2
2022-02-06,WA,19,84,2
2022-02-05,WA,17,86,2
2022-02-04,WA,20,83,2
2022-02-03,WA,20,83,2
2022-02-02,WA,21,82,2
2022-02-01,WA,20,73,2
2022-01-31,WA,23,70,2
2022-01-30,WA,21,82,2
2022-01-29,WA,22,81,2
2022-01-28,WA,21,82,2
2022-01-27,WA,21,82,2
2022-01-26,WA,21,82,2
2022-01-25,WA,24,69,2
2022-01-24,WA,23,70,2
2022-01-23,WA,20,82,2
2022-01-22,WA,23,79,2
2022-01-21,WA,21,80,3
2022-01-20,WA,21,80,3
2022-01-19,WA,21,80,3
2022-01-18,WA,23,68,3
2022-01-17,WA,22,69,3
2022-01-16,WA,21,81,3
2022-01-15,WA,21,81,3
2022-01-14,WA,21,82,2
2022-01-13,WA,16,87,2
2022-01-12,WA,19,84,2
2022-01-11,WA,25,67,2
2022-01-10,WA,23,68,3
2022-01-09,WA,20,81,4
2022-01-08,WA,22,79,4
2022-01-07,WA,24,77,4
2022-01-06,WA,21,80,4
2022-01-05,WA,21,80,4
2022-01-04,WA,19,71,4
2022-01-03,WA,18,72,4
2022-01-02,WA,16,85,4
2022-01-01,WA,15,86,4
2021-12-31,WA,18,84,3
2021-12-30,WA,19,82,4
2021-12-29,WA,17,84,4
2021-12-28,WA,16,75,4
2021-12-27,WA,19,71,4
2021-12-26,WA,17,84,4
2021-12-25,WA,16,85,4
2021-12-24,WA,14,87,4
2021-12-23,WA,18,83,4
2021-12-22,WA,14,87,4
2021-12-21,WA,18,72,4
2021-12-20,WA,18,72,4
2021-12-19,WA,17,84,4
2021-12-18,WA,18,83,4
2021-12-17,WA,17,85,3
2021-12-16,WA,17,85,3
2021-12-15,WA,17,85,3
2021-12-14,WA,18,73,3
2021-12-13,WA,19,72,3
2021-12-12,WA,13,89,3
2021-12-11,WA,14,88,3
2021-12-10,WA,17,85,3
2021-12-09,WA,17,85,3
2021-12-08,WA,17,84,4
2021-12-07,WA,14,76,4
2021-12-06,WA,16,74,4
2021-12-05,WA,15,86,4
2021-12-04,WA,17,84,4
2021-12-03,WA,17,84,4
2021-12-02,WA,17,84,4
2021-12-01,WA,15,86,4
2021-11-30,WA,18,72,4
2021-11-29,WA,19,71,4
2021-11-28,WA,17,84,4
2021-11-27,WA,16,85,4
2021-11-26,WA,16,85,4
2021-11-25,WA,16,84,5
2021-11-24,WA,17,84,4
2021-11-23,WA,16,74,4
2021-11-22,WA,16,74,4
2021-11-21,WA,18,81,6
2021-11-20,WA,18,83,4
2021-11-19,WA,19,82,4
2021-11-18,WA,18,84,4
2021-11-17,WA,17,85,4
2021-11-16,WA,19,72,4
2021-11-15,WA,19,72,4
2021-11-14,WA,15,87,4
2021-11-13,WA,15,87,4
2021-11-12,WA,18,83,4
2021-11-11,WA,18,83,4
2021-11-10,WA,19,82,4
2021-11-09,WA,20,70,4
2021-11-08,WA,18,72,4
2021-11-07,WA,18,83,4
2021-11-06,WA,19,82,4
2021-11-05,WA,19,82,4
2021-11-04,WA,20,81,4
2021-11-03,WA,21,80,4
2021-11-02,WA,23,69,4
2021-11-01,WA,22,70,4
2021-10-31,WA,21,80,4
2021-10-30,WA,20,81,4
2021-10-29,WA,21,80,4
2021-10-28,WA,19,82,4
2021-10-27,WA,20,81,4
2021-10-26,WA,21,69,4
2021-10-25,WA,21,69,4
2021-10-24,WA,22,79,4
2021-10-23,WA,20,81,4
2021-10-22,WA,21,80,4
2021-10-21,WA,21,80,4
2021-10-20,WA,21,80,4
2021-10-19,WA,21,69,4
2021-10-18,WA,21,69,4
2021-10-17,WA,19,82,4
2021-10-16,WA,18,83,4
2021-10-15,WA,22,79,4
2021-10-14,WA,21,80,4
2021-10-13,WA,20,81,4
2021-10-12,WA,22,69,4
2021-10-11,WA,23,68,4
2021-10-10,WA,21,80,4
2021-10-09,WA,20,81,4
2021-10-08,WA,19,82,4
2021-10-07,WA,18,82,4
2021-10-06,WA,20,81,3
2021-10-05,WA,23,67,4
2021-10-04,WA,22,68,4
2021-10-03,WA,20,81,4
2021-10-02,WA,16,85,4
2021-10-01,WA,22,79,4
2021-09-30,WA,20,80,5
2021-09-29,WA,21,80,4
2021-09-28,WA,20,70,4
2021-09-27,WA,19,71,4
2021-09-26,WA,19,82,4
2021-09-25,WA,21,80,4
2021-09-24,WA,20,81,4
2021-09-23,WA,16,85,4
2021-09-22,WA,17,85,3
2021-09-21,WA,16,74,4
2021-09-20,WA,15,75,4
2021-09-19,WA,15,86,4
2021-09-18,WA,15,86,4
2021-09-17,WA,18,82,5
2021-09-16,WA,17,85,3
2021-09-15,WA,18,85,2
2021-09-14,WA,21,71,2
2021-09-13,WA,19,73,2
2021-09-12,WA,20,83,2
2021-09-11,WA,20,83,2
2021-09-10,WA,21,82,2
2021-09-09,WA,20,83,2
2021-09-08,WA,19,84,2
2021-09-07,WA,23,69,2
2021-09-06,WA,16,76,2
2021-09-05,WA,14,89,2
2021-09-04,WA,16,87,2
2021-09-03,WA,22,81,2
2021-09-02,WA,22,81,2
2021-09-01,WA,19,84,2
2021-08-31,WA,19,73,2
2021-08-30,WA,19,74,2
2021-08-29,WA,21,82,2
2021-08-28,WA,22,81,2
2021-08-27,WA,20,83,2
2021-08-26,WA,17,86,2
2021-08-25,WA,17,86,2
2021-08-24,WA,19,73,2
2021-08-23,WA,18,74,2
2021-08-22,WA,17,86,2
2021-08-21,WA,17,86,2
2021-08-20,WA,15,88,2
2021-08-19,WA,15,88,2
2021-08-18,WA,14,89,2
2021-08-17,WA,15,77,2
2021-08-16,WA,14,78,2
2021-08-15,WA,15,88,2
2021-08-14,WA,16,87,2
2021-08-13,WA,19,84,2
2021-08-12,WA,16,87,2
2021-08-11,WA,14,89,2
2021-08-10,WA,11,83,2
2021-08-09,WA,14,79,2
2021-08-08,WA,13,90,2
2021-08-07,WA,16,87,2
2021-08-06,WA,11,92,2
2021-08-05,WA,13,90,2
2021-08-04,WA,12,91,2
2021-08-03,WA,12,80,2
2021-08-02,WA,10,82,2
2021-08-01,WA,9,94,2
2021-07-31,WA,10,93,2
2021-07-30,WA,11,92,2
2021-07-29,WA,12,91,2
2021-07-28,WA,12,91,2
2021-07-27,WA,10,82,2
2021-07-26,WA,10,82,2
2021-07-25,WA,11,92,2
2021-07-24,WA,11,92,2
2021-07-23,WA,13,90,2
2021-07-22,WA,13,90,2
2021-07-21,WA,14,89,2
2021-07-20,WA,10,82,2
2021-07-19,WA,9,83,2
2021-07-18,WA,9,94,2
2021-07-17,WA,10,93,2
2021-07-16,WA,9,94,2
2021-07-15,WA,8,95,2
2021-07-14,WA,10,93,2
2021-07-13,WA,10,83,2
2021-07-12,WA,9,84,2
2021-07-11,WA,9,94,2
2021-07-10,WA,8,95,2
2021-07-09,WA,7,96,2
2021-07-08,WA,7,95,2
2021-07-07,WA,8,94,2
2021-07-06,WA,7,85,2
2021-07-05,WA,7,85,2
2021-07-04,WA,6,97,2
2021-07-03,WA,8,95,2
2021-07-02,WA,11,92,2
2021-07-01,WA,9,94,2
2021-06-30,WA,9,94,2
2021-06-29,WA,11,81,2
2021-06-28,WA,8,84,2
2021-06-27,WA,12,91,2
2021-06-26,WA,9,94,2
2021-06-25,WA,8,95,2
2021-06-24,WA,8,95,2
2021-06-23,WA,12,91,2
2021-06-22,WA,8,84,2
2021-06-21,WA,9,83,2
2021-06-20,WA,9,94,2
2021-06-19,WA,8,95,2
2021-06-18,WA,11,92,2
2021-06-17,WA,6,97,2
2021-06-16,WA,9,94,2
2021-06-15,WA,9,84,2
2021-06-14,WA,4,88,2
2021-06-13,WA,8,95,2
2021-06-12,WA,9,94,2
2021-06-11,WA,5,98,2
2021-06-10,WA,6,96,2
2021-06-09,WA,7,95,2
2021-06-08,WA,7,84,2
2021-06-07,WA,5,86,2
2021-06-06,WA,7,95,2
2021-06-05,WA,7,95,2
2021-06-04,WA,9,93,2
2021-06-03,WA,11,91,2
2021-06-02,WA,8,94,2
2021-06-01,WA,8,83,2
2021-05-31,WA,6,86,2
2021-05-30,WA,6,96,2
2021-05-29,WA,5,97,2
2021-05-28,WA,7,95,2
2021-05-27,WA,9,93,2
2021-05-26,WA,9,92,2
2021-05-25,WA,7,84,2
2021-05-24,WA,8,83,2
2021-05-23,WA,10,92,2
2021-05-22,WA,11,91,2
2021-05-21,WA,13,89,2
2021-05-20,WA,12,90,2
2021-05-19,WA,11,91,2
2021-05-18,WA,12,79,2
2021-05-17,WA,9,82,2
2021-05-16,WA,9,93,2
2021-05-15,WA,7,95,2
2021-05-14,WA,7,95,2
2021-05-13,WA,10,92,2
2021-05-12,WA,8,94,2
2021-05-11,WA,7,84,2
2021-05-10,WA,8,83,2
2021-05-09,WA,11,92,2
2021-05-08,WA,10,93,2
2021-05-07,WA,10,93,2
2021-05-06,WA,10,93,2
2021-05-05,WA,9,94,2
2021-05-04,WA,9,83,2
2021-05-03,WA,9,83,2
2021-05-02,WA,8,95,2
2021-05-01,WA,11,92,2
2021-04-30,WA,9,94,2
2021-04-29,WA,11,92,2
2021-04-28,WA,9,94,2
2021-04-27,WA,9,84,2
2021-04-26,WA,10,83,2
2021-04-25,WA,7,96,2
2021-04-24,WA,7,96,2
2021-04-23,WA,11,92,2
2021-04-22,WA,9,94,2
2021-04-21,WA,8,95,2
2021-04-20,WA,9,83,2
2021-04-19,WA,6,86,2
2021-04-18,WA,8,95,2
2021-04-17,WA,8,95,2
2021-04-16,WA,10,93,2
2021-04-15,WA,11,92,2
2021-04-14,WA,11,92,2
2021-04-13,WA,7,86,2
2021-04-12,WA,8,86,2
2021-04-11,WA,7,96,2
2021-04-10,WA,10,93,2
2021-04-09,WA,8,95,2
2021-04-08,WA,9,94,2
2021-04-07,WA,8,95,2
2021-04-06,WA,9,84,2
2021-04-05,WA,10,83,2
2021-04-04,WA,7,96,2
2021-04-03,WA,8,95,2
2021-04-02,WA,10,93,2
2021-04-01,WA,10,93,2
2021-03-31,WA,10,93,2
2021-03-30,WA,9,84,2
2021-03-29,WA,9,84,2
2021-03-28,WA,5,98,2
2021-03-27,WA,4,99,2
2021-03-26,WA,5,98,2
2021-03-25,WA,8,95,2
2021-03-24,WA,5,98,2
2021-03-23,WA,5,88,2
2021-03-22,WA,3,90,2
2021-03-21,WA,9,94,2
2021-03-20,WA,8,95,2
2021-03-19,WA,8,95,2
2021-03-18,WA,6,97,2
2021-03-17,WA,6,97,2
2021-03-16,WA,6,87,2
2021-03-15,WA,3,90,2
2021-03-14,WA,7,95,2
2021-03-13,WA,9,93,2
2021-03-12,WA,7,95,2
2021-03-11,WA,7,95,2
2021-03-10,WA,7,95,2
2021-03-09,WA,10,83,2
2021-03-08,WA,8,85,2
2021-03-07,WA,9,94,2
2021-03-06,WA,7,96,2
2021-03-05,WA,7,96,2
2021-03-04,WA,11,92,2
2021-03-03,WA,11,92,2
2021-03-02,WA,9,84,2
2021-03-01,WA,9,84,2
2021-02-28,WA,10,93,2
2021-02-27,WA,8,95,2
2021-02-26,WA,7,96,2
2021-02-25,WA,7,96,2
2021-02-24,WA,6,97,2
2021-02-23,WA,4,89,2
2021-02-22,WA,4,89,2
2021-02-21,WA,8,95,2
2021-02-20,WA,8,95,2
2021-02-19,WA,5,98,2
2021-02-18,WA,8,95,2
2021-02-17,WA,10,93,2
2021-02-16,WA,10,83,2
2021-02-15,WA,6,87,2
2021-02-14,WA,12,91,2
2021-02-13,WA,11,92,2
2021-02-12,WA,10,93,2
2021-02-11,WA,6,97,2
2021-02-10,WA,8,95,2
2021-02-09,WA,9,84,2
2021-02-08,WA,10,83,2
2021-02-07,WA,9,94,2
2021-02-06,WA,8,95,2
2021-02-05,WA,10,93,2
2021-02-04,WA,9,94,2
2021-02-03,WA,8,95,2
2021-02-02,WA,8,85,2
2021-02-01,WA,6,87,2
2021-01-31,WA,10,93,2
2021-01-30,WA,12,91,2
2021-01-29,WA,8,95,2
2021-01-28,WA,9,94,2
2021-01-27,WA,10,93,2
2021-01-26,WA,6,87,2
2021-01-25,WA,10,83,2
2021-01-24,WA,12,91,2
2021-01-23,WA,11,92,2
2021-01-22,WA,13,90,2
2021-01-21,WA,13,90,2
2021-01-20,WA,8,95,2
2021-01-19,WA,9,85,2
2021-01-18,WA,10,85,2
2021-01-17,WA,12,91,2
2021-01-16,WA,11,92,2
2021-01-15,WA,10,93,2
2021-01-14,WA,10,93,2
2021-01-13,WA,11,92,2
2021-01-12,WA,9,84,2
2021-01-11,WA,12,82,2
2021-01-10,WA,16,87,2
2021-01-09,WA,12,91,2
2021-01-08,WA,11,92,2
2021-01-07,WA,13,90,2
2021-01-06,WA,11,91,2
2021-01-05,WA,11,82,2
2021-01-04,WA,13,80,2
2021-01-03,WA,13,90,2
2021-01-02,WA,12,91,2
2021-01-01,WA,14,89,2
2020-12-31,WA,12,91,2
2020-12-30,WA,13,90,2
2020-12-29,WA,14,78,3
2020-12-28,WA,21,71,3
2020-12-27,WA,26,77,2
2020-12-26,WA,23,80,2
2020-12-25,WA,23,80,2
2020-12-24,WA,25,78,2
2020-12-23,WA,25,78,2
2020-12-22,WA,20,73,2
2020-12-21,WA,20,73,2
2020-12-20,WA,22,81,2
2020-12-19,WA,22,81,2
2020-12-18,WA,21,82,2
2020-12-17,WA,21,82,2
2020-12-16,WA,20,83,2
2020-12-15,WA,18,75,2
2020-12-14,WA,19,74,2
2020-12-13,WA,20,83,2
2020-12-12,WA,20,83,2
2020-12-11,WA,19,84,2
2020-12-10,WA,19,84,2
2020-12-09,WA,22,81,2
2020-12-08,WA,22,73,2
2020-12-07,WA,20,74,2
2020-12-06,WA,23,81,2
2020-12-05,WA,24,80,2
2020-12-04,WA,24,80,2
2020-12-03,WA,20,84,2
2020-12-02,WA,25,79,2
2020-12-01,WA,20,78,2
2020-11-30,WA,22,75,2
2020-11-29,WA,21,82,2
2020-11-28,WA,21,82,2
2020-11-27,WA,20,83,2
2020-11-26,WA,21,81,2
2020-11-25,WA,20,82,2
2020-11-24,WA,20,77,2
2020-11-23,WA,21,74,2
2020-11-22,WA,20,83,2
2020-11-21,WA,21,82,2
2020-11-20,WA,15,88,2
2020-11-19,WA,16,87,2
2020-11-18,WA,15,87,2
2020-11-17,WA,15,79,2
2020-11-16,WA,17,79,2
2020-11-15,WA,15,88,2
2020-11-14,WA,14,89,2
2020-11-13,WA,14,89,2
2020-11-12,WA,19,84,2
2020-11-11,WA,16,86,2
2020-11-10,WA,15,80,2
2020-11-09,WA,16,78,2
2020-11-08,WA,17,86,2
2020-11-07,WA,16,87,2
2020-11-06,WA,16,87,2
2020-11-05,WA,17,86,2
2020-11-04,WA,15,87,2
2020-11-03,WA,18,77,3
2020-11-02,WA,18,78,3
2020-11-01,WA,17,81,5
2020-10-31,WA,20,78,5
2020-10-30,WA,18,80,6
2020-10-29,WA,20,76,6
2020-10-28,WA,18,76,6
2020-10-27,WA,18,73,5
2020-10-26,WA,17,76,6
2020-10-25,WA,16,79,5
2020-10-24,WA,17,80,5
2020-10-23,WA,16,81,5
2020-10-22,WA,16,68,18
2020-10-21,WA,16,66,18
2020-10-20,WA,17,65,18
2020-10-19,WA,17,64,18
2020-10-18,WA,17,68,18
2020-10-17,WA,19,66,18
2020-10-16,WA,17,68,18
2020-10-15,WA,19,66,18
2020-10-14,WA,18,67,18
2020-10-13,WA,19,63,18
2020-10-12,WA,17,66,18
2020-10-11,WA,17,65,19
2020-10-10,WA,17,64,20
2020-10-09,WA,16,66,19
2020-10-08,WA,16,65,20
2020-10-07,WA,14,66,21
2020-10-06,WA,16,64,21
2020-10-05,WA,19,61,21
2020-10-04,WA,16,62,22
2020-10-03,WA,16,63,21
2020-10-02,WA,15,64,21
2020-10-01,WA,16,63,21
2020-09-30,WA,15,64,21
2020-09-29,WA,13,66,21
2020-09-28,WA,15,64,21
2020-09-27,WA,15,65,21
2020-09-26,WA,16,63,22
2020-09-25,WA,16,64,21
2020-09-24,WA,16,64,21
2020-09-23,WA,16,64,21
2020-09-22,WA,17,63,21
2020-09-21,WA,16,64,21
2020-09-20,WA,15,65,20
2020-09-19,WA,16,64,20
2020-09-18,WA,15,65,20
2020-09-17,WA,17,61,22
2020-09-16,WA,16,62,22
2020-09-15,WA,18,60,22
2020-09-14,WA,16,61,22
2020-09-13,WA,18,60,22
2020-09-12,WA,17,62,21
2020-09-11,WA,16,63,21
2020-09-10,WA,13,66,21
2020-09-09,WA,13,65,21
2020-09-08,WA,14,63,21
2020-09-07,WA,15,63,20
2020-09-06,WA,16,63,20
2020-09-05,WA,15,64,20
2020-09-04,WA,18,61,20
2020-09-03,WA,18,60,21
2020-09-02,WA,20,58,21
2020-09-01,WA,18,60,21
2020-08-31,WA,17,61,21
2020-08-30,WA,17,61,21
2020-08-29,WA,17,61,21
2020-08-28,WA,17,61,21
2020-08-27,WA,19,59,21
2020-08-26,WA,20,58,21
2020-08-25,WA,18,60,21
2020-08-24,WA,19,59,8
2020-08-23,WA,16,61,8
2020-08-22,WA,19,58,8
2020-08-21,WA,17,61,8
2020-08-20,WA,18,60,8
2020-08-19,WA,18,60,8
2020-08-18,WA,19,59,8
2020-08-17,WA,18,60,6
2020-08-16,WA,18,60,18
2020-08-15,WA,21,57,18
2020-08-14,WA,17,61,19
2020-08-13,WA,18,60,19
2020-08-12,WA,15,63,19
2020-08-11,WA,14,64,19
2020-08-10,WA,17,60,19
2020-08-09,WA,17,60,19
2020-08-08,WA,14,63,19
2020-08-07,WA,15,62,19
2020-08-06,WA,16,60,20
2020-08-05,WA,16,59,20
2020-08-04,WA,17,59,20
2020-08-03,WA,15,61,20
2020-08-02,WA,14,63,18
2020-08-01,WA,14,63,18
2023-04-10,WI,12,89,21
2023-04-09,WI,15,93,28
2023-04-08,WI,14,94,28
2023-04-07,WI,15,93,28
2023-04-06,WI,16,92,31
2023-04-05,WI,16,92,31
2023-04-04,WI,17,89,31
2023-04-03,WI,17,90,31
2023-04-02,WI,15,92,31
2023-04-01,WI,15,86,37
2023-03-31,WI,17,90,31
2023-03-30,WI,14,93,31
2023-03-29,WI,19,88,31
2023-03-28,WI,16,90,31
2023-03-27,WI,16,91,31
2023-03-26,WI,17,92,31
2023-03-25,WI,15,94,31
2023-03-24,WI,15,94,31
2023-03-23,WI,16,93,31
2023-03-22,WI,16,93,31
2023-03-21,WI,17,90,31
2023-03-20,WI,17,90,31
2023-03-19,WI,13,88,38
2023-03-18,WI,14,94,32
2023-03-17,WI,14,95,31
2023-03-16,WI,16,93,31
2023-03-15,WI,18,90,31
2023-03-14,WI,14,93,31
2023-03-13,WI,15,92,31
2023-03-12,WI,17,91,31
2023-03-11,WI,15,86,38
2023-03-10,WI,17,91,31
2023-03-09,WI,19,89,31
2023-03-08,WI,20,85,34
2023-03-07,WI,16,88,34
2023-03-06,WI,14,90,34
2023-03-05,WI,14,87,39
2023-03-04,WI,15,94,31
2023-03-03,WI,16,93,31
2023-03-02,WI,17,92,31
2023-03-01,WI,20,89,31
2023-02-28,WI,18,89,31
2023-02-27,WI,15,91,31
2023-02-26,WI,15,87,38
2023-02-25,WI,16,93,31
2023-02-24,WI,16,93,31
2023-02-23,WI,16,86,38
2023-02-22,WI,17,85,38
2023-02-21,WI,17,82,38
2023-02-20,WI,17,90,31
2023-02-19,WI,14,88,38
2023-02-18,WI,14,88,38
2023-02-17,WI,14,95,31
2023-02-16,WI,14,95,31
2023-02-15,WI,20,88,31
2023-02-14,WI,15,85,38
2023-02-13,WI,15,92,31
2023-02-12,WI,16,86,38
2023-02-11,WI,13,89,38
2023-02-10,WI,18,91,31
2023-02-09,WI,16,93,31
2023-02-08,WI,22,87,31
2023-02-07,WI,19,87,32
2023-02-06,WI,16,90,32
2023-02-05,WI,19,81,39
2023-02-04,WI,19,83,37
2023-02-03,WI,21,87,31
2023-02-02,WI,19,89,31
2023-02-01,WI,22,79,38
2023-01-31,WI,20,79,38
2023-01-30,WI,20,80,38
2023-01-29,WI,20,82,38
2023-01-28,WI,20,82,38
2023-01-27,WI,19,83,38
2023-01-26,WI,20,82,38
2023-01-25,WI,20,83,37
2023-01-24,WI,19,81,38
2023-01-23,WI,19,81,38
2023-01-22,WI,16,85,38
2023-01-21,WI,16,85,38
2023-01-20,WI,19,82,38
2023-01-19,WI,18,83,38
2023-01-18,WI,18,83,38
2023-01-17,WI,19,102,17
2023-01-16,WI,18,95,24
2023-01-15,WI,20,95,24
2023-01-14,WI,17,98,24
2023-01-13,WI,18,98,23
2023-01-12,WI,21,87,31
2023-01-11,WI,17,97,25
2023-01-10,WI,19,95,24
2023-01-09,WI,19,95,24
2023-01-08,WI,19,96,24
2023-01-07,WI,18,97,24
2023-01-06,WI,18,97,24
2023-01-05,WI,19,96,24
2023-01-04,WI,17,98,24
2023-01-03,WI,19,94,24
2023-01-02,WI,19,95,23
2023-01-01,WI,19,97,24
2022-12-31,WI,18,98,22
2022-12-30,WI,20,98,15
2022-12-29,WI,19,100,17
2022-12-28,WI,23,96,17
2022-12-27,WI,17,99,17
2022-12-26,WI,18,103,17
2022-12-25,WI,17,105,17
2022-12-24,WI,19,103,17
2022-12-23,WI,18,104,17
2022-12-22,WI,20,102,17
2022-12-21,WI,20,101,17
2022-12-20,WI,21,99,17
2022-12-19,WI,22,99,17
2022-12-18,WI,21,106,17
2022-12-17,WI,19,107,17
2022-12-16,WI,16,111,17
2022-12-15,WI,18,109,17
2022-12-14,WI,19,93,31
2022-12-13,WI,20,91,31
2022-12-12,WI,22,89,31
2022-12-11,WI,21,90,31
2022-12-10,WI,21,90,31
2022-12-09,WI,21,90,31
2022-12-08,WI,21,92,29
2022-12-07,WI,24,87,31
2022-12-06,WI,20,89,31
2022-12-05,WI,19,90,31
2022-12-04,WI,19,93,31
2022-12-03,WI,19,93,31
2022-12-02,WI,21,91,31
2022-12-01,WI,20,92,31
2022-11-30,WI,20,92,31
2022-11-29,WI,22,88,30
2022-11-28,WI,20,91,30
2022-11-27,WI,21,89,31
2022-11-26,WI,19,91,31
2022-11-25,WI,18,92,31
2022-11-24,WI,17,93,31
2022-11-23,WI,16,93,31
2022-11-22,WI,18,91,31
2022-11-21,WI,18,92,31
2022-11-20,WI,21,89,31
2022-11-19,WI,21,90,30
2022-11-18,WI,23,90,29
2022-11-17,WI,21,90,31
2022-11-16,WI,23,88,31
2022-11-15,WI,22,88,31
2022-11-14,WI,21,89,31
2022-11-13,WI,21,91,31
2022-11-12,WI,22,90,31
2022-11-11,WI,21,92,30
2022-11-10,WI,23,89,31
2022-11-09,WI,25,87,31
2022-11-08,WI,23,88,31
2022-11-07,WI,22,90,31
2022-11-06,WI,24,88,31
2022-11-05,WI,25,87,31
2022-11-04,WI,24,88,31
2022-11-03,WI,23,89,31
2022-11-02,WI,21,92,29
2022-11-01,WI,22,94,24
2022-10-31,WI,21,95,24
2022-10-30,WI,21,96,24
2022-10-29,WI,22,95,24
2022-10-28,WI,19,99,24
2022-10-27,WI,22,97,23
2022-10-26,WI,22,96,24
2022-10-25,WI,19,98,24
2022-10-24,WI,19,99,24
2022-10-23,WI,19,99,24
2022-10-22,WI,20,98,24
2022-10-21,WI,18,100,24
2022-10-20,WI,18,100,24
2022-10-19,WI,18,99,24
2022-10-18,WI,18,99,24
2022-10-17,WI,17,100,24
2022-10-16,WI,18,103,23
2022-10-15,WI,18,103,23
2022-10-14,WI,19,107,23
2022-10-13,WI,18,108,23
2022-10-12,WI,18,107,24
2022-10-11,WI,19,106,24
2022-10-10,WI,21,106,24
2022-10-09,WI,21,101,24
2022-10-08,WI,24,101,24
2022-10-07,WI,24,103,24
2022-10-06,WI,23,103,24
2022-10-05,WI,22,104,24
2022-10-04,WI,20,101,23
2022-10-03,WI,16,103,23
2022-10-02,WI,18,104,24
2022-10-01,WI,17,105,24
2022-09-30,WI,18,104,24
2022-09-29,WI,18,103,24
2022-09-28,WI,21,100,24
2022-09-27,WI,18,98,24
2022-09-26,WI,17,100,24
2022-09-25,WI,19,101,24
2022-09-24,WI,19,101,24
2022-09-23,WI,17,106,24
2022-09-22,WI,17,106,24
2022-09-21,WI,21,102,24
2022-09-20,WI,18,103,24
2022-09-19,WI,17,103,24
2022-09-18,WI,21,101,24
2022-09-17,WI,21,101,24
2022-09-16,WI,21,102,23
2022-09-15,WI,20,102,23
2022-09-14,WI,20,101,24
2022-09-13,WI,18,98,24
2022-09-12,WI,20,98,24
2022-09-11,WI,19,103,24
2022-09-10,WI,19,103,24
2022-09-09,WI,17,104,24
2022-09-08,WI,18,103,24
2022-09-07,WI,18,101,24
2022-09-06,WI,18,97,24
2022-09-05,WI,18,97,24
2022-09-04,WI,20,101,24
2022-09-03,WI,20,101,24
2022-09-02,WI,19,102,24
2022-09-01,WI,20,101,24
2022-08-31,WI,19,102,24
2022-08-30,WI,17,98,24
2022-08-29,WI,17,98,24
2022-08-28,WI,18,105,24
2022-08-27,WI,18,106,24
2022-08-26,WI,19,105,24
2022-08-25,WI,19,105,24
2022-08-24,WI,19,105,24
2022-08-23,WI,17,100,24
2022-08-22,WI,17,98,24
2022-08-21,WI,20,106,24
2022-08-20,WI,19,107,24
2022-08-19,WI,20,106,24
2022-08-18,WI,20,106,24
2022-08-17,WI,20,106,24
2022-08-16,WI,18,99,24
2022-08-15,WI,18,99,24
2022-08-14,WI,20,109,24
2022-08-13,WI,21,108,24
2022-08-12,WI,20,109,24
2022-08-11,WI,23,106,24
2022-08-10,WI,22,107,24
2022-08-09,WI,20,97,24
2022-08-08,WI,19,98,24
2022-08-07,WI,21,108,24
2022-08-06,WI,21,108,24
2022-08-05,WI,21,109,23
2022-08-04,WI,21,108,24
2022-08-03,WI,20,109,24
2022-08-02,WI,18,99,24
2022-08-01,WI,19,100,22
2022-07-31,WI,20,110,23
2022-07-30,WI,20,110,23
2022-07-29,WI,22,109,22
2022-07-28,WI,21,110,22
2022-07-27,WI,23,107,23
2022-07-26,WI,18,100,24
2022-07-25,WI,19,100,24
2022-07-24,WI,19,111,24
2022-07-23,WI,21,109,24
2022-07-22,WI,22,108,24
2022-07-21,WI,21,109,24
2022-07-20,WI,21,108,24
2022-07-19,WI,18,98,24
2022-07-18,WI,19,97,24
2022-07-17,WI,22,107,24
2022-07-16,WI,22,107,24
2022-07-15,WI,23,106,24
2022-07-14,WI,23,106,24
2022-07-13,WI,23,106,24
2022-07-12,WI,21,96,24
2022-07-11,WI,20,97,24
2022-07-10,WI,21,107,24
2022-07-09,WI,20,108,24
2022-07-08,WI,21,107,24
2022-07-07,WI,20,108,24
2022-07-06,WI,20,108,24
2022-07-05,WI,17,101,24
2022-07-04,WI,16,102,24
2022-07-03,WI,17,111,24
2022-07-02,WI,17,111,24
2022-07-01,WI,16,112,24
2022-06-30,WI,18,110,24
2022-06-29,WI,18,110,24
2022-06-28,WI,16,100,24
2022-06-27,WI,16,101,24
2022-06-26,WI,18,111,24
2022-06-25,WI,17,112,24
2022-06-24,WI,17,112,24
2022-06-23,WI,17,112,24
2022-06-22,WI,18,111,24
2022-06-21,WI,18,99,24
2022-06-20,WI,18,99,24
2022-06-19,WI,20,109,24
2022-06-18,WI,21,108,24
2022-06-17,WI,23,108,22
2022-06-16,WI,22,108,23
2022-06-15,WI,20,109,24
2022-06-14,WI,18,100,23
2022-06-13,WI,19,100,23
2022-06-12,WI,19,112,22
2022-06-11,WI,18,111,24
2022-06-10,WI,19,110,24
2022-06-09,WI,21,108,24
2022-06-08,WI,20,109,24
2022-06-07,WI,19,98,24
2022-06-06,WI,19,100,24
2022-06-05,WI,19,110,24
2022-06-04,WI,19,110,24
2022-06-03,WI,19,110,24
2022-06-02,WI,21,108,24
2022-06-01,WI,20,108,24
2022-05-31,WI,20,97,24
2022-05-30,WI,19,98,24
2022-05-29,WI,19,109,24
2022-05-28,WI,19,109,24
2022-05-27,WI,19,109,24
2022-05-26,WI,20,108,24
2022-05-25,WI,20,108,24
2022-05-24,WI,21,97,24
2022-05-23,WI,19,99,24
2022-05-22,WI,19,110,24
2022-05-21,WI,18,111,24
2022-05-20,WI,20,109,24
2022-05-19,WI,19,110,24
2022-05-18,WI,19,110,24
2022-05-17,WI,19,98,24
2022-05-16,WI,17,101,24
2022-05-15,WI,19,110,24
2022-05-14,WI,18,111,24
2022-05-13,WI,17,112,24
2022-05-12,WI,25,104,24
2022-05-11,WI,20,109,24
2022-05-10,WI,18,99,24
2022-05-09,WI,17,100,24
2022-05-08,WI,19,111,22
2022-05-07,WI,19,110,23
2022-05-06,WI,20,108,24
2022-05-05,WI,20,108,24
2022-05-04,WI,21,108,23
2022-05-03,WI,19,98,24
2022-05-02,WI,20,97,24
2022-05-01,WI,21,106,24
2022-04-30,WI,20,107,24
2022-04-29,WI,22,105,24
2022-04-28,WI,23,104,24
2022-04-27,WI,22,105,24
2022-04-26,WI,20,97,24
2022-04-25,WI,19,98,24
2022-04-24,WI,18,109,24
2022-04-23,WI,18,109,24
2022-04-22,WI,19,108,24
2022-04-21,WI,19,108,24
2022-04-20,WI,18,111,22
2022-04-19,WI,17,100,24
2022-04-18,WI,18,101,22
2022-04-17,WI,17,112,23
2022-04-16,WI,18,111,23
2022-04-15,WI,18,111,23
2022-04-14,WI,20,109,23
2022-04-13,WI,19,109,24
2022-04-12,WI,16,101,24
2022-04-11,WI,17,100,24
2022-04-10,WI,17,111,24
2022-04-09,WI,18,110,24
2022-04-08,WI,19,109,24
2022-04-07,WI,19,109,24
2022-04-06,WI,17,111,24
2022-04-05,WI,19,98,24
2022-04-04,WI,18,100,23
2022-04-03,WI,18,111,23
2022-04-02,WI,18,110,24
2022-04-01,WI,20,110,22
2022-03-31,WI,21,106,24
2022-03-30,WI,20,107,24
2022-03-29,WI,19,98,24
2022-03-28,WI,21,97,24
2022-03-27,WI,20,107,24
2022-03-26,WI,21,107,23
2022-03-25,WI,21,108,22
2022-03-24,WI,22,108,21
2022-03-23,WI,22,107,22
2022-03-22,WI,21,97,22
2022-03-21,WI,19,99,22
2022-03-20,WI,20,106,24
2022-03-19,WI,18,108,24
2022-03-18,WI,23,104,23
2022-03-17,WI,21,107,22
2022-03-16,WI,20,108,22
2022-03-15,WI,20,100,21
2022-03-14,WI,22,98,21
2022-03-13,WI,21,107,23
2022-03-12,WI,22,107,22
2022-03-11,WI,26,105,20
2022-03-10,WI,25,106,20
2022-03-09,WI,24,106,21
2022-03-08,WI,21,99,21
2022-03-07,WI,24,96,21
2022-03-06,WI,25,105,21
2022-03-05,WI,26,104,21
2022-03-04,WI,27,103,21
2022-03-03,WI,26,103,22
2022-03-02,WI,28,102,21
2022-03-01,WI,28,90,23
2022-02-28,WI,37,84,20
2022-02-27,WI,35,91,23
2022-02-26,WI,35,92,22
2022-02-25,WI,35,92,22
2022-02-24,WI,36,93,20
2022-02-23,WI,34,94,21
2022-02-22,WI,33,86,22
2022-02-21,WI,33,87,21
2022-02-20,WI,37,93,21
2022-02-19,WI,38,92,21
2022-02-18,WI,43,87,21
2022-02-17,WI,41,89,21
2022-02-16,WI,41,89,21
2022-02-15,WI,43,78,20
2022-02-14,WI,44,77,20
2022-02-13,WI,43,84,22
2022-02-12,WI,45,83,21
2022-02-11,WI,47,82,20
2022-02-10,WI,45,84,20
2022-02-09,WI,43,85,21
2022-02-08,WI,43,77,22
2022-02-07,WI,47,74,21
2022-02-06,WI,48,81,21
2022-02-05,WI,50,79,21
2022-02-04,WI,49,80,21
2022-02-03,WI,51,79,20
2022-02-02,WI,52,77,21
2022-02-01,WI,51,70,21
2022-01-31,WI,51,71,20
2022-01-30,WI,47,81,22
2022-01-29,WI,45,83,22
2022-01-28,WI,54,76,20
2022-01-27,WI,53,77,20
2022-01-26,WI,52,77,21
2022-01-25,WI,53,67,22
2022-01-24,WI,50,69,22
2022-01-23,WI,49,79,22
2022-01-22,WI,51,77,22
2022-01-21,WI,56,73,21
2022-01-20,WI,52,76,22
2022-01-19,WI,54,75,21
2022-01-18,WI,57,61,23
2022-01-17,WI,50,69,23
2022-01-16,WI,47,80,23
2022-01-15,WI,51,76,23
2022-01-14,WI,52,75,23
2022-01-13,WI,50,77,23
2022-01-12,WI,53,76,21
2022-01-11,WI,49,69,22
2022-01-10,WI,51,67,23
2022-01-09,WI,48,79,23
2022-01-08,WI,49,78,23
2022-01-07,WI,51,76,23
2022-01-06,WI,50,77,23
2022-01-05,WI,46,80,24
2022-01-04,WI,46,70,23
2022-01-03,WI,48,69,22
2022-01-02,WI,46,79,23
2022-01-01,WI,45,80,23
2021-12-31,WI,45,80,23
2021-12-30,WI,45,80,23
2021-12-29,WI,47,78,23
2021-12-28,WI,45,70,23
2021-12-27,WI,45,73,22
2021-12-26,WI,46,81,23
2021-12-25,WI,46,80,24
2021-12-24,WI,46,80,24
2021-12-23,WI,47,80,23
2021-12-22,WI,47,80,23
2021-12-21,WI,46,69,24
2021-12-20,WI,46,72,22
2021-12-19,WI,49,77,24
2021-12-18,WI,48,78,24
2021-12-17,WI,49,79,22
2021-12-16,WI,48,80,22
2021-12-15,WI,53,74,23
2021-12-14,WI,50,67,23
2021-12-13,WI,50,66,24
2021-12-12,WI,50,76,23
2021-12-11,WI,51,75,23
2021-12-10,WI,51,74,24
2021-12-09,WI,50,76,23
2021-12-08,WI,49,76,24
2021-12-07,WI,50,67,23
2021-12-06,WI,51,67,22
2021-12-05,WI,49,77,24
2021-12-04,WI,44,81,25
2021-12-03,WI,51,76,23
2021-12-02,WI,52,75,23
2021-12-01,WI,52,75,23
2021-11-30,WI,49,69,23
2021-11-29,WI,45,73,23
2021-11-28,WI,47,78,23
2021-11-27,WI,48,78,23
2021-11-26,WI,46,79,24
2021-11-25,WI,46,79,24
2021-11-24,WI,51,75,23
2021-11-23,WI,50,68,22
2021-11-22,WI,48,71,22
2021-11-21,WI,46,79,25
2021-11-20,WI,47,79,24
2021-11-19,WI,53,75,22
2021-11-18,WI,45,83,22
2021-11-17,WI,47,80,23
2021-11-16,WI,44,74,22
2021-11-15,WI,41,76,23
2021-11-14,WI,40,87,23
2021-11-13,WI,42,85,23
2021-11-12,WI,42,85,23
2021-11-11,WI,41,86,23
2021-11-10,WI,44,83,23
2021-11-09,WI,44,74,22
2021-11-08,WI,41,77,22
2021-11-07,WI,38,87,24
2021-11-06,WI,39,86,24
2021-11-05,WI,44,83,22
2021-11-04,WI,42,85,22
2021-11-03,WI,42,85,22
2021-11-02,WI,38,79,23
2021-11-01,WI,41,78,23
2021-10-31,WI,41,85,24
2021-10-30,WI,42,85,23
2021-10-29,WI,44,83,23
2021-10-28,WI,44,83,23
2021-10-27,WI,41,86,23
2021-10-26,WI,42,76,23
2021-10-25,WI,44,75,22
2021-10-24,WI,43,83,24
2021-10-23,WI,44,82,24
2021-10-22,WI,47,80,23
2021-10-21,WI,40,87,23
2021-10-20,WI,44,83,23
2021-10-19,WI,42,76,23
2021-10-18,WI,43,73,25
2021-10-17,WI,43,83,23
2021-10-16,WI,46,80,23
2021-10-15,WI,45,81,23
2021-10-14,WI,47,79,23
2021-10-13,WI,47,79,23
2021-10-12,WI,45,73,22
2021-10-11,WI,44,74,22
2021-10-10,WI,41,85,24
2021-10-09,WI,41,84,25
2021-10-08,WI,42,86,22
2021-10-07,WI,46,82,22
2021-10-06,WI,46,81,23
2021-10-05,WI,46,71,23
2021-10-04,WI,44,72,23
2021-10-03,WI,44,83,23
2021-10-02,WI,46,81,23
2021-10-01,WI,46,81,23
2021-09-30,WI,45,81,24
2021-09-29,WI,43,84,23
2021-09-28,WI,41,77,22
2021-09-27,WI,45,74,22
2021-09-26,WI,42,84,24
2021-09-25,WI,38,88,24
2021-09-24,WI,45,83,22
2021-09-23,WI,44,82,24
2021-09-22,WI,43,84,23
2021-09-21,WI,40,78,23
2021-09-20,WI,40,77,23
2021-09-19,WI,34,93,23
2021-09-18,WI,38,89,23
2021-09-17,WI,41,86,23
2021-09-16,WI,39,88,23
2021-09-15,WI,39,88,23
2021-09-14,WI,37,81,23
2021-09-13,WI,41,77,22
2021-09-12,WI,41,84,25
2021-09-11,WI,42,87,21
2021-09-10,WI,38,90,22
2021-09-09,WI,42,86,22
2021-09-08,WI,34,93,23
2021-09-07,WI,39,80,22
2021-09-06,WI,37,79,24
2021-09-05,WI,36,91,23
2021-09-04,WI,38,89,23
2021-09-03,WI,39,89,22
2021-09-02,WI,37,91,22
2021-09-01,WI,37,90,23
2021-08-31,WI,34,83,23
2021-08-30,WI,32,84,25
2021-08-29,WI,30,96,24
2021-08-28,WI,30,96,24
2021-08-27,WI,31,95,24
2021-08-26,WI,30,96,24
2021-08-25,WI,23,104,23
2021-08-24,WI,22,96,23
2021-08-23,WI,22,96,23
2021-08-22,WI,18,108,24
2021-08-21,WI,17,108,25
2021-08-20,WI,19,107,24
2021-08-19,WI,19,109,22
2021-08-18,WI,19,107,24
2021-08-17,WI,16,102,24
2021-08-16,WI,16,104,22
2021-08-15,WI,14,112,24
2021-08-14,WI,14,112,24
2021-08-13,WI,16,110,24
2021-08-12,WI,15,111,24
2021-08-11,WI,14,112,24
2021-08-10,WI,16,100,25
2021-08-09,WI,15,103,23
2021-08-08,WI,13,113,24
2021-08-07,WI,14,113,23
2021-08-06,WI,11,115,24
2021-08-05,WI,14,112,24
2021-08-04,WI,14,114,22
2021-08-03,WI,14,105,22
2021-08-02,WI,13,106,22
2021-08-01,WI,14,112,24
2021-07-31,WI,13,113,24
2021-07-30,WI,12,115,23
2021-07-29,WI,12,114,24
2021-07-28,WI,13,113,24
2021-07-27,WI,14,102,25
2021-07-26,WI,14,103,24
2021-07-25,WI,16,111,23
2021-07-24,WI,13,114,23
2021-07-23,WI,12,114,24
2021-07-22,WI,13,113,24
2021-07-21,WI,12,115,23
2021-07-20,WI,13,105,24
2021-07-19,WI,8,110,23
2021-07-18,WI,8,118,24
2021-07-17,WI,7,118,25
2021-07-16,WI,10,116,24
2021-07-15,WI,14,113,23
2021-07-14,WI,12,115,23
2021-07-13,WI,11,109,22
2021-07-12,WI,9,105,24
2021-07-11,WI,12,114,24
2021-07-10,WI,13,113,24
2021-07-09,WI,11,116,23
2021-07-08,WI,12,114,24
2021-07-07,WI,13,116,21
2021-07-06,WI,14,106,21
2021-07-05,WI,15,104,23
2021-07-04,WI,14,113,23
2021-07-03,WI,15,112,23
2021-07-02,WI,14,114,22
2021-07-01,WI,14,115,21
2021-06-30,WI,13,116,21
2021-06-29,WI,12,106,23
2021-06-28,WI,12,109,21
2021-06-27,WI,13,115,22
2021-06-26,WI,14,115,21
2021-06-25,WI,12,116,22
2021-06-24,WI,12,116,22
2021-06-23,WI,11,117,22
2021-06-22,WI,11,110,21
2021-06-21,WI,10,109,23
2021-06-20,WI,10,117,22
2021-06-19,WI,11,116,22
2021-06-18,WI,11,116,22
2021-06-17,WI,11,114,24
2021-06-16,WI,12,116,21
2021-06-15,WI,12,107,23
2021-06-14,WI,11,110,21
2021-06-13,WI,12,117,21
2021-06-12,WI,12,116,22
2021-06-11,WI,10,118,22
2021-06-10,WI,10,119,21
2021-06-09,WI,10,118,22
2021-06-08,WI,11,109,21
2021-06-07,WI,10,111,20
2021-06-06,WI,10,117,22
2021-06-05,WI,10,117,22
2021-06-04,WI,11,117,21
2021-06-03,WI,11,117,21
2021-06-02,WI,10,117,22
2021-06-01,WI,9,111,22
2021-05-31,WI,11,110,21
2021-05-30,WI,11,117,21
2021-05-29,WI,11,117,21
2021-05-28,WI,10,117,22
2021-05-27,WI,10,118,21
2021-05-26,WI,10,118,21
2021-05-25,WI,12,109,20
2021-05-24,WI,12,109,20
2021-05-23,WI,10,118,22
2021-05-22,WI,10,117,23
2021-05-21,WI,10,119,21
2021-05-20,WI,9,117,24
2021-05-19,WI,11,119,20
2021-05-18,WI,12,109,21
2021-05-17,WI,12,110,21
2021-05-16,WI,13,116,21
2021-05-15,WI,11,117,22
2021-05-14,WI,11,117,22
2021-05-13,WI,11,116,23
2021-05-12,WI,11,117,22
2021-05-11,WI,11,110,21
2021-05-10,WI,11,110,21
2021-05-09,WI,13,113,23
2021-05-08,WI,13,113,23
2021-05-07,WI,11,117,21
2021-05-06,WI,12,116,21
2021-05-05,WI,11,118,20
2021-05-04,WI,11,110,21
2021-05-03,WI,12,107,23
2021-05-02,WI,12,114,23
2021-05-01,WI,13,114,22
2021-04-30,WI,12,116,21
2021-04-29,WI,11,116,22
2021-04-28,WI,13,116,20
2021-04-27,WI,11,109,22
2021-04-26,WI,13,109,20
2021-04-25,WI,11,117,22
2021-04-24,WI,11,118,21
2021-04-23,WI,12,116,22
2021-04-22,WI,11,117,22
2021-04-21,WI,13,116,21
2021-04-20,WI,12,109,21
2021-04-19,WI,13,107,22
2021-04-18,WI,12,117,21
2021-04-17,WI,13,116,21
2021-04-16,WI,13,114,23
2021-04-15,WI,12,116,22
2021-04-14,WI,12,116,22
2021-04-13,WI,12,109,21
2021-04-12,WI,11,111,20
2021-04-11,WI,12,115,22
2021-04-10,WI,12,115,22
2021-04-09,WI,13,115,21
2021-04-08,WI,12,116,21
2021-04-07,WI,12,116,21
2021-04-06,WI,11,109,22
2021-04-05,WI,10,111,21
2021-04-04,WI,12,117,21
2021-04-03,WI,15,114,21
2021-04-02,WI,12,118,20
2021-04-01,WI,13,116,21
2021-03-31,WI,13,116,21
2021-03-30,WI,14,107,21
2021-03-29,WI,14,108,20
2021-03-28,WI,11,118,21
2021-03-27,WI,11,118,21
2021-03-26,WI,12,117,21
2021-03-25,WI,15,116,19
2021-03-24,WI,14,115,21
2021-03-23,WI,15,106,20
2021-03-22,WI,16,104,21
2021-03-21,WI,18,111,21
2021-03-20,WI,17,112,21
2021-03-19,WI,17,113,20
2021-03-18,WI,17,113,20
2021-03-17,WI,16,114,20
2021-03-16,WI,17,104,21
2021-03-15,WI,18,105,19
2021-03-14,WI,16,112,22
2021-03-13,WI,14,113,23
2021-03-12,WI,17,113,20
2021-03-11,WI,17,113,20
2021-03-10,WI,16,114,20
2021-03-09,WI,17,105,21
2021-03-08,WI,16,107,20
2021-03-07,WI,15,113,22
2021-03-06,WI,15,114,21
2021-03-05,WI,15,115,20
2021-03-04,WI,16,114,20
2021-03-03,WI,16,113,21
2021-03-02,WI,18,106,20
2021-03-01,WI,17,106,20
2021-02-28,WI,16,113,21
2021-02-27,WI,16,113,21
2021-02-26,WI,17,114,19
2021-02-25,WI,16,113,21
2021-02-24,WI,16,114,20
2021-02-23,WI,18,106,19
2021-02-22,WI,18,105,20
2021-02-21,WI,17,110,23
2021-02-20,WI,18,111,21
2021-02-19,WI,16,113,21
2021-02-18,WI,17,113,20
2021-02-17,WI,16,112,22
2021-02-16,WI,18,106,20
2021-02-15,WI,17,106,20
2021-02-14,WI,16,113,21
2021-02-13,WI,17,112,21
2021-02-12,WI,19,112,19
2021-02-11,WI,18,113,19
2021-02-10,WI,17,113,20
2021-02-09,WI,17,104,22
2021-02-08,WI,17,106,20
2021-02-07,WI,17,113,20
2021-02-06,WI,19,111,20
2021-02-05,WI,16,113,21
2021-02-04,WI,16,114,20
2021-02-03,WI,15,114,21
2021-02-02,WI,18,106,19
2021-02-01,WI,19,105,19
2021-01-31,WI,15,112,22
2021-01-30,WI,16,112,21
2021-01-29,WI,18,111,20
2021-01-28,WI,18,112,19
2021-01-27,WI,19,110,20
2021-01-26,WI,16,107,19
2021-01-25,WI,18,104,21
2021-01-24,WI,26,115,8
2021-01-23,WI,26,116,7
2021-01-22,WI,29,113,7
2021-01-21,WI,29,114,6
2021-01-20,WI,28,114,7
2021-01-19,WI,31,107,5
2021-01-18,WI,31,108,6
2021-01-17,WI,42,98,9
2021-01-16,WI,42,100,7
2021-01-15,WI,45,99,5
2021-01-14,WI,44,99,6
2021-01-13,WI,43,101,5
2021-01-12,WI,44,92,7
2021-01-11,WI,44,92,7
2021-01-10,WI,45,98,6
2021-01-09,WI,45,97,7
2021-01-08,WI,45,98,6
2021-01-07,WI,46,96,7
2021-01-06,WI,45,98,6
2021-01-05,WI,45,95,4
2021-01-04,WI,46,93,5
2021-01-03,WI,43,99,7
2021-01-02,WI,44,97,8
2021-01-01,WI,43,101,5
2020-12-31,WI,43,100,6
2020-12-30,WI,44,98,7
2020-12-29,WI,47,93,5
2020-12-28,WI,48,91,6
2020-12-27,WI,50,91,7
2020-12-26,WI,49,93,6
2020-12-25,WI,47,93,8
2020-12-24,WI,50,95,3
2020-12-23,WI,50,95,3
2020-12-22,WI,49,92,3
2020-12-21,WI,51,90,3
2020-12-20,WI,50,92,7
2020-12-19,WI,52,90,7
2020-12-18,WI,54,92,3
2020-12-17,WI,54,92,3
2020-12-16,WI,54,92,3
2020-12-15,WI,55,86,3
2020-12-14,WI,57,84,3
2020-12-13,WI,57,89,3
2020-12-12,WI,57,89,3
2020-12-11,WI,56,90,3
2020-12-10,WI,59,87,3
2020-12-09,WI,57,89,3
2020-12-08,WI,61,81,3
2020-12-07,WI,57,86,3
2020-12-06,WI,59,87,3
2020-12-05,WI,59,87,3
2020-12-04,WI,57,89,3
2020-12-03,WI,60,86,3
2020-12-02,WI,60,86,3
2020-12-01,WI,60,82,3
2020-11-30,WI,56,85,4
2020-11-29,WI,62,84,3
2020-11-28,WI,63,83,3
2020-11-27,WI,60,86,3
2020-11-26,WI,56,90,3
2020-11-25,WI,58,88,3
2020-11-24,WI,60,83,3
2020-11-23,WI,62,81,3
2020-11-22,WI,62,84,3
2020-11-21,WI,64,82,3
2020-11-20,WI,68,78,3
2020-11-19,WI,69,77,3
2020-11-18,WI,67,79,3
2020-11-17,WI,65,77,3
2020-11-16,WI,64,78,3
2020-11-15,WI,61,83,4
2020-11-14,WI,61,83,4
2020-11-13,WI,62,83,3
2020-11-12,WI,61,84,3
2020-11-11,WI,59,85,3
2020-11-10,WI,54,88,3
2020-11-09,WI,51,92,3
2020-11-08,WI,46,97,5
2020-11-07,WI,45,98,5
2020-11-06,WI,43,102,3
2020-11-05,WI,38,106,4
2020-11-04,WI,39,106,3
2020-11-03,WI,41,103,3
2020-11-02,WI,43,101,3
2020-11-01,WI,42,100,5
2020-10-31,WI,42,101,4
2020-10-30,WI,42,101,4
2020-10-29,WI,42,101,4
2020-10-28,WI,41,103,3
2020-10-27,WI,38,103,3
2020-10-26,WI,38,103,3
2020-10-25,WI,32,109,3
2020-10-24,WI,33,107,4
2020-10-23,WI,34,104,6
2020-10-22,WI,32,107,5
2020-10-21,WI,31,109,4
2020-10-20,WI,33,107,4
2020-10-19,WI,32,107,4
2020-10-18,WI,38,99,6
2020-10-17,WI,35,101,7
2020-10-16,WI,36,101,6
2020-10-15,WI,34,104,5
2020-10-14,WI,30,106,6
2020-10-13,WI,27,109,6
2020-10-12,WI,25,111,6
2020-10-11,WI,29,103,10
2020-10-10,WI,31,101,10
2020-10-09,WI,33,103,6
2020-10-08,WI,35,102,5
2020-10-07,WI,34,101,6
2020-10-06,WI,33,103,5
2020-10-05,WI,33,103,5
2020-10-04,WI,31,100,10
2020-10-03,WI,32,102,7
2020-10-02,WI,31,104,6
2020-10-01,WI,31,105,5
2020-09-30,WI,26,107,7
2020-09-29,WI,23,111,6
2020-09-28,WI,18,117,5
2020-09-27,WI,12,120,8
2020-09-26,WI,14,121,5
2020-09-25,WI,12,121,7
2020-09-24,WI,10,123,7
2020-09-23,WI,9,123,7
2020-09-22,WI,11,122,6
2020-09-21,WI,10,122,7
2020-09-20,WI,11,120,8
2020-09-19,WI,10,121,8
2020-09-18,WI,10,120,9
2020-09-17,WI,8,123,8
2020-09-16,WI,8,123,8
2020-09-15,WI,7,124,8
2020-09-14,WI,8,121,7
2020-09-13,WI,8,124,8
2020-09-12,WI,8,125,7
2020-09-11,WI,8,125,7
2020-09-10,WI,8,125,7
2020-09-09,WI,7,126,6
2020-09-08,WI,7,124,8
2020-09-07,WI,7,123,9
2020-09-06,WI,7,124,8
2020-09-05,WI,7,124,8
2020-09-04,WI,7,126,6
2020-09-03,WI,7,123,9
2020-09-02,WI,6,127,6
2020-09-01,WI,6,126,7
2020-08-31,WI,6,123,10
2020-08-30,WI,6,124,7
2020-08-29,WI,6,121,9
2020-08-28,WI,6,123,9
2020-08-27,WI,6,120,11
2020-08-26,WI,6,110,22
2020-08-25,WI,6,108,24
2020-08-24,WI,6,109,23
2020-08-23,WI,7,107,24
2020-08-22,WI,7,109,22
2020-08-21,WI,7,107,24
2020-08-20,WI,7,110,22
2020-08-19,WI,7,108,23
2020-08-18,WI,7,106,23
2020-08-17,WI,8,98,30
2020-08-16,WI,7,98,32
2020-08-15,WI,8,99,31
2020-08-14,WI,10,98,30
2020-08-13,WI,9,100,29
2020-08-12,WI,8,101,29
2020-08-11,WI,8,100,30
2020-08-10,WI,7,104,27
2020-08-09,WI,7,101,30
2020-08-08,WI,7,99,32
2020-08-07,WI,7,98,33
2020-08-06,WI,8,88,43
2020-08-05,WI,6,33,100
2020-08-04,WI,6,31,102
2020-08-03,WI,6,31,101
2020-08-02,WI,5,30,100
2020-08-01,WI,6,30,97
2023-04-10,WV,21,29,0
2023-04-09,WV,21,29,0
2023-04-08,WV,21,30,0
2023-04-07,WV,21,30,0
2023-04-06,WV,21,30,4
2023-04-05,WV,21,30,4
2023-04-04,WV,21,30,4
2023-04-03,WV,21,30,4
2023-04-02,WV,21,30,4
2023-04-01,WV,21,30,4
2023-03-31,WV,21,30,4
2023-03-30,WV,21,29,4
2023-03-29,WV,21,29,4
2023-03-28,WV,21,30,4
2023-03-27,WV,21,30,4
2023-03-26,WV,21,30,4
2023-03-25,WV,21,30,4
2023-03-24,WV,21,30,4
2023-03-23,WV,21,29,4
2023-03-22,WV,21,29,4
2023-03-21,WV,21,30,4
2023-03-20,WV,21,30,4
2023-03-19,WV,21,30,4
2023-03-18,WV,21,30,4
2023-03-17,WV,21,30,4
2023-03-16,WV,21,29,4
2023-03-15,WV,21,29,4
2023-03-14,WV,21,29,4
2023-03-13,WV,21,29,4
2023-03-12,WV,21,30,4
2023-03-11,WV,21,30,4
2023-03-10,WV,21,30,4
2023-03-09,WV,21,30,4
2023-03-08,WV,21,30,4
2023-03-07,WV,21,30,4
2023-03-06,WV,21,30,4
2023-03-05,WV,21,29,5
2023-03-04,WV,21,30,4
2023-03-03,WV,21,30,4
2023-03-02,WV,21,29,4
2023-03-01,WV,21,29,4
2023-02-28,WV,21,30,4
2023-02-27,WV,21,30,4
2023-02-26,WV,21,30,4
2023-02-25,WV,21,30,4
2023-02-24,WV,21,30,4
2023-02-23,WV,21,29,4
2023-02-22,WV,21,30,4
2023-02-21,WV,21,30,4
2023-02-20,WV,20,29,6
2023-02-19,WV,20,29,6
2023-02-18,WV,20,29,6
2023-02-17,WV,20,29,5
2023-02-16,WV,20,29,5
2023-02-15,WV,20,30,5
2023-02-14,WV,20,30,5
2023-02-13,WV,21,30,4
2023-02-12,WV,21,29,5
2023-02-11,WV,21,29,5
2023-02-10,WV,21,28,5
2023-02-09,WV,21,29,4
2023-02-08,WV,21,30,4
2023-02-07,WV,21,30,4
2023-02-06,WV,21,29,5
2023-02-05,WV,21,29,5
2023-02-04,WV,21,30,4
2023-02-03,WV,21,29,4
2023-02-02,WV,21,29,4
2023-02-01,WV,21,29,4
2023-01-31,WV,21,29,4
2023-01-30,WV,21,29,4
2023-01-29,WV,20,29,5
2023-01-28,WV,20,29,5
2023-01-27,WV,21,29,4
2023-01-26,WV,21,29,4
2023-01-25,WV,21,29,4
2023-01-24,WV,21,29,4
2023-01-23,WV,21,29,4
2023-01-22,WV,21,29,4
2023-01-21,WV,21,29,4
2023-01-20,WV,21,29,4
2023-01-19,WV,21,29,4
2023-01-18,WV,21,29,4
2023-01-17,WV,21,29,4
2023-01-16,WV,21,29,4
2023-01-15,WV,21,29,4
2023-01-14,WV,21,29,4
2023-01-13,WV,21,29,4
2023-01-12,WV,21,29,4
2023-01-11,WV,21,29,4
2023-01-10,WV,21,30,4
2023-01-09,WV,21,30,4
2023-01-08,WV,21,30,4
2023-01-07,WV,21,31,4
2023-01-06,WV,21,31,4
2023-01-05,WV,21,31,4
2023-01-04,WV,21,31,4
2023-01-03,WV,21,31,4
2023-01-02,WV,21,30,4
2023-01-01,WV,21,30,4
2022-12-31,WV,21,30,3
2022-12-30,WV,21,30,3
2022-12-29,WV,21,30,4
2022-12-28,WV,21,30,4
2022-12-27,WV,21,30,4
2022-12-26,WV,21,30,4
2022-12-25,WV,21,30,4
2022-12-24,WV,21,30,4
2022-12-23,WV,21,30,4
2022-12-22,WV,21,30,4
2022-12-21,WV,21,30,4
2022-12-20,WV,21,29,4
2022-12-19,WV,20,30,4
2022-12-18,WV,20,30,4
2022-12-17,WV,20,30,4
2022-12-16,WV,21,30,4
2022-12-15,WV,21,30,4
2022-12-14,WV,23,28,4
2022-12-13,WV,21,30,4
2022-12-12,WV,21,30,4
2022-12-11,WV,21,30,4
2022-12-10,WV,21,30,4
2022-12-09,WV,23,28,4
2022-12-08,WV,23,28,4
2022-12-07,WV,22,29,4
2022-12-06,WV,21,30,4
2022-12-05,WV,21,30,4
2022-12-04,WV,21,30,4
2022-12-03,WV,21,30,4
2022-12-02,WV,21,30,4
2022-12-01,WV,21,30,4
2022-11-30,WV,21,30,4
2022-11-29,WV,21,29,4
2022-11-28,WV,22,28,4
2022-11-27,WV,22,28,4
2022-11-26,WV,22,28,4
2022-11-25,WV,22,28,4
2022-11-24,WV,22,28,4
2022-11-23,WV,22,28,4
2022-11-22,WV,22,29,4
2022-11-21,WV,21,30,4
2022-11-20,WV,21,30,4
2022-11-19,WV,21,30,4
2022-11-18,WV,21,30,4
2022-11-17,WV,21,30,4
2022-11-16,WV,21,30,4
2022-11-15,WV,21,30,4
2022-11-14,WV,21,30,4
2022-11-13,WV,21,30,4
2022-11-12,WV,21,30,4
2022-11-11,WV,21,30,4
2022-11-10,WV,21,30,4
2022-11-09,WV,21,30,4
2022-11-08,WV,21,30,4
2022-11-07,WV,21,30,4
2022-11-06,WV,21,30,4
2022-11-05,WV,21,30,4
2022-11-04,WV,21,30,4
2022-11-03,WV,21,30,4
2022-11-02,WV,21,30,4
2022-11-01,WV,23,28,4
2022-10-31,WV,23,28,4
2022-10-30,WV,23,28,4
2022-10-29,WV,23,28,4
2022-10-28,WV,21,30,4
2022-10-27,WV,21,30,4
2022-10-26,WV,22,29,4
2022-10-25,WV,21,30,4
2022-10-24,WV,21,30,4
2022-10-23,WV,21,30,4
2022-10-22,WV,21,30,4
2022-10-21,WV,23,28,4
2022-10-20,WV,21,30,4
2022-10-19,WV,21,30,4
2022-10-18,WV,21,30,4
2022-10-17,WV,21,29,4
2022-10-16,WV,21,29,4
2022-10-15,WV,21,29,4
2022-10-14,WV,23,27,4
2022-10-13,WV,23,28,4
2022-10-12,WV,23,28,4
2022-10-11,WV,23,28,4
2022-10-10,WV,21,30,4
2022-10-09,WV,21,31,4
2022-10-08,WV,21,31,4
2022-10-07,WV,21,31,4
2022-10-06,WV,21,31,4
2022-10-05,WV,21,31,4
2022-10-04,WV,21,30,4
2022-10-03,WV,21,30,4
2022-10-02,WV,21,30,4
2022-10-01,WV,21,30,4
2022-09-30,WV,21,30,4
2022-09-29,WV,21,30,4
2022-09-28,WV,21,30,4
2022-09-27,WV,23,28,4
2022-09-26,WV,23,28,4
2022-09-25,WV,23,28,4
2022-09-24,WV,23,28,4
2022-09-23,WV,23,28,4
2022-09-22,WV,23,28,4
2022-09-21,WV,21,30,4
2022-09-20,WV,21,30,4
2022-09-19,WV,21,30,4
2022-09-18,WV,21,30,4
2022-09-17,WV,21,30,4
2022-09-16,WV,23,28,4
2022-09-15,WV,21,30,4
2022-09-14,WV,21,30,4
2022-09-13,WV,21,30,4
2022-09-12,WV,21,30,4
2022-09-11,WV,21,30,4
2022-09-10,WV,21,30,4
2022-09-09,WV,21,34,4
2022-09-08,WV,23,32,4
2022-09-07,WV,21,34,4
2022-09-06,WV,21,34,4
2022-09-05,WV,23,31,4
2022-09-04,WV,23,31,4
2022-09-03,WV,23,31,4
2022-09-02,WV,23,31,4
2022-09-01,WV,21,33,4
2022-08-31,WV,22,32,4
2022-08-30,WV,21,33,4
2022-08-29,WV,21,33,4
2022-08-28,WV,21,33,4
2022-08-27,WV,21,33,4
2022-08-26,WV,23,31,4
2022-08-25,WV,21,33,4
2022-08-24,WV,21,33,4
2022-08-23,WV,21,33,4
2022-08-22,WV,22,34,4
2022-08-21,WV,22,34,4
2022-08-20,WV,22,34,4
2022-08-19,WV,24,32,4
2022-08-18,WV,24,32,4
2022-08-17,WV,23,36,4
2022-08-16,WV,23,36,4
2022-08-15,WV,23,36,4
2022-08-14,WV,23,36,4
2022-08-13,WV,23,36,4
2022-08-12,WV,23,36,4
2022-08-11,WV,23,36,4
2022-08-10,WV,24,35,4
2022-08-09,WV,24,34,4
2022-08-08,WV,24,34,4
2022-08-07,WV,24,34,4
2022-08-06,WV,24,34,4
2022-08-05,WV,24,34,4
2022-08-04,WV,24,34,4
2022-08-03,WV,24,34,4
2022-08-02,WV,27,31,4
2022-08-01,WV,26,32,4
2022-07-31,WV,25,33,4
2022-07-30,WV,25,33,4
2022-07-29,WV,24,34,4
2022-07-28,WV,23,35,4
2022-07-27,WV,23,36,4
2022-07-26,WV,23,36,4
2022-07-25,WV,23,36,4
2022-07-24,WV,23,36,4
2022-07-23,WV,23,36,4
2022-07-22,WV,23,36,4
2022-07-21,WV,23,36,4
2022-07-20,WV,23,36,4
2022-07-19,WV,23,36,4
2022-07-18,WV,25,34,4
2022-07-17,WV,25,34,4
2022-07-16,WV,25,34,4
2022-07-15,WV,26,33,4
2022-07-14,WV,23,36,4
2022-07-13,WV,22,37,4
2022-07-12,WV,23,36,4
2022-07-11,WV,23,36,4
2022-07-10,WV,23,36,4
2022-07-09,WV,23,36,4
2022-07-08,WV,26,33,4
2022-07-07,WV,26,33,4
2022-07-06,WV,26,33,4
2022-07-05,WV,24,35,4
2022-07-04,WV,24,35,4
2022-07-03,WV,25,34,4
2022-07-02,WV,25,34,4
2022-07-01,WV,23,36,4
2022-06-30,WV,24,35,4
2022-06-29,WV,25,34,4
2022-06-28,WV,23,36,4
2022-06-27,WV,23,36,4
2022-06-26,WV,23,36,4
2022-06-25,WV,23,36,4
2022-06-24,WV,25,33,4
2022-06-23,WV,26,33,4
2022-06-22,WV,26,33,4
2022-06-21,WV,22,37,4
2022-06-20,WV,22,37,4
2022-06-19,WV,21,38,4
2022-06-18,WV,22,37,4
2022-06-17,WV,25,34,4
2022-06-16,WV,25,34,4
2022-06-15,WV,22,37,4
2022-06-14,WV,25,34,4
2022-06-13,WV,22,37,4
2022-06-12,WV,22,37,4
2022-06-11,WV,22,37,4
2022-06-10,WV,22,37,4
2022-06-09,WV,22,37,4
2022-06-08,WV,25,34,4
2022-06-07,WV,25,34,4
2022-06-06,WV,23,36,4
2022-06-05,WV,23,36,4
2022-06-04,WV,22,37,4
2022-06-03,WV,23,36,4
2022-06-02,WV,23,36,4
2022-06-01,WV,24,35,4
2022-05-31,WV,22,37,4
2022-05-30,WV,22,37,4
2022-05-29,WV,23,36,4
2022-05-28,WV,23,36,4
2022-05-27,WV,26,33,4
2022-05-26,WV,23,36,4
2022-05-25,WV,25,34,4
2022-05-24,WV,26,33,4
2022-05-23,WV,23,36,4
2022-05-22,WV,23,36,4
2022-05-21,WV,23,36,4
2022-05-20,WV,24,35,4
2022-05-19,WV,24,35,4
2022-05-18,WV,26,33,4
2022-05-17,WV,25,34,4
2022-05-16,WV,23,36,4
2022-05-15,WV,23,36,4
2022-05-14,WV,23,36,4
2022-05-13,WV,24,35,4
2022-05-12,WV,24,35,4
2022-05-11,WV,24,35,4
2022-05-10,WV,24,35,4
2022-05-09,WV,24,35,4
2022-05-08,WV,25,34,4
2022-05-07,WV,23,36,4
2022-05-06,WV,24,35,4
2022-05-05,WV,25,34,4
2022-05-04,WV,24,35,4
2022-05-03,WV,23,36,4
2022-05-02,WV,23,36,4
2022-05-01,WV,23,36,4
2022-04-30,WV,23,36,4
2022-04-29,WV,24,35,4
2022-04-28,WV,23,36,4
2022-04-27,WV,24,35,4
2022-04-26,WV,25,34,4
2022-04-25,WV,24,35,4
2022-04-24,WV,21,38,4
2022-04-23,WV,23,36,4
2022-04-22,WV,25,34,4
2022-04-21,WV,23,36,4
2022-04-20,WV,23,36,4
2022-04-19,WV,23,36,4
2022-04-18,WV,23,36,4
2022-04-17,WV,23,36,4
2022-04-16,WV,23,36,4
2022-04-15,WV,25,34,4
2022-04-14,WV,23,36,4
2022-04-13,WV,23,36,4
2022-04-12,WV,22,36,4
2022-04-11,WV,24,35,4
2022-04-10,WV,23,36,4
2022-04-09,WV,24,35,4
2022-04-08,WV,23,36,4
2022-04-07,WV,23,36,4
2022-04-06,WV,24,35,4
2022-04-05,WV,24,35,4
2022-04-04,WV,23,36,4
2022-04-03,WV,23,36,4
2022-04-02,WV,22,37,4
2022-04-01,WV,26,33,4
2022-03-31,WV,25,34,4
2022-03-30,WV,25,34,4
2022-03-29,WV,25,34,4
2022-03-28,WV,23,36,4
2022-03-27,WV,22,37,4
2022-03-26,WV,23,36,4
2022-03-25,WV,26,33,4
2022-03-24,WV,23,36,4
2022-03-23,WV,24,35,4
2022-03-22,WV,23,36,4
2022-03-21,WV,27,32,4
2022-03-20,WV,27,32,4
2022-03-19,WV,28,31,4
2022-03-18,WV,30,29,4
2022-03-17,WV,28,31,4
2022-03-16,WV,31,28,4
2022-03-15,WV,25,34,4
2022-03-14,WV,26,33,4
2022-03-13,WV,27,32,4
2022-03-12,WV,27,32,4
2022-03-11,WV,30,29,4
2022-03-10,WV,29,30,4
2022-03-09,WV,27,32,4
2022-03-08,WV,26,33,4
2022-03-07,WV,26,33,4
2022-03-06,WV,26,33,4
2022-03-05,WV,26,33,4
2022-03-04,WV,26,33,4
2022-03-03,WV,27,32,4
2022-03-02,WV,27,32,4
2022-03-01,WV,27,32,4
2022-02-28,WV,27,32,4
2022-02-27,WV,28,31,4
2022-02-26,WV,27,32,4
2022-02-25,WV,27,32,4
2022-02-24,WV,30,29,4
2022-02-23,WV,29,30,4
2022-02-22,WV,28,31,4
2022-02-21,WV,28,31,4
2022-02-20,WV,28,31,4
2022-02-19,WV,27,32,4
2022-02-18,WV,28,31,4
2022-02-17,WV,29,30,4
2022-02-16,WV,28,31,4
2022-02-15,WV,28,31,4
2022-02-14,WV,27,32,4
2022-02-13,WV,29,30,4
2022-02-12,WV,29,30,4
2022-02-11,WV,31,28,4
2022-02-10,WV,29,30,4
2022-02-09,WV,29,30,4
2022-02-08,WV,29,30,4
2022-02-07,WV,28,31,4
2022-02-06,WV,29,30,4
2022-02-05,WV,28,31,4
2022-02-04,WV,30,29,4
2022-02-03,WV,29,30,4
2022-02-02,WV,29,30,4
2022-02-01,WV,29,30,4
2022-01-31,WV,29,30,4
2022-01-30,WV,30,29,4
2022-01-29,WV,29,30,4
2022-01-28,WV,30,29,4
2022-01-27,WV,29,30,4
2022-01-26,WV,30,29,4
2022-01-25,WV,28,31,4
2022-01-24,WV,29,30,4
2022-01-23,WV,30,29,4
2022-01-22,WV,30,29,4
2022-01-21,WV,30,29,4
2022-01-20,WV,30,29,4
2022-01-19,WV,29,30,4
2022-01-18,WV,28,31,4
2022-01-17,WV,30,29,4
2022-01-16,WV,27,32,4
2022-01-15,WV,27,32,4
2022-01-14,WV,27,32,4
2022-01-13,WV,27,32,4
2022-01-12,WV,28,31,4
2022-01-11,WV,26,33,4
2022-01-10,WV,26,33,4
2022-01-09,WV,26,33,4
2022-01-08,WV,26,33,4
2022-01-07,WV,25,34,4
2022-01-06,WV,25,34,4
2022-01-05,WV,27,32,4
2022-01-04,WV,26,31,4
2022-01-03,WV,25,32,4
2022-01-02,WV,26,31,4
2022-01-01,WV,26,31,4
2021-12-31,WV,25,32,4
2021-12-30,WV,25,32,4
2021-12-29,WV,27,31,4
2021-12-28,WV,28,30,4
2021-12-27,WV,26,32,4
2021-12-26,WV,26,32,4
2021-12-25,WV,26,32,4
2021-12-24,WV,26,32,4
2021-12-23,WV,26,32,4
2021-12-22,WV,28,31,4
2021-12-21,WV,26,33,4
2021-12-20,WV,26,33,4
2021-12-19,WV,26,33,4
2021-12-18,WV,26,33,4
2021-12-17,WV,26,33,4
2021-12-16,WV,26,33,4
2021-12-15,WV,27,32,4
2021-12-14,WV,25,34,4
2021-12-13,WV,25,34,4
2021-12-12,WV,26,33,4
2021-12-11,WV,26,33,4
2021-12-10,WV,26,33,4
2021-12-09,WV,25,34,4
2021-12-08,WV,25,34,4
2021-12-07,WV,25,34,4
2021-12-06,WV,25,34,4
2021-12-05,WV,26,33,4
2021-12-04,WV,25,34,4
2021-12-03,WV,26,33,4
2021-12-02,WV,26,33,4
2021-12-01,WV,26,33,4
2021-11-30,WV,25,32,4
2021-11-29,WV,26,32,4
2021-11-28,WV,26,33,4
2021-11-27,WV,25,34,4
2021-11-26,WV,26,33,4
2021-11-25,WV,26,33,4
2021-11-24,WV,26,33,4
2021-11-23,WV,25,34,4
2021-11-22,WV,25,34,4
2021-11-21,WV,25,34,4
2021-11-20,WV,24,35,4
2021-11-19,WV,23,36,4
2021-11-18,WV,23,36,4
2021-11-17,WV,25,34,4
2021-11-16,WV,24,35,4
2021-11-15,WV,24,35,4
2021-11-14,WV,25,34,4
2021-11-13,WV,25,34,4
2021-11-12,WV,23,36,4
2021-11-11,WV,22,37,4
2021-11-10,WV,23,36,4
2021-11-09,WV,23,36,4
2021-11-08,WV,22,37,4
2021-11-07,WV,22,37,4
2021-11-06,WV,23,36,4
2021-11-05,WV,24,35,4
2021-11-04,WV,25,34,4
2021-11-03,WV,24,35,4
2021-11-02,WV,25,34,4
2021-11-01,WV,25,34,4
2021-10-31,WV,25,34,4
2021-10-30,WV,26,33,4
2021-10-29,WV,24,35,4
2021-10-28,WV,24,35,4
2021-10-27,WV,23,36,4
2021-10-26,WV,24,35,4
2021-10-25,WV,25,34,4
2021-10-24,WV,25,34,4
2021-10-23,WV,25,34,4
2021-10-22,WV,25,34,4
2021-10-21,WV,25,34,4
2021-10-20,WV,26,33,4
2021-10-19,WV,25,33,4
2021-10-18,WV,27,31,4
2021-10-17,WV,27,31,4
2021-10-16,WV,27,31,4
2021-10-15,WV,27,31,4
2021-10-14,WV,27,31,4
2021-10-13,WV,27,32,4
2021-10-12,WV,26,33,4
2021-10-11,WV,28,31,4
2021-10-10,WV,28,31,4
2021-10-09,WV,28,31,4
2021-10-08,WV,28,31,4
2021-10-07,WV,28,31,4
2021-10-06,WV,28,31,4
2021-10-05,WV,29,30,4
2021-10-04,WV,29,30,4
2021-10-03,WV,29,30,4
2021-10-02,WV,29,30,4
2021-10-01,WV,28,31,4
2021-09-30,WV,29,30,4
2021-09-29,WV,27,32,4
2021-09-28,WV,28,31,4
2021-09-27,WV,28,31,4
2021-09-26,WV,25,34,4
2021-09-25,WV,25,34,4
2021-09-24,WV,25,34,4
2021-09-23,WV,25,34,4
2021-09-22,WV,25,34,4
2021-09-21,WV,28,31,4
2021-09-20,WV,28,31,4
2021-09-19,WV,27,32,4
2021-09-18,WV,28,31,4
2021-09-17,WV,26,33,4
2021-09-16,WV,23,36,4
2021-09-15,WV,22,37,4
2021-09-14,WV,22,37,4
2021-09-13,WV,21,38,4
2021-09-12,WV,21,38,4
2021-09-11,WV,20,39,4
2021-09-10,WV,20,39,4
2021-09-09,WV,21,38,4
2021-09-08,WV,22,37,4
2021-09-07,WV,21,38,4
2021-09-06,WV,20,39,4
2021-09-05,WV,21,38,4
2021-09-04,WV,22,37,4
2021-09-03,WV,20,39,4
2021-09-02,WV,22,37,4
2021-09-01,WV,24,35,4
2021-08-31,WV,22,37,4
2021-08-30,WV,22,37,4
2021-08-29,WV,22,37,4
2021-08-28,WV,22,37,4
2021-08-27,WV,22,37,4
2021-08-26,WV,21,38,4
2021-08-25,WV,21,38,4
2021-08-24,WV,20,39,4
2021-08-23,WV,21,38,4
2021-08-22,WV,15,44,4
2021-08-21,WV,16,43,4
2021-08-20,WV,17,42,4
2021-08-19,WV,17,42,4
2021-08-18,WV,18,41,4
2021-08-17,WV,16,43,4
2021-08-16,WV,14,45,4
2021-08-15,WV,14,45,4
2021-08-14,WV,14,45,4
2021-08-13,WV,14,45,4
2021-08-12,WV,14,45,4
2021-08-11,WV,14,45,4
2021-08-10,WV,14,45,4
2021-08-09,WV,13,46,4
2021-08-08,WV,13,46,4
2021-08-07,WV,13,46,4
2021-08-06,WV,14,45,4
2021-08-05,WV,13,46,4
2021-08-04,WV,14,45,4
2021-08-03,WV,13,46,4
2021-08-02,WV,12,47,4
2021-08-01,WV,12,47,4
2021-07-31,WV,12,47,4
2021-07-30,WV,12,47,4
2021-07-29,WV,12,47,4
2021-07-28,WV,12,47,4
2021-07-27,WV,12,47,4
2021-07-26,WV,12,47,4
2021-07-25,WV,13,46,4
2021-07-24,WV,12,47,4
2021-07-23,WV,13,46,4
2021-07-22,WV,13,46,4
2021-07-21,WV,13,46,4
2021-07-20,WV,13,42,4
2021-07-19,WV,13,42,4
2021-07-18,WV,12,47,4
2021-07-17,WV,12,47,4
2021-07-16,WV,12,47,4
2021-07-15,WV,12,47,4
2021-07-14,WV,11,48,4
2021-07-13,WV,11,43,4
2021-07-12,WV,11,43,4
2021-07-11,WV,11,47,4
2021-07-10,WV,11,47,4
2021-07-09,WV,12,46,4
2021-07-08,WV,12,46,4
2021-07-07,WV,12,46,4
2021-07-06,WV,11,44,4
2021-07-05,WV,11,44,4
2021-07-04,WV,12,47,4
2021-07-03,WV,12,47,4
2021-07-02,WV,11,48,4
2021-07-01,WV,11,48,4
2021-06-30,WV,12,47,4
2021-06-29,WV,12,43,4
2021-06-28,WV,12,43,4
2021-06-27,WV,12,47,4
2021-06-26,WV,12,47,4
2021-06-25,WV,12,47,4
2021-06-24,WV,12,47,4
2021-06-23,WV,12,46,4
2021-06-22,WV,12,42,4
2021-06-21,WV,12,42,4
2021-06-20,WV,11,47,4
2021-06-19,WV,11,47,4
2021-06-18,WV,12,46,4
2021-06-17,WV,12,46,4
2021-06-16,WV,12,46,4
2021-06-15,WV,12,42,4
2021-06-14,WV,12,42,4
2021-06-13,WV,12,46,4
2021-06-12,WV,12,46,4
2021-06-11,WV,12,46,4
2021-06-10,WV,12,47,4
2021-06-09,WV,12,47,4
2021-06-08,WV,12,43,4
2021-06-07,WV,12,43,4
2021-06-06,WV,12,47,4
2021-06-05,WV,13,46,4
2021-06-04,WV,11,48,4
2021-06-03,WV,11,48,4
2021-06-02,WV,11,48,4
2021-06-01,WV,11,43,4
2021-05-31,WV,11,43,4
2021-05-30,WV,12,46,4
2021-05-29,WV,12,46,4
2021-05-28,WV,12,46,4
2021-05-27,WV,12,46,4
2021-05-26,WV,12,47,4
2021-05-25,WV,12,43,4
2021-05-24,WV,12,43,4
2021-05-23,WV,13,46,4
2021-05-22,WV,14,45,4
2021-05-21,WV,12,47,4
2021-05-20,WV,12,47,4
2021-05-19,WV,12,47,4
2021-05-18,WV,11,44,4
2021-05-17,WV,11,44,4
2021-05-16,WV,11,48,4
2021-05-15,WV,11,48,4
2021-05-14,WV,11,48,4
2021-05-13,WV,11,48,4
2021-05-12,WV,11,48,4
2021-05-11,WV,11,44,4
2021-05-10,WV,11,44,4
2021-05-09,WV,11,48,4
2021-05-08,WV,11,48,4
2021-05-07,WV,11,48,4
2021-05-06,WV,11,48,4
2021-05-05,WV,12,47,4
2021-05-04,WV,13,42,4
2021-05-03,WV,13,41,4
2021-05-02,WV,14,45,4
2021-05-01,WV,14,45,4
2021-04-30,WV,14,45,4
2021-04-29,WV,14,45,4
2021-04-28,WV,15,44,4
2021-04-27,WV,14,41,4
2021-04-26,WV,13,42,4
2021-04-25,WV,13,46,4
2021-04-24,WV,13,46,4
2021-04-23,WV,13,46,4
2021-04-22,WV,13,46,4
2021-04-21,WV,13,46,4
2021-04-20,WV,14,41,4
2021-04-19,WV,15,40,4
2021-04-18,WV,14,45,4
2021-04-17,WV,15,44,4
2021-04-16,WV,16,43,4
2021-04-15,WV,16,43,4
2021-04-14,WV,16,43,4
2021-04-13,WV,17,38,4
2021-04-12,WV,17,38,4
2021-04-11,WV,17,42,4
2021-04-10,WV,16,43,4
2021-04-09,WV,16,43,4
2021-04-08,WV,16,43,4
2021-04-07,WV,16,43,4
2021-04-06,WV,15,44,4
2021-04-05,WV,15,44,4
2021-04-04,WV,15,44,4
2021-04-03,WV,16,43,4
2021-04-02,WV,16,43,4
2021-04-01,WV,15,44,4
2021-03-31,WV,15,44,4
2021-03-30,WV,16,39,4
2021-03-29,WV,16,39,4
2021-03-28,WV,16,43,4
2021-03-27,WV,16,43,4
2021-03-26,WV,15,44,4
2021-03-25,WV,14,45,4
2021-03-24,WV,14,45,4
2021-03-23,WV,15,40,4
2021-03-22,WV,15,40,4
2021-03-21,WV,16,43,4
2021-03-20,WV,16,43,4
2021-03-19,WV,16,43,4
2021-03-18,WV,16,43,4
2021-03-17,WV,16,43,4
2021-03-16,WV,16,39,4
2021-03-15,WV,16,39,4
2021-03-14,WV,16,43,4
2021-03-13,WV,17,42,4
2021-03-12,WV,17,42,4
2021-03-11,WV,16,43,4
2021-03-10,WV,16,43,4
2021-03-09,WV,16,39,4
2021-03-08,WV,18,37,4
2021-03-07,WV,18,41,4
2021-03-06,WV,18,41,4
2021-03-05,WV,16,43,4
2021-03-04,WV,16,43,4
2021-03-03,WV,16,43,4
2021-03-02,WV,16,39,4
2021-03-01,WV,16,39,4
2021-02-28,WV,17,42,4
2021-02-27,WV,19,40,4
2021-02-26,WV,19,40,4
2021-02-25,WV,19,40,4
2021-02-24,WV,20,39,4
2021-02-23,WV,20,35,4
2021-02-22,WV,21,34,4
2021-02-21,WV,21,38,4
2021-02-20,WV,21,38,4
2021-02-19,WV,22,37,4
2021-02-18,WV,22,37,4
2021-02-17,WV,23,36,4
2021-02-16,WV,23,32,4
2021-02-15,WV,22,33,4
2021-02-14,WV,21,38,4
2021-02-13,WV,21,38,4
2021-02-12,WV,21,38,4
2021-02-11,WV,22,37,4
2021-02-10,WV,22,37,4
2021-02-09,WV,21,34,4
2021-02-08,WV,21,34,4
2021-02-07,WV,22,37,4
2021-02-06,WV,21,38,4
2021-02-05,WV,22,37,4
2021-02-04,WV,21,38,4
2021-02-03,WV,21,38,4
2021-02-02,WV,21,34,4
2021-02-01,WV,22,33,4
2021-01-31,WV,23,36,4
2021-01-30,WV,23,36,4
2021-01-29,WV,23,36,4
2021-01-28,WV,24,35,4
2021-01-27,WV,25,34,4
2021-01-26,WV,26,29,4
2021-01-25,WV,26,29,4
2021-01-24,WV,26,33,4
2021-01-23,WV,26,33,4
2021-01-22,WV,26,33,4
2021-01-21,WV,26,33,4
2021-01-20,WV,26,33,4
2021-01-19,WV,25,30,4
2021-01-18,WV,25,30,4
2021-01-17,WV,24,35,4
2021-01-16,WV,25,34,4
2021-01-15,WV,25,34,4
2021-01-14,WV,24,35,4
2021-01-13,WV,25,34,4
2021-01-12,WV,25,30,4
2021-01-11,WV,24,31,4
2021-01-10,WV,24,35,4
2021-01-09,WV,25,34,4
2021-01-08,WV,25,34,4
2021-01-07,WV,25,34,4
2021-01-06,WV,25,34,4
2021-01-05,WV,24,31,4
2021-01-04,WV,24,31,4
2021-01-03,WV,24,35,4
2021-01-02,WV,24,35,4
2021-01-01,WV,25,34,4
2020-12-31,WV,25,34,4
2020-12-30,WV,23,36,4
2020-12-29,WV,21,34,4
2020-12-28,WV,23,32,4
2020-12-27,WV,23,36,4
2020-12-26,WV,23,36,4
2020-12-25,WV,23,36,4
2020-12-24,WV,23,36,4
2020-12-23,WV,22,37,4
2020-12-22,WV,22,37,4
2020-12-21,WV,21,34,4
2020-12-20,WV,21,38,4
2020-12-19,WV,22,37,4
2020-12-18,WV,22,37,4
2020-12-17,WV,22,37,4
2020-12-16,WV,23,36,4
2020-12-15,WV,23,32,4
2020-12-14,WV,23,32,4
2020-12-13,WV,21,38,4
2020-12-12,WV,22,37,4
2020-12-11,WV,21,38,4
2020-12-10,WV,19,40,4
2020-12-09,WV,22,37,4
2020-12-08,WV,23,32,4
2020-12-07,WV,21,34,4
2020-12-06,WV,20,39,4
2020-12-05,WV,21,38,4
2020-12-04,WV,22,37,4
2020-12-03,WV,22,37,4
2020-12-02,WV,22,37,4
2020-12-01,WV,23,32,4
2020-11-30,WV,21,34,4
2020-11-29,WV,21,38,4
2020-11-28,WV,19,40,4
2020-11-27,WV,20,39,4
2020-11-26,WV,21,38,4
2020-11-25,WV,21,38,4
2020-11-24,WV,19,36,4
2020-11-23,WV,20,35,4
2020-11-22,WV,20,39,4
2020-11-21,WV,19,40,4
2020-11-20,WV,19,40,4
2020-11-19,WV,19,40,4
2020-11-18,WV,19,40,4
2020-11-17,WV,19,36,4
2020-11-16,WV,18,37,4
2020-11-15,WV,18,41,4
2020-11-14,WV,18,41,4
2020-11-13,WV,19,40,4
2020-11-12,WV,16,43,4
2020-11-11,WV,16,43,4
2020-11-10,WV,17,37,4
2020-11-09,WV,17,38,4
2020-11-08,WV,16,43,4
2020-11-07,WV,18,41,4
2020-11-06,WV,18,41,4
2020-11-05,WV,16,43,4
2020-11-04,WV,17,42,4
2020-11-03,WV,16,39,4
2020-11-02,WV,16,39,4
2020-11-01,WV,15,44,4
2020-10-31,WV,14,45,4
2020-10-30,WV,15,44,4
2020-10-29,WV,13,46,4
2020-10-28,WV,15,44,4
2020-10-27,WV,15,40,4
2020-10-26,WV,15,40,4
2020-10-25,WV,16,43,4
2020-10-24,WV,17,42,4
2020-10-23,WV,17,42,4
2020-10-22,WV,16,43,4
2020-10-21,WV,15,44,4
2020-10-20,WV,17,42,4
2020-10-19,WV,18,41,4
2020-10-18,WV,16,43,4
2020-10-17,WV,17,42,4
2020-10-16,WV,18,41,4
2020-10-15,WV,18,41,4
2020-10-14,WV,17,42,4
2020-10-13,WV,16,43,4
2020-10-12,WV,15,44,4
2020-10-11,WV,14,45,4
2020-10-10,WV,14,45,4
2020-10-09,WV,12,47,4
2020-10-08,WV,12,47,4
2020-10-07,WV,10,49,4
2020-10-06,WV,10,49,4
2020-10-05,WV,8,51,4
2020-10-04,WV,10,49,4
2020-10-03,WV,8,51,4
2020-10-02,WV,11,48,4
2020-10-01,WV,10,49,4
2020-09-30,WV,10,49,4
2020-09-29,WV,11,48,4
2020-09-28,WV,10,49,4
2020-09-27,WV,9,51,4
2020-09-26,WV,11,49,4
2020-09-25,WV,10,50,4
2020-09-24,WV,11,49,4
2020-09-23,WV,9,51,4
2020-09-22,WV,10,49,4
2020-09-21,WV,8,51,4
2020-09-20,WV,8,51,4
2020-09-19,WV,10,49,4
2020-09-18,WV,10,48,5
2020-09-17,WV,9,49,5
2020-09-16,WV,9,49,5
2020-09-15,WV,10,48,5
2020-09-14,WV,8,50,5
2020-09-13,WV,8,51,4
2020-09-12,WV,8,51,4
2020-09-11,WV,7,52,4
2020-09-10,WV,9,50,4
2020-09-09,WV,9,50,4
2020-09-08,WV,9,50,4
2020-09-07,WV,9,50,4
2020-09-06,WV,9,50,4
2020-09-05,WV,9,50,4
2020-09-04,WV,9,50,4
2020-09-03,WV,9,50,4
2020-09-02,WV,9,50,4
2020-09-01,WV,10,49,4
2020-08-31,WV,10,49,4
2020-08-30,WV,9,50,4
2020-08-29,WV,8,51,4
2020-08-28,WV,9,50,4
2020-08-27,WV,9,50,4
2020-08-26,WV,9,46,8
2020-08-25,WV,9,46,8
2020-08-24,WV,10,45,8
2020-08-23,WV,10,45,8
2020-08-22,WV,10,45,8
2020-08-21,WV,10,45,8
2020-08-20,WV,9,46,8
2020-08-19,WV,10,45,8
2020-08-18,WV,10,45,8
2020-08-17,WV,11,44,4
2020-08-16,WV,9,46,4
2020-08-15,WV,10,45,4
2020-08-14,WV,8,47,4
2020-08-13,WV,7,48,4
2020-08-12,WV,9,42,8
2020-08-11,WV,9,39,11
2020-08-10,WV,9,43,7
2020-08-09,WV,10,39,10
2020-08-08,WV,10,42,7
2020-08-07,WV,10,42,7
2020-08-06,WV,2,4,53
2020-08-05,WV,10,43,6
2020-08-04,WV,9,42,9
2020-08-03,WV,9,42,9
2020-08-02,WV,7,43,10
2020-08-01,WV,9,43,8
2023-04-10,WY,2,18,5
2023-04-09,WY,2,19,5
2023-04-08,WY,2,20,5
2023-04-07,WY,2,20,5
2023-04-06,WY,2,20,7
2023-04-05,WY,2,20,7
2023-04-04,WY,2,19,7
2023-04-03,WY,2,19,7
2023-04-02,WY,2,20,7
2023-04-01,WY,2,20,7
2023-03-31,WY,2,20,7
2023-03-30,WY,2,20,7
2023-03-29,WY,2,20,7
2023-03-28,WY,2,19,7
2023-03-27,WY,2,19,7
2023-03-26,WY,2,20,7
2023-03-25,WY,2,20,7
2023-03-24,WY,2,20,7
2023-03-23,WY,2,20,7
2023-03-22,WY,2,20,7
2023-03-21,WY,2,19,7
2023-03-20,WY,2,19,7
2023-03-19,WY,2,20,7
2023-03-18,WY,2,20,7
2023-03-17,WY,2,20,7
2023-03-16,WY,2,20,7
2023-03-15,WY,2,20,7
2023-03-14,WY,2,19,7
2023-03-13,WY,2,19,7
2023-03-12,WY,2,20,7
2023-03-11,WY,2,20,7
2023-03-10,WY,2,20,7
2023-03-09,WY,2,20,7
2023-03-08,WY,2,20,7
2023-03-07,WY,2,19,7
2023-03-06,WY,2,19,7
2023-03-05,WY,2,20,7
2023-03-04,WY,2,20,7
2023-03-03,WY,2,20,7
2023-03-02,WY,2,20,7
2023-03-01,WY,2,20,7
2023-02-28,WY,2,19,7
2023-02-27,WY,2,19,7
2023-02-26,WY,2,20,7
2023-02-25,WY,2,20,7
2023-02-24,WY,2,20,7
2023-02-23,WY,2,20,7
2023-02-22,WY,2,20,7
2023-02-21,WY,2,19,7
2023-02-20,WY,2,19,7
2023-02-19,WY,2,19,8
2023-02-18,WY,2,20,7
2023-02-17,WY,2,20,7
2023-02-16,WY,2,20,7
2023-02-15,WY,2,20,7
2023-02-14,WY,2,19,7
2023-02-13,WY,2,19,7
2023-02-12,WY,2,20,7
2023-02-11,WY,2,20,7
2023-02-10,WY,2,20,7
2023-02-09,WY,3,19,7
2023-02-08,WY,3,19,7
2023-02-07,WY,3,18,7
2023-02-06,WY,3,18,7
2023-02-05,WY,3,19,7
2023-02-04,WY,3,19,7
2023-02-03,WY,3,19,7
2023-02-02,WY,3,19,7
2023-02-01,WY,3,18,7
2023-01-31,WY,3,17,7
2023-01-30,WY,3,17,7
2023-01-29,WY,3,18,7
2023-01-28,WY,3,18,7
2023-01-27,WY,3,18,7
2023-01-26,WY,3,18,7
2023-01-25,WY,3,18,7
2023-01-24,WY,3,17,7
2023-01-23,WY,3,17,7
2023-01-22,WY,3,18,7
2023-01-21,WY,3,18,7
2023-01-20,WY,3,18,7
2023-01-19,WY,3,18,7
2023-01-18,WY,3,18,7
2023-01-17,WY,3,17,7
2023-01-16,WY,3,17,7
2023-01-15,WY,3,18,7
2023-01-14,WY,3,18,7
2023-01-13,WY,3,18,7
2023-01-12,WY,3,18,7
2023-01-11,WY,3,19,6
2023-01-10,WY,3,17,7
2023-01-09,WY,3,17,7
2023-01-08,WY,3,18,7
2023-01-07,WY,3,18,7
2023-01-06,WY,3,18,7
2023-01-05,WY,3,18,7
2023-01-04,WY,3,18,7
2023-01-03,WY,3,17,7
2023-01-02,WY,3,17,7
2023-01-01,WY,3,18,7
2022-12-31,WY,3,18,6
2022-12-30,WY,3,18,6
2022-12-29,WY,3,18,7
2022-12-28,WY,3,18,7
2022-12-27,WY,3,17,7
2022-12-26,WY,3,18,7
2022-12-25,WY,3,19,7
2022-12-24,WY,3,19,7
2022-12-23,WY,3,19,7
2022-12-22,WY,3,20,6
2022-12-21,WY,3,20,6
2022-12-20,WY,3,19,6
2022-12-19,WY,3,19,7
2022-12-18,WY,3,20,6
2022-12-17,WY,3,20,6
2022-12-16,WY,3,20,6
2022-12-15,WY,3,20,6
2022-12-14,WY,3,21,5
2022-12-13,WY,3,20,6
2022-12-12,WY,3,20,6
2022-12-11,WY,3,21,6
2022-12-10,WY,3,21,6
2022-12-09,WY,3,22,5
2022-12-08,WY,3,20,6
2022-12-07,WY,3,21,5
2022-12-06,WY,3,20,6
2022-12-05,WY,3,20,6
2022-12-04,WY,3,21,6
2022-12-03,WY,3,21,6
2022-12-02,WY,3,21,6
2022-12-01,WY,3,21,6
2022-11-30,WY,3,22,5
2022-11-29,WY,3,21,5
2022-11-28,WY,3,20,5
2022-11-27,WY,3,21,5
2022-11-26,WY,3,21,5
2022-11-25,WY,3,21,5
2022-11-24,WY,3,21,5
2022-11-23,WY,3,21,5
2022-11-22,WY,3,20,5
2022-11-21,WY,3,20,5
2022-11-20,WY,3,21,5
2022-11-19,WY,3,21,5
2022-11-18,WY,3,21,5
2022-11-17,WY,3,21,5
2022-11-16,WY,3,21,5
2022-11-15,WY,3,20,5
2022-11-14,WY,3,20,5
2022-11-13,WY,3,21,5
2022-11-12,WY,3,21,5
2022-11-11,WY,3,21,5
2022-11-10,WY,4,20,5
2022-11-09,WY,4,20,5
2022-11-08,WY,4,19,5
2022-11-07,WY,4,19,5
2022-11-06,WY,4,20,5
2022-11-05,WY,4,20,5
2022-11-04,WY,4,20,5
2022-11-03,WY,4,20,5
2022-11-02,WY,4,20,5
2022-11-01,WY,4,19,5
2022-10-31,WY,4,19,5
2022-10-30,WY,4,20,5
2022-10-29,WY,4,20,5
2022-10-28,WY,4,20,5
2022-10-27,WY,4,20,5
2022-10-26,WY,5,19,5
2022-10-25,WY,5,18,5
2022-10-24,WY,4,19,5
2022-10-23,WY,4,20,5
2022-10-22,WY,4,20,5
2022-10-21,WY,4,20,5
2022-10-20,WY,4,20,5
2022-10-19,WY,4,20,5
2022-10-18,WY,5,18,5
2022-10-17,WY,4,19,5
2022-10-16,WY,4,20,5
2022-10-15,WY,4,20,5
2022-10-14,WY,4,20,5
2022-10-13,WY,4,20,5
2022-10-12,WY,4,20,5
2022-10-11,WY,4,19,5
2022-10-10,WY,4,19,5
2022-10-09,WY,4,21,5
2022-10-08,WY,4,21,5
2022-10-07,WY,4,21,5
2022-10-06,WY,4,21,5
2022-10-05,WY,4,22,5
2022-10-04,WY,4,20,5
2022-10-03,WY,4,20,5
2022-10-02,WY,4,21,5
2022-10-01,WY,4,21,5
2022-09-30,WY,4,20,5
2022-09-29,WY,4,20,5
2022-09-28,WY,4,20,5
2022-09-27,WY,4,20,5
2022-09-26,WY,4,20,5
2022-09-25,WY,4,21,5
2022-09-24,WY,4,21,5
2022-09-23,WY,4,21,5
2022-09-22,WY,4,21,5
2022-09-21,WY,4,21,5
2022-09-20,WY,4,20,5
2022-09-19,WY,4,20,5
2022-09-18,WY,4,21,5
2022-09-17,WY,4,21,5
2022-09-16,WY,4,21,5
2022-09-15,WY,4,21,5
2022-09-14,WY,4,21,5
2022-09-13,WY,4,20,5
2022-09-12,WY,5,19,5
2022-09-11,WY,5,19,5
2022-09-10,WY,5,20,5
2022-09-09,WY,5,20,5
2022-09-08,WY,5,20,5
2022-09-07,WY,5,20,5
2022-09-06,WY,6,18,5
2022-09-05,WY,6,17,5
2022-09-04,WY,6,18,5
2022-09-03,WY,6,18,5
2022-09-02,WY,6,19,5
2022-09-01,WY,5,20,5
2022-08-31,WY,5,19,5
2022-08-30,WY,5,19,5
2022-08-29,WY,5,19,5
2022-08-28,WY,5,20,5
2022-08-27,WY,5,20,5
2022-08-26,WY,5,20,5
2022-08-25,WY,5,20,5
2022-08-24,WY,5,20,5
2022-08-23,WY,5,19,5
2022-08-22,WY,5,19,5
2022-08-21,WY,5,21,5
2022-08-20,WY,5,21,5
2022-08-19,WY,5,21,5
2022-08-18,WY,5,21,5
2022-08-17,WY,5,21,5
2022-08-16,WY,5,19,5
2022-08-15,WY,5,19,5
2022-08-14,WY,5,21,5
2022-08-13,WY,5,21,5
2022-08-12,WY,5,21,5
2022-08-11,WY,5,21,5
2022-08-10,WY,5,21,5
2022-08-09,WY,5,19,5
2022-08-08,WY,5,19,5
2022-08-07,WY,5,21,5
2022-08-06,WY,6,20,5
2022-08-05,WY,6,20,5
2022-08-04,WY,6,20,5
2022-08-03,WY,6,20,5
2022-08-02,WY,6,18,5
2022-08-01,WY,6,18,5
2022-07-31,WY,6,19,5
2022-07-30,WY,6,20,5
2022-07-29,WY,6,20,5
2022-07-28,WY,6,20,5
2022-07-27,WY,6,20,5
2022-07-26,WY,6,18,5
2022-07-25,WY,5,19,5
2022-07-24,WY,5,21,5
2022-07-23,WY,6,20,5
2022-07-22,WY,6,20,5
2022-07-21,WY,7,19,5
2022-07-20,WY,7,19,5
2022-07-19,WY,6,18,5
2022-07-18,WY,5,19,5
2022-07-17,WY,5,20,5
2022-07-16,WY,5,20,5
2022-07-15,WY,5,20,5
2022-07-14,WY,5,20,5
2022-07-13,WY,5,20,5
2022-07-12,WY,5,18,5
2022-07-11,WY,5,18,5
2022-07-10,WY,5,20,5
2022-07-09,WY,5,21,5
2022-07-08,WY,5,21,5
2022-07-07,WY,5,21,5
2022-07-06,WY,6,20,5
2022-07-05,WY,6,18,5
2022-07-04,WY,6,18,5
2022-07-03,WY,6,20,5
2022-07-02,WY,6,20,5
2022-07-01,WY,6,20,5
2022-06-30,WY,6,20,5
2022-06-29,WY,6,20,5
2022-06-28,WY,6,18,5
2022-06-27,WY,6,18,5
2022-06-26,WY,6,20,5
2022-06-25,WY,6,20,5
2022-06-24,WY,6,20,5
2022-06-23,WY,6,20,5
2022-06-22,WY,6,20,5
2022-06-21,WY,6,18,5
2022-06-20,WY,6,18,5
2022-06-19,WY,6,20,5
2022-06-18,WY,6,20,5
2022-06-17,WY,6,20,5
2022-06-16,WY,6,20,5
2022-06-15,WY,6,20,5
2022-06-14,WY,6,18,5
2022-06-13,WY,6,18,5
2022-06-12,WY,6,20,5
2022-06-11,WY,6,20,5
2022-06-10,WY,6,20,5
2022-06-09,WY,6,20,5
2022-06-08,WY,6,20,5
2022-06-07,WY,6,18,5
2022-06-06,WY,6,18,5
2022-06-05,WY,6,20,5
2022-06-04,WY,6,20,5
2022-06-03,WY,6,20,5
2022-06-02,WY,6,20,5
2022-06-01,WY,6,20,5
2022-05-31,WY,6,18,5
2022-05-30,WY,6,18,5
2022-05-29,WY,6,20,5
2022-05-28,WY,6,20,5
2022-05-27,WY,6,20,5
2022-05-26,WY,6,20,5
2022-05-25,WY,6,20,5
2022-05-24,WY,6,18,5
2022-05-23,WY,6,18,5
2022-05-22,WY,6,20,5
2022-05-21,WY,6,20,5
2022-05-20,WY,6,20,5
2022-05-19,WY,6,20,5
2022-05-18,WY,6,20,5
2022-05-17,WY,6,18,5
2022-05-16,WY,6,18,5
2022-05-15,WY,6,20,5
2022-05-14,WY,6,20,5
2022-05-13,WY,6,20,5
2022-05-12,WY,6,20,5
2022-05-11,WY,6,20,5
2022-05-10,WY,6,18,5
2022-05-09,WY,6,18,5
2022-05-08,WY,6,20,5
2022-05-07,WY,6,20,5
2022-05-06,WY,6,20,5
2022-05-05,WY,6,20,5
2022-05-04,WY,6,20,5
2022-05-03,WY,6,18,5
2022-05-02,WY,6,18,5
2022-05-01,WY,6,20,5
2022-04-30,WY,6,20,5
2022-04-29,WY,6,20,5
2022-04-28,WY,5,21,5
2022-04-27,WY,5,21,5
2022-04-26,WY,5,19,5
2022-04-25,WY,5,19,5
2022-04-24,WY,5,21,5
2022-04-23,WY,5,21,5
2022-04-22,WY,5,21,5
2022-04-21,WY,6,20,5
2022-04-20,WY,6,20,5
2022-04-19,WY,6,18,5
2022-04-18,WY,6,18,5
2022-04-17,WY,6,20,5
2022-04-16,WY,6,20,5
2022-04-15,WY,5,21,5
2022-04-14,WY,5,21,5
2022-04-13,WY,5,21,5
2022-04-12,WY,5,19,5
2022-04-11,WY,5,19,5
2022-04-10,WY,5,21,5
2022-04-09,WY,5,21,5
2022-04-08,WY,5,21,5
2022-04-07,WY,5,21,5
2022-04-06,WY,5,21,5
2022-04-05,WY,5,19,5
2022-04-04,WY,5,19,5
2022-04-03,WY,5,21,5
2022-04-02,WY,5,21,5
2022-04-01,WY,5,21,5
2022-03-31,WY,5,21,5
2022-03-30,WY,5,21,5
2022-03-29,WY,5,19,5
2022-03-28,WY,5,19,5
2022-03-27,WY,5,21,5
2022-03-26,WY,5,21,5
2022-03-25,WY,5,21,5
2022-03-24,WY,5,21,5
2022-03-23,WY,5,21,5
2022-03-22,WY,5,19,5
2022-03-21,WY,5,19,5
2022-03-20,WY,5,21,5
2022-03-19,WY,5,20,6
2022-03-18,WY,5,21,5
2022-03-17,WY,5,21,5
2022-03-16,WY,5,21,5
2022-03-15,WY,5,19,5
2022-03-14,WY,5,19,5
2022-03-13,WY,5,21,5
2022-03-12,WY,5,21,5
2022-03-11,WY,5,21,5
2022-03-10,WY,5,21,5
2022-03-09,WY,5,21,5
2022-03-08,WY,5,19,5
2022-03-07,WY,5,19,5
2022-03-06,WY,5,21,5
2022-03-05,WY,5,21,5
2022-03-04,WY,5,21,5
2022-03-03,WY,5,21,5
2022-03-02,WY,5,21,5
2022-03-01,WY,5,19,5
2022-02-28,WY,5,19,5
2022-02-27,WY,6,20,5
2022-02-26,WY,6,20,5
2022-02-25,WY,6,20,5
2022-02-24,WY,6,20,5
2022-02-23,WY,7,19,5
2022-02-22,WY,7,17,5
2022-02-21,WY,7,17,5
2022-02-20,WY,7,19,5
2022-02-19,WY,7,19,5
2022-02-18,WY,7,19,5
2022-02-17,WY,7,19,5
2022-02-16,WY,7,19,5
2022-02-15,WY,6,18,5
2022-02-14,WY,6,18,5
2022-02-13,WY,6,20,5
2022-02-12,WY,6,20,5
2022-02-11,WY,7,19,5
2022-02-10,WY,7,19,5
2022-02-09,WY,7,19,5
2022-02-08,WY,8,16,5
2022-02-07,WY,8,16,5
2022-02-06,WY,7,19,5
2022-02-05,WY,7,19,5
2022-02-04,WY,8,18,5
2022-02-03,WY,8,18,5
2022-02-02,WY,6,20,5
2022-02-01,WY,8,17,5
2022-01-31,WY,10,17,2
2022-01-30,WY,10,19,2
2022-01-29,WY,10,19,2
2022-01-28,WY,11,18,2
2022-01-27,WY,11,18,2
2022-01-26,WY,11,18,2
2022-01-25,WY,12,15,2
2022-01-24,WY,11,16,2
2022-01-23,WY,9,20,2
2022-01-22,WY,10,19,2
2022-01-21,WY,11,18,2
2022-01-20,WY,11,18,2
2022-01-19,WY,9,20,2
2022-01-18,WY,9,18,2
2022-01-17,WY,9,18,2
2022-01-16,WY,8,21,2
2022-01-15,WY,8,20,3
2022-01-14,WY,9,20,2
2022-01-13,WY,9,20,2
2022-01-12,WY,11,18,2
2022-01-11,WY,11,16,2
2022-01-10,WY,11,16,2
2022-01-09,WY,11,18,2
2022-01-08,WY,12,17,2
2022-01-07,WY,11,18,2
2022-01-06,WY,10,19,2
2022-01-05,WY,9,20,2
2022-01-04,WY,9,18,2
2022-01-03,WY,10,17,2
2022-01-02,WY,10,19,2
2022-01-01,WY,10,19,2
2021-12-31,WY,11,18,2
2021-12-30,WY,11,18,2
2021-12-29,WY,11,18,2
2021-12-28,WY,11,16,2
2021-12-27,WY,11,16,2
2021-12-26,WY,9,20,2
2021-12-25,WY,9,20,2
2021-12-24,WY,10,19,2
2021-12-23,WY,10,19,2
2021-12-22,WY,10,19,2
2021-12-21,WY,10,17,2
2021-12-20,WY,10,17,2
2021-12-19,WY,8,21,2
2021-12-18,WY,9,20,2
2021-12-17,WY,10,19,2
2021-12-16,WY,10,19,2
2021-12-15,WY,10,19,2
2021-12-14,WY,10,17,2
2021-12-13,WY,9,18,2
2021-12-12,WY,9,20,2
2021-12-11,WY,9,20,2
2021-12-10,WY,9,20,2
2021-12-09,WY,9,20,2
2021-12-08,WY,9,20,2
2021-12-07,WY,10,17,2
2021-12-06,WY,10,17,2
2021-12-05,WY,8,21,2
2021-12-04,WY,9,20,2
2021-12-03,WY,10,19,2
2021-12-02,WY,10,19,2
2021-12-01,WY,10,19,2
2021-11-30,WY,11,16,2
2021-11-29,WY,11,16,2
2021-11-28,WY,10,19,2
2021-11-27,WY,9,20,2
2021-11-26,WY,10,19,2
2021-11-25,WY,10,19,2
2021-11-24,WY,10,19,2
2021-11-23,WY,10,17,2
2021-11-22,WY,10,17,2
2021-11-21,WY,9,20,2
2021-11-20,WY,9,20,2
2021-11-19,WY,11,18,2
2021-11-18,WY,11,18,2
2021-11-17,WY,11,18,2
2021-11-16,WY,11,16,2
2021-11-15,WY,10,17,2
2021-11-14,WY,8,21,2
2021-11-13,WY,8,21,2
2021-11-12,WY,10,19,2
2021-11-11,WY,10,19,2
2021-11-10,WY,10,19,2
2021-11-09,WY,10,17,2
2021-11-08,WY,11,16,2
2021-11-07,WY,11,18,2
2021-11-06,WY,11,18,2
2021-11-05,WY,10,19,2
2021-11-04,WY,10,19,2
2021-11-03,WY,10,19,2
2021-11-02,WY,11,16,2
2021-11-01,WY,12,15,2
2021-10-31,WY,12,17,2
2021-10-30,WY,11,18,2
2021-10-29,WY,12,17,2
2021-10-28,WY,13,16,2
2021-10-27,WY,13,16,2
2021-10-26,WY,13,14,2
2021-10-25,WY,12,15,2
2021-10-24,WY,12,17,2
2021-10-23,WY,12,17,2
2021-10-22,WY,13,16,2
2021-10-21,WY,12,17,2
2021-10-20,WY,11,18,2
2021-10-19,WY,10,17,2
2021-10-18,WY,10,17,2
2021-10-17,WY,10,19,2
2021-10-16,WY,10,19,2
2021-10-15,WY,12,17,2
2021-10-14,WY,11,18,2
2021-10-13,WY,12,17,2
2021-10-12,WY,12,15,2
2021-10-11,WY,13,14,2
2021-10-10,WY,13,16,2
2021-10-09,WY,13,16,2
2021-10-08,WY,13,16,2
2021-10-07,WY,11,18,2
2021-10-06,WY,11,18,2
2021-10-05,WY,10,17,2
2021-10-04,WY,10,17,2
2021-10-03,WY,9,19,3
2021-10-02,WY,9,20,2
2021-10-01,WY,10,19,2
2021-09-30,WY,11,18,2
2021-09-29,WY,11,18,2
2021-09-28,WY,11,16,2
2021-09-27,WY,11,16,2
2021-09-26,WY,10,19,2
2021-09-25,WY,11,18,2
2021-09-24,WY,12,17,2
2021-09-23,WY,12,17,2
2021-09-22,WY,12,17,2
2021-09-21,WY,14,13,2
2021-09-20,WY,13,14,2
2021-09-19,WY,13,16,2
2021-09-18,WY,15,14,2
2021-09-17,WY,12,17,2
2021-09-16,WY,12,17,2
2021-09-15,WY,10,19,2
2021-09-14,WY,11,16,2
2021-09-13,WY,11,16,2
2021-09-12,WY,11,18,2
2021-09-11,WY,11,18,2
2021-09-10,WY,11,18,2
2021-09-09,WY,10,19,2
2021-09-08,WY,11,18,2
2021-09-07,WY,9,18,2
2021-09-06,WY,9,18,2
2021-09-05,WY,10,19,2
2021-09-04,WY,10,19,2
2021-09-03,WY,9,20,2
2021-09-02,WY,9,20,2
2021-09-01,WY,9,20,2
2021-08-31,WY,9,18,2
2021-08-30,WY,11,16,2
2021-08-29,WY,11,18,2
2021-08-28,WY,11,18,2
2021-08-27,WY,10,19,2
2021-08-26,WY,8,21,2
2021-08-25,WY,5,24,2
2021-08-24,WY,6,21,2
2021-08-23,WY,6,21,2
2021-08-22,WY,5,24,2
2021-08-21,WY,4,25,2
2021-08-20,WY,3,26,2
2021-08-19,WY,3,26,2
2021-08-18,WY,4,25,2
2021-08-17,WY,2,25,2
2021-08-16,WY,2,25,2
2021-08-15,WY,2,27,2
2021-08-14,WY,2,27,2
2021-08-13,WY,2,27,2
2021-08-12,WY,2,27,2
2021-08-11,WY,2,27,2
2021-08-10,WY,2,25,2
2021-08-09,WY,2,25,2
2021-08-08,WY,2,27,2
2021-08-07,WY,3,26,2
2021-08-06,WY,2,27,2
2021-08-05,WY,3,26,2
2021-08-04,WY,2,27,2
2021-08-03,WY,2,25,2
2021-08-02,WY,2,25,2
2021-08-01,WY,3,26,2
2021-07-31,WY,2,27,2
2021-07-30,WY,2,27,2
2021-07-29,WY,2,27,2
2021-07-28,WY,3,26,2
2021-07-27,WY,3,24,2
2021-07-26,WY,3,24,2
2021-07-25,WY,3,26,2
2021-07-24,WY,3,26,2
2021-07-23,WY,3,26,2
2021-07-22,WY,3,26,2
2021-07-21,WY,3,26,2
2021-07-20,WY,3,24,2
2021-07-19,WY,3,24,2
2021-07-18,WY,3,26,2
2021-07-17,WY,2,27,2
2021-07-16,WY,3,26,2
2021-07-15,WY,3,26,2
2021-07-14,WY,3,26,2
2021-07-13,WY,3,24,2
2021-07-12,WY,3,24,2
2021-07-11,WY,3,26,2
2021-07-10,WY,3,26,2
2021-07-09,WY,3,26,2
2021-07-08,WY,3,25,3
2021-07-07,WY,2,26,3
2021-07-06,WY,4,22,3
2021-07-05,WY,4,22,3
2021-07-04,WY,3,25,3
2021-07-03,WY,4,24,3
2021-07-02,WY,3,26,2
2021-07-01,WY,3,25,3
2021-06-30,WY,3,26,2
2021-06-29,WY,3,24,2
2021-06-28,WY,3,24,2
2021-06-27,WY,3,26,2
2021-06-26,WY,3,26,2
2021-06-25,WY,3,26,2
2021-06-24,WY,3,26,2
2021-06-23,WY,3,26,2
2021-06-22,WY,3,24,2
2021-06-21,WY,3,24,2
2021-06-20,WY,3,26,2
2021-06-19,WY,3,25,2
2021-06-18,WY,3,25,2
2021-06-17,WY,3,25,2
2021-06-16,WY,3,25,2
2021-06-15,WY,2,24,2
2021-06-14,WY,3,23,2
2021-06-13,WY,3,25,2
2021-06-12,WY,3,25,2
2021-06-11,WY,3,26,2
2021-06-10,WY,3,26,2
2021-06-09,WY,3,26,2
2021-06-08,WY,3,25,2
2021-06-07,WY,3,25,2
2021-06-06,WY,3,26,2
2021-06-05,WY,3,26,2
2021-06-04,WY,3,26,2
2021-06-03,WY,3,26,2
2021-06-02,WY,3,26,2
2021-06-01,WY,3,25,2
2021-05-31,WY,3,25,2
2021-05-30,WY,3,26,2
2021-05-29,WY,3,26,2
2021-05-28,WY,3,25,2
2021-05-27,WY,3,25,2
2021-05-26,WY,3,25,2
2021-05-25,WY,3,24,2
2021-05-24,WY,3,24,2
2021-05-23,WY,3,25,2
2021-05-22,WY,3,25,2
2021-05-21,WY,3,25,2
2021-05-20,WY,3,25,2
2021-05-19,WY,3,25,2
2021-05-18,WY,4,23,2
2021-05-17,WY,4,23,2
2021-05-16,WY,4,24,2
2021-05-15,WY,4,24,2
2021-05-14,WY,4,24,2
2021-05-13,WY,4,23,3
2021-05-12,WY,4,23,3
2021-05-11,WY,4,22,3
2021-05-10,WY,4,22,3
2021-05-09,WY,4,23,3
2021-05-08,WY,4,24,3
2021-05-07,WY,4,25,2
2021-05-06,WY,4,25,2
2021-05-05,WY,4,24,3
2021-05-04,WY,5,23,2
2021-05-03,WY,4,24,2
2021-05-02,WY,4,25,2
2021-05-01,WY,4,24,3
2021-04-30,WY,4,25,2
2021-04-29,WY,4,25,2
2021-04-28,WY,4,24,3
2021-04-27,WY,4,24,2
2021-04-26,WY,4,24,2
2021-04-25,WY,4,25,2
2021-04-24,WY,4,24,3
2021-04-23,WY,4,24,3
2021-04-22,WY,4,25,2
2021-04-21,WY,4,25,2
2021-04-20,WY,4,24,2
2021-04-19,WY,4,24,2
2021-04-18,WY,4,25,2
2021-04-17,WY,4,25,2
2021-04-16,WY,5,24,2
2021-04-15,WY,4,25,2
2021-04-14,WY,4,25,2
2021-04-13,WY,4,24,2
2021-04-12,WY,4,24,2
2021-04-11,WY,4,25,2
2021-04-10,WY,4,25,2
2021-04-09,WY,4,25,2
2021-04-08,WY,4,25,2
2021-04-07,WY,4,25,2
2021-04-06,WY,4,24,2
2021-04-05,WY,4,24,2
2021-04-04,WY,5,22,3
2021-04-03,WY,5,24,2
2021-04-02,WY,5,24,2
2021-04-01,WY,5,24,2
2021-03-31,WY,4,25,2
2021-03-30,WY,4,24,2
2021-03-29,WY,4,24,2
2021-03-28,WY,4,25,2
2021-03-27,WY,4,25,2
2021-03-26,WY,4,25,2
2021-03-25,WY,4,25,2
2021-03-24,WY,4,25,2
2021-03-23,WY,4,24,2
2021-03-22,WY,4,22,3
2021-03-21,WY,4,24,2
2021-03-20,WY,4,25,2
2021-03-19,WY,4,25,2
2021-03-18,WY,4,25,2
2021-03-17,WY,4,25,2
2021-03-16,WY,4,24,2
2021-03-15,WY,4,24,2
2021-03-14,WY,4,23,3
2021-03-13,WY,4,23,3
2021-03-12,WY,4,25,2
2021-03-11,WY,4,25,2
2021-03-10,WY,4,25,2
2021-03-09,WY,3,25,2
2021-03-08,WY,3,25,2
2021-03-07,WY,3,26,2
2021-03-06,WY,3,25,3
2021-03-05,WY,3,26,2
2021-03-04,WY,3,26,2
2021-03-03,WY,3,26,2
2021-03-02,WY,3,24,3
2021-03-01,WY,3,25,2
2021-02-28,WY,3,26,2
2021-02-27,WY,3,26,2
2021-02-26,WY,3,26,2
2021-02-25,WY,3,26,2
2021-02-24,WY,3,26,2
2021-02-23,WY,3,25,2
2021-02-22,WY,3,25,2
2021-02-21,WY,4,25,2
2021-02-20,WY,4,25,2
2021-02-19,WY,4,25,2
2021-02-18,WY,4,24,3
2021-02-17,WY,4,24,3
2021-02-16,WY,5,23,2
2021-02-15,WY,5,23,2
2021-02-14,WY,5,24,2
2021-02-13,WY,5,24,2
2021-02-12,WY,5,24,2
2021-02-11,WY,5,24,2
2021-02-10,WY,5,24,2
2021-02-09,WY,5,23,2
2021-02-08,WY,5,23,2
2021-02-07,WY,5,24,2
2021-02-06,WY,5,24,2
2021-02-05,WY,5,24,2
2021-02-04,WY,5,24,2
2021-02-03,WY,5,25,2
2021-02-02,WY,5,24,2
2021-02-01,WY,5,24,2
2021-01-31,WY,5,25,2
2021-01-30,WY,5,25,2
2021-01-29,WY,5,25,2
2021-01-28,WY,5,24,3
2021-01-27,WY,6,24,2
2021-01-26,WY,6,23,2
2021-01-25,WY,6,21,3
2021-01-24,WY,6,21,4
2021-01-23,WY,5,23,3
2021-01-22,WY,4,25,2
2021-01-21,WY,5,24,2
2021-01-20,WY,5,24,2
2021-01-19,WY,5,23,2
2021-01-18,WY,5,22,3
2021-01-17,WY,5,23,3
2021-01-16,WY,6,23,2
2021-01-15,WY,6,23,2
2021-01-14,WY,6,23,2
2021-01-13,WY,6,23,2
2021-01-12,WY,5,23,2
2021-01-11,WY,5,23,2
2021-01-10,WY,5,24,2
2021-01-09,WY,4,25,2
2021-01-08,WY,4,25,2
2021-01-07,WY,5,24,2
2021-01-06,WY,4,25,2
2021-01-05,WY,5,23,2
2021-01-04,WY,5,23,2
2021-01-03,WY,5,24,2
2021-01-02,WY,5,24,2
2021-01-01,WY,5,24,2
2020-12-31,WY,6,23,2
2020-12-30,WY,6,23,2
2020-12-29,WY,6,22,2
2020-12-28,WY,4,24,2
2020-12-27,WY,5,24,2
2020-12-26,WY,5,24,2
2020-12-25,WY,5,24,2
2020-12-24,WY,6,23,2
2020-12-23,WY,7,22,2
2020-12-22,WY,7,21,2
2020-12-21,WY,7,21,2
2020-12-20,WY,7,22,2
2020-12-19,WY,7,22,2
2020-12-18,WY,6,23,2
2020-12-17,WY,6,23,2
2020-12-16,WY,6,23,2
2020-12-15,WY,6,22,2
2020-12-14,WY,7,21,2
2020-12-13,WY,7,22,2
2020-12-12,WY,7,22,2
2020-12-11,WY,7,22,2
2020-12-10,WY,6,23,2
2020-12-09,WY,7,22,2
2020-12-08,WY,7,21,2
2020-12-07,WY,7,21,2
2020-12-06,WY,7,22,2
2020-12-05,WY,7,22,2
2020-12-04,WY,7,22,2
2020-12-03,WY,7,22,2
2020-12-02,WY,8,21,2
2020-12-01,WY,8,20,2
2020-11-30,WY,9,19,2
2020-11-29,WY,9,20,2
2020-11-28,WY,9,20,2
2020-11-27,WY,8,21,2
2020-11-26,WY,9,20,2
2020-11-25,WY,8,21,2
2020-11-24,WY,8,20,2
2020-11-23,WY,9,19,2
2020-11-22,WY,9,20,2
2020-11-21,WY,8,21,2
2020-11-20,WY,9,20,2
2020-11-19,WY,9,20,2
2020-11-18,WY,8,21,2
2020-11-17,WY,8,20,2
2020-11-16,WY,6,23,2
2020-11-15,WY,6,23,2
2020-11-14,WY,6,23,2
2020-11-13,WY,7,22,2
2020-11-12,WY,7,22,2
2020-11-11,WY,7,22,2
2020-11-10,WY,7,22,2
2020-11-09,WY,7,21,2
2020-11-08,WY,8,21,2
2020-11-07,WY,8,21,2
2020-11-06,WY,8,21,2
2020-11-05,WY,8,21,2
2020-11-04,WY,8,21,2
2020-11-03,WY,7,21,2
2020-11-02,WY,7,21,2
2020-11-01,WY,7,21,2
2020-10-31,WY,7,21,2
2020-10-30,WY,8,20,2
2020-10-29,WY,6,20,2
2020-10-28,WY,7,18,4
2020-10-27,WY,7,16,5
2020-10-26,WY,7,16,5
2020-10-25,WY,6,19,5
2020-10-24,WY,6,19,5
2020-10-23,WY,6,20,5
2020-10-22,WY,6,20,5
2020-10-21,WY,5,21,5
2020-10-20,WY,5,20,5
2020-10-19,WY,6,20,4
2020-10-18,WY,6,21,4
2020-10-17,WY,6,21,4
2020-10-16,WY,6,21,4
2020-10-15,WY,7,20,4
2020-10-14,WY,5,22,4
2020-10-13,WY,5,20,4
2020-10-12,WY,4,21,4
2020-10-11,WY,3,22,4
2020-10-10,WY,3,22,4
2020-10-09,WY,3,21,5
2020-10-08,WY,3,21,5
2020-10-07,WY,3,20,5
2020-10-06,WY,3,19,5
2020-10-05,WY,3,19,5
2020-10-04,WY,3,19,5
2020-10-03,WY,3,19,5
2020-10-02,WY,3,21,6
2020-10-01,WY,3,21,6
2020-09-30,WY,3,21,6
2020-09-29,WY,3,21,6
2020-09-28,WY,2,22,6
2020-09-27,WY,2,22,6
2020-09-26,WY,2,22,6
2020-09-25,WY,2,22,6
2020-09-24,WY,2,22,6
2020-09-23,WY,2,22,6
2020-09-22,WY,2,21,6
2020-09-21,WY,2,21,6
2020-09-20,WY,2,21,6
2020-09-19,WY,2,21,6
2020-09-18,WY,2,21,6
2020-09-17,WY,2,21,6
2020-09-16,WY,3,20,5
2020-09-15,WY,2,21,6
2020-09-14,WY,2,21,6
2020-09-13,WY,2,21,6
2020-09-12,WY,2,21,6
2020-09-11,WY,2,21,6
2020-09-10,WY,2,21,6
2020-09-09,WY,2,20,6
2020-09-08,WY,2,20,6
2020-09-07,WY,2,21,6
2020-09-06,WY,2,21,6
2020-09-05,WY,2,20,6
2020-09-04,WY,3,19,6
2020-09-03,WY,3,19,5
2020-09-02,WY,2,20,5
2020-09-01,WY,2,19,5
2020-08-31,WY,2,19,5
2020-08-30,WY,2,17,8
2020-08-29,WY,2,18,8
2020-08-28,WY,2,19,7
2020-08-27,WY,2,19,7
2020-08-26,WY,2,19,7
2020-08-25,WY,2,19,7
2020-08-24,WY,2,19,7
2020-08-23,WY,2,19,7
2020-08-22,WY,2,18,8
2020-08-21,WY,3,17,8
2020-08-20,WY,3,17,8
2020-08-19,WY,4,14,9
2020-08-18,WY,4,14,12
2020-08-17,WY,4,16,10
2020-08-16,WY,2,17,11
2020-08-15,WY,4,20,6
2020-08-14,WY,4,21,5
2020-08-13,WY,4,21,5
2020-08-12,WY,3,21,6
2020-08-11,WY,3,21,6
2020-08-10,WY,2,21,7
2020-08-09,WY,4,20,6
2020-08-08,WY,4,20,6
2020-08-07,WY,4,20,6
2020-08-06,WY,3,20,7
2020-08-05,WY,4,20,6
2020-08-04,WY,2,21,7
2020-08-03,WY,3,19,7
2020-08-02,WY,2,19,8
2020-08-01,WY,2,19,8
